[20.0, 200000.0]
Avg test accuracy: 51.462964106783694
Time:  20.112070083618164
     M   95.6253   49.2395   2.661
   JPM   96.1484   49.4297   -2.569
   AMD   88.6115   49.9049   -1.599
   BAC   94.2225   50.0000   -0.377
   XOM   96.7190   50.0000   2.080
   CVX   98.0504   50.0951   0.554
    VZ   93.9372   50.3802   0.188
 GOOGL   100.0000   52.8512   0.000
  PYPL   99.4083   55.0296   0.000
     V   99.3494   57.6994   0.083

[2000.0, 200000.0]
Avg test accuracy: 51.462964106783694
Time:  21.20276117324829
     M   95.6253   49.2395   2.661
   JPM   96.1484   49.4297   -2.569
   AMD   88.6353   49.9049   -1.599
   BAC   94.2463   50.0000   -0.377
   XOM   96.7190   50.0000   2.080
   CVX   98.0742   50.0951   0.554
    VZ   93.9610   50.3802   0.188
 GOOGL   100.0000   52.8512   0.000
  PYPL   99.4083   55.0296   0.000
     V   99.3494   57.6994   0.083

[2000.0, 0.002]
Avg test accuracy: 51.56003634796017
Time:  20.889752864837646
    VZ   51.0461   49.2395   -2.033
   CVX   52.2825   49.2395   -0.765
     M   51.2126   49.3346   0.291
   AMD   51.3790   50.0000   -1.202
   JPM   52.7342   51.0456   -1.607
   BAC   51.8545   51.1407   -0.749
   XOM   52.2825   52.2814   1.271
 GOOGL   52.7323   52.2949   0.264
  PYPL   51.6272   54.4379   -1.096
     V   54.1822   56.5863   0.198

[0.2, 20.0]
Avg test accuracy: 51.85267772143936
Time:  9.596068859100342
   JPM   54.7313   49.9049   -4.058
   AMD   54.2083   50.4753   -1.700
   BAC   57.4417   51.1407   -1.772
    VZ   56.3481   51.1407   1.303
   CVX   58.2026   51.2357   1.034
   XOM   57.1327   51.3308   -0.298
     M   56.6096   51.6160   1.520
  PYPL   58.7278   52.6627   0.253
 GOOGL   52.4191   52.9903   0.034
     V   57.9926   56.0297   -0.715

[20.0, 20.0]
Avg test accuracy: 51.930649940276034
Time:  22.7266104221344
   AMD   59.0823   49.6198   -1.720
    VZ   59.4151   50.8555   -0.836
   JPM   63.4570   50.8555   -0.514
  PYPL   69.0828   50.8876   0.457
   XOM   62.4108   51.1407   1.413
   BAC   61.3172   51.9962   -0.571
 GOOGL   97.8768   52.2949   -2.218
     M   61.1032   53.0418   2.341
   CVX   64.3842   53.3270   2.178
     V   73.5130   55.2876   0.226

[0.2, 0.2]
Avg test accuracy: 52.063933269050565
Time:  9.434016466140747
    VZ   51.6405   49.1445   -1.602
     M   51.7356   49.4297   0.094
   AMD   51.7832   49.5247   -1.171
   CVX   53.2573   50.1901   -0.542
   BAC   51.9734   51.3308   -1.310
   JPM   52.4964   51.3308   -2.200
 GOOGL   56.4219   52.9903   -2.885
   XOM   53.1384   53.0418   1.608
  PYPL   51.4793   55.0296   0.000
     V   54.6004   58.6271   0.222

[200000.0, 0.002]
Avg test accuracy: 52.33359173399133
Time:  306.8556327819824
     M   51.1650   49.0494   0.818
    VZ   51.8545   49.6198   -1.312
   AMD   51.7356   49.7148   -1.432
   CVX   53.1146   49.8099   -0.965
   BAC   52.1636   51.9962   -1.365
  PYPL   53.2544   52.6627   -2.689
   JPM   52.6153   53.4221   0.526
 GOOGL   53.5329   53.6857   0.854
   XOM   52.9957   54.5627   2.037
     V   54.9257   58.8126   0.121

[2000.0, 0.2]
Avg test accuracy: 52.394500235514684
Time:  445.4414255619049
     M   51.9258   49.0494   1.005
   CVX   54.1369   49.5247   -0.319
    VZ   52.7580   49.8099   -0.824
   AMD   53.6377   50.8555   -1.409
 GOOGL   66.0982   50.9040   -1.178
   BAC   53.1146   51.9011   -0.836
   JPM   53.8279   52.4715   0.027
   XOM   53.9467   54.1825   2.083
  PYPL   55.7692   56.8047   -0.132
     V   57.2026   58.4416   0.133

[20.0, 0.2]
Avg test accuracy: 52.54292024398935
Time:  13.38224458694458
     M   52.0209   48.3840   -0.286
    VZ   51.9020   50.4753   -1.605
   CVX   53.0908   50.4753   0.282
   AMD   53.4237   50.5703   -1.386
   JPM   53.3048   51.9011   -1.312
   BAC   52.9244   52.6616   -0.877
 GOOGL   61.8865   53.4075   -1.349
   XOM   53.3761   53.8973   1.759
  PYPL   52.8107   55.0296   -0.536
     V   56.1803   58.6271   0.024

Daily w/ news- SVM###
[20.0, 200000.0]
Avg test accuracy: 51.425399824243854
Time:  24.446046590805054
   AMD   88.8255   49.4297   -1.620
     M   95.6253   49.5247   2.694
   BAC   94.2225   49.6198   -0.410
   JPM   96.1484   49.6198   -2.612
   CVX   98.0742   50.0000   0.553
   XOM   96.7427   50.0951   2.213
    VZ   93.9848   50.5703   0.771
 GOOGL   100.0000   52.8512   0.000
  PYPL   99.4083   55.0296   0.000
     V   99.3494   57.5139   0.067

[2000.0, 200000.0]
Avg test accuracy: 51.425399824243854
Time:  24.143146276474
   AMD   88.8493   49.4297   -1.620
     M   95.6253   49.5247   2.694
   BAC   94.2463   49.6198   -0.410
   JPM   96.1484   49.6198   -2.612
   CVX   98.0980   50.0000   0.553
   XOM   96.7427   50.0951   2.213
    VZ   94.0086   50.5703   0.771
 GOOGL   100.0000   52.8512   0.000
  PYPL   99.4083   55.0296   0.000
     V   99.3494   57.5139   0.067

[2000.0, 0.002]
Avg test accuracy: 51.905113301487326
Time:  29.28856372833252
   CVX   52.3300   49.0494   -0.783
     M   51.2126   49.4297   0.294
    VZ   51.0699   49.6198   -2.039
   AMD   51.3790   50.0000   -1.202
   JPM   52.7342   51.0456   -1.607
   BAC   51.8545   51.1407   -0.749
 GOOGL   52.7323   52.4339   0.294
   XOM   52.4964   53.2319   0.942
  PYPL   51.7751   55.0296   -0.349
     V   54.1822   58.0705   0.314

[0.2, 20.0]
Avg test accuracy: 51.92425418325105
Time:  13.482433557510376
    VZ   56.3481   49.4297   -1.325
   AMD   54.3985   50.2852   -1.444
   JPM   54.7313   50.4753   -3.469
   BAC   57.4417   50.8555   -1.673
     M   56.6096   51.0456   1.511
   CVX   58.2026   51.1407   1.128
   XOM   57.1089   51.9962   1.163
 GOOGL   52.4191   52.9903   0.034
  PYPL   55.3254   54.4379   -0.086
     V   57.8996   56.5863   -0.336

[20.0, 20.0]
Avg test accuracy: 52.33151414153015
Time:  33.02026343345642
   AMD   59.3913   49.5247   -1.586
    VZ   59.5578   50.4753   -2.009
   JPM   63.4570   51.0456   -0.424
 GOOGL   97.8768   51.3213   -0.909
   XOM   62.4584   51.4259   1.532
   BAC   61.3172   51.9011   -0.476
     M   61.1032   52.2814   2.712
   CVX   64.8597   52.9468   2.162
  PYPL   73.9645   55.6213   1.182
     V   73.5595   56.7718   0.348

[0.2, 0.2]
Avg test accuracy: 52.19075068622501
Time:  13.173038005828857
    VZ   51.6881   49.2395   -1.800
     M   51.7356   49.3346   0.095
   AMD   51.7832   49.6198   -1.169
   CVX   53.2335   50.1901   -0.542
   BAC   51.9734   51.4259   -1.311
   JPM   52.4964   51.4259   -2.184
 GOOGL   56.4219   53.4075   -2.699
   XOM   53.1384   53.4221   1.582
  PYPL   51.4793   55.0296   0.000
     V   54.6004   58.8126   0.261

[200000.0, 0.002]
Avg test accuracy: 52.75626541262958
Time:  344.90098547935486
    VZ   51.8545   49.1445   -1.208
     M   51.1650   49.2395   0.874
   AMD   51.9258   50.0000   -1.368
   CVX   53.0908   50.1901   -0.503
   BAC   52.1636   51.3308   -1.206
   JPM   52.6153   53.3270   0.510
 GOOGL   53.5329   53.6857   0.854
  PYPL   52.9586   55.0296   0.140
   XOM   53.1384   55.1331   1.595
     V   54.9721   60.4824   0.264

[2000.0, 0.2]
Avg test accuracy: 52.25708454833186
Time:  522.242342710495
     M   51.9258   49.0494   2.132
   CVX   54.0894   49.9049   -0.008
    VZ   52.4964   50.2852   -0.895
   AMD   53.9943   50.5703   -1.317
 GOOGL   66.0982   50.6259   -1.414
   BAC   53.1146   51.6160   -0.845
   JPM   53.8279   52.8517   -0.141
   XOM   54.1369   54.7529   1.905
  PYPL   55.9172   55.0296   -0.509
     V   57.4814   57.8850   0.018

[20.0, 0.2]
Avg test accuracy: 52.66771470328011
Time:  17.64587688446045
     M   52.0209   48.5741   -0.184
    VZ   52.1874   49.4297   -1.354
   AMD   53.5426   50.5703   -1.385
   CVX   53.3048   50.8555   0.357
   JPM   53.3048   51.9962   -0.989
   BAC   52.9244   52.5665   -0.880
 GOOGL   61.8865   53.4075   -1.349
   XOM   53.5426   54.6578   1.680
  PYPL   53.5503   55.6213   -0.408
     V   55.9480   58.9981   0.111