18.695000,18.960000,19.050000,18.575000,0.265000,0.475000,1
18.570000,18.690000,18.700000,18.470000,0.120000,0.230000,1
18.490000,18.565000,18.605400,18.420000,0.075000,0.185400,1
18.460000,18.490000,18.498600,18.380100,0.030000,0.118500,1
18.405000,18.455000,18.500000,18.370000,0.050000,0.130000,2
18.490000,18.410000,18.500000,18.410000,-0.080000,0.090000,1
18.490000,18.481000,18.510000,18.460000,-0.009000,0.050000,2
18.750000,18.890000,18.890000,18.460000,0.140000,0.430000,2
19.050200,18.750000,19.140000,18.730000,-0.300200,0.410000,2
19.273500,19.057000,19.348700,19.057000,-0.216500,0.291700,1
19.245000,19.280000,19.340000,19.180000,0.035000,0.160000,1
19.210000,19.250000,19.250000,19.130000,0.040000,0.120000,2
19.375000,19.210000,19.380000,19.210000,-0.165000,0.170000,2
19.440000,19.375000,19.440000,19.330000,-0.065000,0.110000,1
19.230000,19.519000,19.670000,19.080000,0.289000,0.590000,2
19.260000,19.240000,19.380000,19.190000,-0.020000,0.190000,2
19.390000,19.260000,19.440000,19.240000,-0.130000,0.200000,2
19.490100,19.380000,19.530000,19.350000,-0.110100,0.180000,2
19.694800,19.496600,19.710000,19.496600,-0.198200,0.213400,1
19.540000,19.690000,19.699000,19.480000,0.150000,0.219000,2
19.580000,19.550000,19.600000,19.460000,-0.030000,0.140000,1
19.530000,19.500000,19.760000,19.460000,-0.030000,0.300000,1
19.480000,19.530000,19.550000,19.375000,0.050000,0.175000,1
19.290000,19.480000,19.490000,19.270000,0.190000,0.220000,2
19.545000,19.290000,19.600000,19.255000,-0.255000,0.345000,2
19.630000,19.549700,19.650000,19.480000,-0.080300,0.170000,1
19.595000,19.630000,19.660000,19.575000,0.035000,0.085000,1
19.580000,19.595000,19.630000,19.550000,0.015000,0.080000,1
19.480000,19.580000,19.700000,19.430000,0.100000,0.270000,1
19.355000,19.480000,19.500000,19.300000,0.125000,0.200000,1
19.353900,19.345000,19.460000,19.340000,-0.008900,0.120000,1
19.270000,19.356300,19.356300,19.220000,0.086300,0.136300,1
19.270000,19.270000,19.350000,19.250000,0.000000,0.100000,1
19.230000,19.275000,19.325000,19.225000,0.045000,0.100000,1
19.100000,19.230000,19.235000,19.080000,0.130000,0.155000,2
19.130000,19.080000,19.470000,19.025000,-0.050000,0.445000,1
19.130000,19.136700,19.180000,19.070000,0.006700,0.110000,2
19.160000,19.121000,19.260000,19.110100,-0.039000,0.149900,1
19.001000,19.167500,19.185000,18.960000,0.166500,0.225000,1
18.860000,19.005000,19.009000,18.850000,0.145000,0.159000,2
19.005000,18.860000,19.020000,18.850000,-0.145000,0.170000,2
19.055000,19.005000,19.065000,18.980000,-0.050000,0.085000,2
19.764300,19.170000,19.900000,19.130000,-0.594300,0.770000,1
19.610000,19.780000,19.880000,19.610000,0.170000,0.270000,1
19.609900,19.612700,19.645000,19.390100,0.002800,0.254900,2
19.675000,19.600000,19.730000,19.595000,-0.075000,0.135000,2
19.880000,19.680000,19.929900,19.600000,-0.200000,0.329900,1
19.702500,19.880000,19.890000,19.685000,0.177500,0.205000,2
19.725000,19.710000,19.780000,19.695000,-0.015000,0.085000,2
20.140000,19.970000,20.230000,19.920000,-0.170000,0.310000,1
19.955000,20.153500,20.200000,19.915000,0.198500,0.285000,1
19.870000,19.969800,19.969800,19.830000,0.099800,0.139800,1
19.710000,19.860000,19.885000,19.630000,0.150000,0.255000,2
19.885100,19.710000,20.030000,19.700000,-0.175100,0.330000,2
20.045000,19.880000,20.120000,19.865000,-0.165000,0.255000,1
20.030000,20.050000,20.120000,20.020000,0.020000,0.100000,1
19.445000,19.830000,20.099000,19.390000,0.385000,0.709000,2
19.555000,19.440000,19.565900,19.201600,-0.115000,0.364300,2
19.709000,19.555400,19.780000,19.540000,-0.153600,0.240000,2
19.880000,19.710000,19.900000,19.710000,-0.170000,0.190000,1
19.600100,19.880000,19.900000,19.590000,0.279900,0.310000,2
19.740000,19.600000,19.770000,19.580000,-0.140000,0.190000,1
19.690000,19.740000,19.805000,19.670000,0.050000,0.135000,2
19.732900,19.870000,20.068500,19.490000,0.137100,0.578500,1
19.470000,19.730000,19.778100,19.425000,0.260000,0.353100,1
19.439000,19.470000,19.550000,19.420800,0.031000,0.129200,1
19.420100,19.440000,19.520000,19.340000,0.019900,0.180000,1
19.280000,19.424000,19.455000,19.280000,0.144000,0.175000,2
19.304600,19.280000,19.400000,19.250000,-0.024600,0.150000,2
19.330000,19.300000,19.350000,19.260000,-0.030000,0.090000,2
19.465000,19.120000,19.510000,18.730000,-0.345000,0.780000,2
19.680000,19.460000,19.688400,19.425000,-0.220000,0.263400,2
19.720000,19.680000,19.770000,19.650000,-0.040000,0.120000,1
19.645000,19.720000,19.725000,19.590100,0.075000,0.134900,2
19.750000,19.640000,19.750000,19.550000,-0.110000,0.200000,2
19.760000,19.750000,19.815000,19.700000,-0.010000,0.115000,1
19.760000,19.755000,19.776800,19.700000,-0.005000,0.076800,1
19.465500,19.795000,19.856000,19.355000,0.329500,0.501000,2
19.644600,19.456200,19.656400,19.421600,-0.188400,0.234800,2
19.744400,19.630000,19.810000,19.625000,-0.114400,0.185000,2
19.860000,19.750000,19.869000,19.670100,-0.110000,0.198900,2
19.985600,19.850000,20.075000,19.850000,-0.135600,0.225000,2
19.995000,19.985000,20.017500,19.870000,-0.010000,0.147500,1
19.970000,20.000000,20.020000,19.950000,0.030000,0.070000,2
20.283200,19.980000,20.390000,19.865000,-0.303200,0.525000,1
20.210100,20.280000,20.325000,20.150000,0.069900,0.175000,1
20.190000,20.220000,20.300000,20.170000,0.030000,0.130000,2
20.200000,20.200000,20.245000,20.160000,0.000000,0.085000,2
20.250000,20.200000,20.290000,20.190000,-0.050000,0.100000,2
20.321000,20.250000,20.330100,20.205000,-0.071000,0.125100,2
20.390000,20.320000,20.415000,20.310000,-0.070000,0.105000,1
20.385000,20.270000,20.530000,20.220000,-0.115000,0.310000,2
20.595000,20.390000,20.685000,20.390000,-0.205000,0.295000,2
20.685600,20.600000,20.800000,20.541800,-0.085600,0.258200,2
20.819900,20.690000,20.840000,20.690000,-0.129900,0.150000,1
20.730000,20.810000,20.895000,20.675000,0.080000,0.220000,2
20.850000,20.720000,20.880000,20.720000,-0.130000,0.160000,2
20.890000,20.850000,20.920000,20.835000,-0.040000,0.085000,2
21.767600,21.190000,21.940000,21.150000,-0.577600,0.790000,1
21.600000,21.780000,21.884900,21.385000,0.180000,0.499900,2
21.950100,21.590000,21.970000,21.540000,-0.360100,0.430000,1
21.916800,21.940000,22.140000,21.870000,0.023200,0.270000,2
22.240000,21.940000,22.290000,21.915000,-0.300000,0.375000,1
22.230000,22.235000,22.290000,22.130000,0.005000,0.160000,2
22.300000,22.225000,22.320000,22.175000,-0.075000,0.145000,2
23.135000,22.820000,23.290000,22.680000,-0.315000,0.610000,2
23.460000,23.136500,23.820000,23.110000,-0.323500,0.710000,2
23.599000,23.460100,23.660000,23.270000,-0.138900,0.390000,1
23.340000,23.578500,23.590000,23.325000,0.238500,0.265000,2
23.730000,23.330000,23.730000,23.221000,-0.400000,0.509000,2
23.840100,23.730000,23.850000,23.580000,-0.110100,0.270000,2
23.970000,23.850000,24.000000,23.825000,-0.120000,0.175000,2
25.340000,24.940000,25.430000,24.630000,-0.400000,0.800000,2
25.670000,25.349000,25.860000,25.240000,-0.321000,0.620000,2
26.200000,25.675400,26.250000,25.530000,-0.524600,0.720000,2
26.762500,26.205000,26.795000,26.180000,-0.557500,0.615000,1
25.690000,26.770000,27.300000,25.600000,1.080000,1.700000,1
25.110100,25.706500,25.830000,24.850000,0.596400,0.980000,2
25.250000,25.110000,25.410000,24.960000,-0.140000,0.450000,2
25.280000,25.512500,26.175000,24.960000,0.232500,1.215000,1
24.515000,25.300000,25.300000,24.420000,0.785000,0.880000,2
24.766100,24.514500,25.000000,24.040000,-0.251600,0.960000,1
24.709900,24.770000,25.239000,24.665000,0.060100,0.574000,2
24.890000,24.700000,24.940100,24.689000,-0.190000,0.251100,2
25.009900,24.890000,25.190000,24.876400,-0.119900,0.313600,2
25.050000,25.000000,25.062400,24.831900,-0.050000,0.230500,1
24.280000,24.390000,24.740000,24.010000,0.110000,0.730000,2
24.714500,24.280000,24.780000,24.130000,-0.434500,0.650000,1
24.540000,24.690100,24.850000,24.530000,0.150100,0.320000,2
24.690000,24.539900,24.830000,24.370000,-0.150100,0.460000,2
25.264100,24.686700,25.400900,24.670000,-0.577400,0.730900,1
25.181000,25.250000,25.290000,25.111000,0.069000,0.179000,2
25.190000,25.190000,25.330000,25.170000,0.000000,0.160000,2
25.420000,25.280000,25.540000,24.760100,-0.140000,0.779900,1
25.204800,25.410000,25.670000,25.080000,0.205200,0.590000,2
25.490000,25.210000,25.530100,25.165000,-0.280000,0.365100,1
25.060000,25.486100,25.490000,24.920000,0.426100,0.570000,1
24.895000,25.070000,25.120000,24.850000,0.175000,0.270000,2
24.950000,24.899900,25.080000,24.815000,-0.050100,0.265000,1
24.890000,24.955000,24.970000,24.842400,0.065000,0.127600,1
24.870000,24.850000,25.230000,24.720000,-0.020000,0.510000,2
25.129100,24.880000,25.195000,24.880000,-0.249100,0.315000,2
25.150000,25.127900,25.156200,24.932500,-0.022100,0.223700,1
25.120000,25.146000,25.230000,25.094100,0.026000,0.135900,1
25.005000,25.125000,25.150000,25.000000,0.120000,0.150000,2
25.063000,25.010000,25.170000,24.990000,-0.053000,0.180000,2
25.160100,25.070000,25.240000,25.070000,-0.090100,0.170000,2
26.325700,25.610000,26.619900,25.570000,-0.715700,1.049900,2
27.000000,26.340000,27.040000,26.325000,-0.660000,0.715000,2
27.390000,27.010000,27.400000,26.850000,-0.380000,0.550000,2
27.660000,27.390000,28.060000,27.350800,-0.270000,0.709200,2
27.800000,27.665000,27.970000,27.290000,-0.135000,0.680000,2
28.105000,27.794100,28.110000,27.635000,-0.310900,0.475000,1
28.070000,28.105000,28.110000,27.865000,0.035000,0.245000,1
27.340100,29.350000,29.930000,26.840000,2.009900,3.090000,2
28.270000,27.340000,28.560000,27.020000,-0.930000,1.540000,2
29.139000,28.277900,29.150000,28.090000,-0.861100,1.060000,1
29.017500,29.130000,29.290000,28.550000,0.112500,0.740000,1
28.680000,29.020000,29.029000,28.520000,0.340000,0.509000,1
28.410000,28.675000,28.790000,28.050000,0.265000,0.740000,2
28.510000,28.410000,28.590000,28.380100,-0.100000,0.209900,1
27.993200,28.120000,28.320000,27.190000,0.126800,1.130000,1
27.900000,27.979900,28.070100,27.370000,0.079900,0.700100,2
28.069000,27.890000,28.579900,27.800000,-0.179000,0.779900,2
28.126600,28.070100,28.300000,27.943600,-0.056500,0.356400,1
28.060000,28.130000,28.240000,28.020000,0.070000,0.220000,1
27.880000,28.060000,28.130000,27.725000,0.180000,0.405000,1
27.830000,27.880000,27.910000,27.730000,0.050000,0.180000,2
28.040000,26.980000,28.140000,26.800000,-1.060000,1.340000,2
28.070000,28.039900,28.270000,27.895000,-0.030100,0.375000,1
27.260000,28.070000,28.070000,27.240000,0.810000,0.830000,2
27.660000,27.270000,27.930000,27.270000,-0.390000,0.660000,1
27.640000,27.665000,27.740000,27.414300,0.025000,0.325700,1
27.601000,27.650000,27.710000,27.510000,0.049000,0.200000,1
27.390000,27.600000,27.630000,27.240000,0.210000,0.390000,2
28.720000,28.120000,28.740000,27.850000,-0.600000,0.890000,2
29.020000,28.721500,29.360000,28.721500,-0.298500,0.638500,2
29.100000,29.030000,29.279900,28.720000,-0.070000,0.559900,2
29.180000,29.105000,29.250000,28.860000,-0.075000,0.390000,2
29.570000,29.190000,29.580000,29.110000,-0.380000,0.470000,2
29.705000,29.560000,29.723200,29.425000,-0.145000,0.298200,2
29.890000,29.710000,29.922000,29.620000,-0.180000,0.302000,1
29.860000,30.050000,30.590000,29.380000,0.190000,1.210000,2
30.250000,29.845000,30.338900,29.437200,-0.405000,0.901700,1
29.930000,30.230000,30.305000,29.831600,0.300000,0.473400,1
29.860000,29.920000,30.060000,29.670000,0.060000,0.390000,2
30.050000,29.850000,30.090000,29.800000,-0.200000,0.290000,1
29.940000,30.047200,30.130000,29.850000,0.107200,0.280000,2
30.100000,29.935000,30.120000,29.860000,-0.165000,0.260000,1
29.720000,29.929900,30.210000,29.450000,0.209900,0.760000,2
30.360000,29.759000,30.520000,29.570000,-0.601000,0.950000,2
30.870000,30.350000,30.980000,30.240000,-0.520000,0.740000,2
31.600000,30.865000,31.800000,30.740000,-0.735000,1.060000,2
31.770000,31.605000,31.960000,31.300000,-0.165000,0.660000,2
32.180000,31.775000,32.220000,31.765000,-0.405000,0.455000,2
32.220000,32.185000,32.290000,31.880000,-0.035000,0.410000,2
33.400000,33.124900,34.087500,32.930000,-0.275100,1.157500,1
33.095000,33.400100,33.667700,32.272900,0.305100,1.394800,1
32.769700,33.070000,33.360000,32.685000,0.300300,0.675000,1
31.830000,32.760000,33.080000,31.760100,0.930000,1.319900,1
30.960000,31.840000,31.840000,30.690000,0.880000,1.150000,1
30.144000,30.960000,31.420000,29.920000,0.816000,1.500000,2
30.475000,30.000000,30.600000,29.940100,-0.475000,0.659900,2
31.550000,31.430000,31.850000,30.545000,-0.120000,1.305000,2
31.882100,31.559900,32.110000,31.370000,-0.322200,0.740000,2
31.939900,31.900000,32.030000,31.430000,-0.039900,0.600000,2
32.330000,31.929900,32.540000,31.860000,-0.400100,0.680000,2
32.850000,32.335000,33.086400,32.260000,-0.515000,0.826400,1
32.420000,32.860000,33.030000,32.380000,0.440000,0.650000,2
32.720000,32.420000,32.770000,32.420000,-0.300000,0.350000,1
32.634500,31.740000,33.028500,31.600000,-0.894500,1.428500,2
32.690000,32.650000,32.880000,31.860000,-0.040000,1.020000,1
32.580000,32.531100,33.030000,32.120000,-0.048900,0.910000,2
32.795000,32.531100,33.030000,32.460000,-0.263900,0.570000,1
32.580000,32.780000,32.780000,32.120000,0.200000,0.660000,2
32.634500,32.590000,32.783000,32.390000,-0.044500,0.393000,1
32.015000,32.650000,32.650000,31.950000,0.635000,0.700000,2
32.050000,32.019000,32.150000,31.860000,-0.031000,0.290000,2
32.540000,32.059900,32.610000,31.995000,-0.480100,0.615000,2
32.690000,32.531000,32.880000,32.527200,-0.159000,0.352800,2
32.910000,32.690000,32.920000,32.590000,-0.220000,0.330000,1
32.890000,32.920000,32.940000,32.728300,0.030000,0.211700,2
33.090000,32.900000,33.230000,32.900000,-0.190000,0.330000,1
33.076200,33.080000,33.180000,32.920000,0.003800,0.260000,1
32.700000,33.080000,33.110000,32.692000,0.380000,0.418000,2
32.870000,32.705000,32.999900,32.685000,-0.165000,0.314900,2
32.894300,32.860000,32.970000,32.740000,-0.034300,0.230000,1
32.500000,32.890000,32.890000,32.390000,0.390000,0.500000,2
32.600000,32.503900,32.660000,32.240000,-0.096100,0.420000,2
32.730000,32.600000,32.800000,32.440000,-0.130000,0.360000,2
32.900000,32.740000,32.960000,32.630000,-0.160000,0.330000,1
32.770000,32.890000,32.960000,32.750000,0.120000,0.210000,2
32.840000,32.770000,32.909600,32.701000,-0.070000,0.208600,1
32.605000,32.840000,32.860000,32.600000,0.235000,0.260000,1
32.550000,32.610000,32.630000,32.460100,0.060000,0.169900,1
32.421000,32.560000,32.590000,32.345000,0.139000,0.245000,2
32.440000,32.435000,32.480000,32.225000,-0.005000,0.255000,1
32.428500,32.430000,32.520000,32.320000,0.001500,0.200000,2
32.760000,32.990000,33.369700,32.430000,0.230000,0.939700,1
32.560000,32.740000,32.850000,32.370000,0.180000,0.480000,2
32.580000,32.564200,32.638400,32.081000,-0.015800,0.557400,1
32.361500,32.595000,32.755000,32.294400,0.233500,0.460600,1
32.069000,32.380000,32.430000,31.850000,0.311000,0.580000,1
31.960000,32.065900,32.232800,31.880000,0.105900,0.352800,1
31.522500,31.966800,32.020000,31.200000,0.444300,0.820000,2
31.850000,31.524900,31.949800,31.353000,-0.325100,0.596800,2
31.893200,31.860000,32.050000,31.750000,-0.033200,0.300000,1
31.548900,31.910000,31.939000,31.515000,0.361100,0.424000,2
31.794600,31.575000,31.910000,31.547200,-0.219600,0.362800,1
31.380000,31.800000,31.810000,31.370000,0.420000,0.440000,1
31.310000,31.380000,31.550000,31.230000,0.070000,0.320000,2
31.580000,31.320000,31.640000,31.310000,-0.260000,0.330000,1
31.540000,31.580000,31.739000,31.465000,0.040000,0.274000,1
31.330000,31.550000,31.650000,31.320100,0.220000,0.329900,2
31.620000,31.330000,31.710000,31.270000,-0.290000,0.440000,2
31.650000,31.630000,31.780000,31.530000,-0.020000,0.250000,2
31.890000,31.630000,32.000000,31.630000,-0.260000,0.370000,2
32.050000,31.890000,32.163700,31.840000,-0.160000,0.323700,2
32.200000,32.041000,32.310000,32.041000,-0.159000,0.269000,1
31.910000,32.200000,32.222700,31.849900,0.290000,0.372800,2
32.129900,31.916000,32.140000,31.910000,-0.213900,0.230000,1
32.030000,32.120000,32.180000,31.990000,0.090000,0.190000,1
31.950000,32.035000,32.080000,31.940000,0.085000,0.140000,1
31.930000,31.941000,32.010000,31.890000,0.011000,0.120000,1
30.970000,31.520000,31.830000,30.750000,0.550000,1.080000,2
31.120000,30.970000,31.145700,30.840000,-0.150000,0.305700,1
30.785000,31.120000,31.315900,30.780200,0.335000,0.535700,1
30.630000,30.785000,30.830000,30.510000,0.155000,0.320000,2
30.800000,30.630100,30.929000,30.620000,-0.169900,0.309000,1
30.800000,30.810000,31.000000,30.700000,0.010000,0.300000,2
31.160000,30.799900,31.230000,30.760000,-0.360100,0.470000,1
31.135000,31.164000,31.280000,31.090000,0.029000,0.190000,2
31.273700,31.130000,31.320000,31.040000,-0.143700,0.280000,2
31.485000,31.265000,31.530000,31.190000,-0.220000,0.340000,1
31.300000,31.480000,31.565000,31.270000,0.180000,0.295000,1
31.270000,31.290000,31.350000,31.150000,0.020000,0.200000,1
31.080000,31.280000,31.307300,30.910000,0.200000,0.397300,2
31.272600,31.080000,31.325000,31.080000,-0.192600,0.245000,1
31.264000,31.260000,31.310000,31.150000,-0.004000,0.160000,1
31.185000,31.265000,31.300000,31.040000,0.080000,0.260000,2
31.200000,31.170000,31.220000,31.060000,-0.030000,0.160000,2
31.325000,31.194600,31.370000,31.169900,-0.130400,0.200100,2
31.380000,31.310000,31.435000,31.261000,-0.070000,0.174000,1
31.360100,31.370000,31.440000,31.360100,0.009900,0.079900,1
31.310000,31.360000,31.390000,31.280000,0.050000,0.110000,2
31.360000,31.313800,31.439900,31.313800,-0.046200,0.126100,1
31.290000,31.364900,31.396400,31.260000,0.074900,0.136400,2
31.317000,31.280000,31.340000,31.200000,-0.037000,0.140000,1
31.300000,31.315000,31.340000,31.235000,0.015000,0.105000,1
31.202400,31.310000,31.315000,31.190000,0.107600,0.125000,2
31.490100,32.088500,32.190000,31.300000,0.598400,0.890000,1
31.460000,31.470000,31.650000,31.170000,0.010000,0.480000,2
31.683700,31.480000,31.904500,31.480000,-0.203700,0.424500,1
31.350000,31.700000,31.775000,31.320000,0.350000,0.455000,2
31.555000,31.350000,31.590000,31.340000,-0.205000,0.250000,1
30.985000,31.560000,31.574000,30.980000,0.575000,0.594000,2
31.090100,30.975000,31.267200,30.975000,-0.115100,0.292200,1
31.080000,31.089100,31.250000,30.960000,0.009100,0.290000,1
31.029000,31.080000,31.090000,30.770000,0.051000,0.320000,1
30.901000,31.030000,31.040000,30.850000,0.129000,0.190000,1
30.790000,30.909000,30.910000,30.643400,0.119000,0.266600,2
30.860000,30.795000,30.890000,30.750000,-0.065000,0.140000,2
31.060100,30.870000,31.070000,30.810000,-0.190100,0.260000,1
30.809900,31.060000,31.083600,30.795000,0.250100,0.288600,2
30.822200,30.809900,30.920000,30.790000,-0.012300,0.130000,2
30.942500,30.830000,30.980000,30.800000,-0.112500,0.180000,2
31.189900,30.950000,31.220000,30.901000,-0.239900,0.319000,1
31.125000,31.180000,31.230000,31.060000,0.055000,0.170000,1
31.105000,31.130000,31.185000,31.070000,0.025000,0.115000,2
31.140000,31.116800,31.150000,31.040000,-0.023200,0.110000,2
31.300900,31.140000,31.310000,31.123300,-0.160900,0.186700,1
31.260000,31.315000,31.360000,31.229900,0.055000,0.130100,2
31.280000,31.260000,31.330000,31.250000,-0.020000,0.080000,1
31.230000,31.290000,31.300000,31.150000,0.060000,0.150000,2
31.290000,31.230000,31.309900,31.175000,-0.060000,0.134900,1
31.184300,31.295000,31.295000,31.170000,0.110700,0.125000,2
31.280000,31.200000,31.420000,31.020000,-0.080000,0.400000,2
31.390000,31.300000,31.589000,31.250000,-0.090000,0.339000,2
31.714600,31.370000,31.860000,31.362100,-0.344600,0.497900,2
31.779500,31.730000,32.000000,31.730000,-0.049500,0.270000,2
31.830100,31.770000,31.939000,31.634700,-0.060100,0.304300,2
31.958300,31.840000,31.970000,31.769000,-0.118300,0.201000,2
32.079900,31.950000,32.080000,31.779900,-0.129900,0.300100,2
32.380000,32.075000,32.420000,31.940000,-0.305000,0.480000,1
32.100000,32.380100,32.395000,32.100000,0.280100,0.295000,1
31.933600,32.120000,32.271000,31.890000,0.186400,0.381000,1
31.930000,31.940000,32.020000,31.860000,0.010000,0.160000,1
31.570000,31.930000,31.930000,31.545000,0.360000,0.385000,1
31.380000,31.570000,31.590000,31.320000,0.190000,0.270000,2
31.400000,31.379900,31.460000,31.240000,-0.020100,0.220000,1
31.230000,31.390000,31.480000,31.190000,0.160000,0.290000,1
31.050100,31.237200,31.350000,31.030000,0.187100,0.320000,2
31.315000,31.060000,31.340000,31.060000,-0.255000,0.280000,1
31.270000,31.310000,31.400000,31.170000,0.040000,0.230000,1
31.140000,31.255000,31.255000,31.110000,0.115000,0.145000,1
31.115000,31.141100,31.220000,31.080000,0.026100,0.140000,2
31.130000,31.120000,31.235000,31.090000,-0.010000,0.145000,2
31.140000,31.126200,31.250000,31.120000,-0.013800,0.130000,2
31.160000,31.139900,31.200000,31.120000,-0.020100,0.080000,1
31.075000,31.155000,31.160000,30.911000,0.080000,0.249000,1
30.970000,31.090000,31.095000,30.940000,0.120000,0.155000,2
31.010100,30.980000,31.030000,30.930000,-0.030100,0.100000,2
31.900000,31.087000,31.900000,30.930000,-0.813000,0.970000,1
31.820000,31.900000,32.040000,31.595500,0.080000,0.444500,2
32.070000,31.815000,32.174700,31.815000,-0.255000,0.359700,1
32.020000,32.079900,32.150000,31.840000,0.059900,0.310000,1
31.770000,32.015000,32.130000,31.740000,0.245000,0.390000,1
31.722200,31.786100,31.850000,31.630000,0.063900,0.220000,1
31.530000,31.730000,31.810000,31.490000,0.200000,0.320000,2
31.719900,31.520000,31.860000,31.510000,-0.199900,0.350000,2
31.840000,31.730000,31.955000,31.730000,-0.110000,0.225000,2
31.978900,31.833900,31.989000,31.685000,-0.145000,0.304000,1
31.860000,31.980000,31.981300,31.770000,0.120000,0.211300,1
31.750000,31.850000,31.880000,31.650000,0.100000,0.230000,2
32.260000,31.750000,32.280000,31.750000,-0.510000,0.530000,1
32.210000,32.270000,32.380000,32.100000,0.060000,0.280000,2
32.226700,32.210000,32.260000,32.070000,-0.016700,0.190000,2
32.240000,32.224600,32.329900,32.180000,-0.015400,0.149900,2
32.450000,32.250000,32.550000,32.250000,-0.200000,0.300000,2
32.493500,32.470000,32.540000,32.390000,-0.023500,0.150000,1
32.410000,32.498500,32.560000,32.345000,0.088500,0.215000,1
32.235000,32.410000,32.440000,32.210000,0.175000,0.230000,2
32.285000,32.231000,32.350000,32.160000,-0.054000,0.190000,1
32.137100,32.290000,32.313600,32.100000,0.152900,0.213600,2
32.240000,32.131500,32.340000,32.120000,-0.108500,0.220000,2
32.360100,32.240100,32.440000,32.240100,-0.120000,0.199900,2
32.550000,32.370000,32.580000,32.350000,-0.180000,0.230000,2
32.617500,32.555000,32.650000,32.480200,-0.062500,0.169800,2
33.161100,33.180000,33.590000,32.920000,0.018900,0.670000,1
33.120000,33.170000,33.389900,32.960000,0.050000,0.429900,1
32.870000,33.110000,33.290000,32.740000,0.240000,0.550000,2
33.129900,32.870000,33.140000,32.680000,-0.259900,0.460000,1
33.030000,33.110000,33.280000,33.020000,0.080000,0.260000,1
32.819900,33.022500,33.060000,32.800000,0.202600,0.260000,2
32.950000,32.820000,32.970000,32.740000,-0.130000,0.230000,1
32.746700,32.940000,32.940000,32.600000,0.193300,0.340000,1
32.680000,32.750000,32.750000,32.529900,0.070000,0.220100,2
32.719000,32.670000,32.770000,32.550000,-0.049000,0.220000,2
32.770000,32.730000,32.886300,32.650000,-0.040000,0.236300,1
32.360000,32.771000,32.771000,32.350000,0.411000,0.421000,1
32.250000,32.360000,32.519900,32.190000,0.110000,0.329900,2
32.330000,32.260000,32.490000,32.250000,-0.070000,0.240000,2
32.449800,32.320000,32.469900,32.210000,-0.129800,0.259900,1
32.395000,32.440000,32.500000,32.310000,0.045000,0.190000,1
32.334000,32.400000,32.460000,32.270000,0.066000,0.190000,2
32.540000,32.340000,32.550000,32.305000,-0.200000,0.245000,1
32.476800,32.540000,32.550000,32.440000,0.063200,0.110000,2
32.735000,32.480000,32.750000,32.460000,-0.255000,0.290000,1
32.735000,32.740000,32.800000,32.680000,0.005000,0.120000,1
32.570100,32.740000,32.770000,32.560000,0.169900,0.210000,1
32.570000,32.570000,32.607000,32.465000,0.000000,0.142000,2
32.656000,32.570000,32.670000,32.540000,-0.086000,0.130000,1
32.614700,32.650000,32.725000,32.560000,0.035300,0.165000,1
32.570100,32.610000,32.689900,32.530000,0.039900,0.159900,1
32.115000,32.380000,32.600000,31.720000,0.265000,0.880000,1
32.070000,32.090000,32.150000,31.920000,0.020000,0.230000,1
31.790000,32.050000,32.070000,31.760000,0.260000,0.310000,2
32.155000,31.807100,32.237900,31.785000,-0.347900,0.452900,1
31.939900,32.150000,32.200000,31.890000,0.210100,0.310000,1
31.820000,31.960000,32.030000,31.810000,0.140000,0.220000,2
31.910000,31.825000,31.935000,31.775000,-0.085000,0.160000,1
31.878500,31.906700,31.970000,31.820000,0.028200,0.150000,2
32.005300,31.880000,32.010000,31.770000,-0.125300,0.240000,2
32.146500,32.010000,32.170000,31.950000,-0.136500,0.220000,1
32.020000,32.143200,32.150000,31.960000,0.123200,0.190000,2
32.080000,32.024700,32.130000,32.020000,-0.055300,0.110000,2
32.200000,32.070100,32.230000,32.070000,-0.129900,0.160000,2
32.315700,32.210000,32.320000,32.160100,-0.105700,0.159900,2
32.331800,32.315000,32.346000,32.195200,-0.016800,0.150800,1
32.255000,32.335100,32.380000,32.240000,0.080100,0.140000,2
32.294100,32.270000,32.320000,32.180000,-0.024100,0.140000,1
32.273600,32.300000,32.340000,32.249900,0.026400,0.090100,1
32.250000,32.280000,32.340000,32.220000,0.030000,0.120000,2
32.455300,32.270000,32.525000,32.270000,-0.185300,0.255000,1
32.420000,32.450000,32.500000,32.350000,0.030000,0.150000,1
32.380100,32.430000,32.480000,32.350000,0.049900,0.130000,2
32.440000,32.370000,32.460000,32.320000,-0.070000,0.140000,2
32.545000,32.445000,32.565000,32.410000,-0.100000,0.155000,1
32.410000,32.545000,32.550000,32.400000,0.135000,0.150000,1
32.173800,32.400000,32.400000,32.140000,0.226200,0.260000,1
31.590000,31.860000,31.950000,31.390000,0.270000,0.560000,2
31.700000,31.565000,31.840000,31.560200,-0.135000,0.279800,2
31.770000,31.690700,31.880000,31.640000,-0.079300,0.240000,2
31.939900,31.760000,32.050000,31.759900,-0.179900,0.290100,1
31.910000,31.950000,31.950000,31.800000,0.040000,0.150000,1
31.820000,31.890000,31.890000,31.731500,0.070000,0.158500,2
31.860000,31.825000,31.920000,31.780000,-0.035000,0.140000,2
32.040000,31.870000,32.080000,31.870000,-0.170000,0.210000,2
32.290000,32.045000,32.300000,32.040000,-0.245000,0.260000,2
32.330000,32.300000,32.370000,32.220000,-0.030000,0.150000,1
32.235000,32.310000,32.330100,32.180000,0.075000,0.150100,2
32.288600,32.230000,32.320000,32.110000,-0.058600,0.210000,2
32.405900,32.289900,32.418500,32.250000,-0.116000,0.168500,1
32.364400,32.400000,32.500000,32.333100,0.035600,0.166900,1
32.230000,32.360100,32.410000,32.220000,0.130100,0.190000,2
32.310100,32.240000,32.350000,32.220000,-0.070100,0.130000,1
32.130000,32.300000,32.300000,32.052700,0.170000,0.247300,2
32.244600,32.125000,32.280000,32.120000,-0.119600,0.160000,2
32.310000,32.250000,32.335000,32.180000,-0.060000,0.155000,2
32.340100,32.300100,32.430000,32.300000,-0.040000,0.130000,2
32.385000,32.360000,32.400000,32.300000,-0.025000,0.100000,2
32.540000,32.385000,32.620000,32.385000,-0.155000,0.235000,1
32.532800,32.550000,32.600000,32.460000,0.017200,0.140000,1
32.480000,32.530000,32.590000,32.460000,0.050000,0.130000,2
32.510000,32.480000,32.530000,32.379900,-0.030000,0.150100,2
32.589900,32.515000,32.625000,32.500000,-0.074900,0.125000,1
32.530000,32.240000,32.779900,32.200000,-0.290000,0.579900,1
32.350000,32.500000,32.530000,32.300000,0.150000,0.230000,2
32.370000,32.349900,32.425000,32.220100,-0.020100,0.204900,2
32.500000,32.390000,32.580000,32.360000,-0.110000,0.220000,2
32.660000,32.520000,32.760000,32.460000,-0.140000,0.300000,1
32.400000,32.660000,32.680000,32.340000,0.260000,0.340000,1
31.770000,32.410000,32.449900,31.581500,0.640000,0.868400,1
31.380100,31.770000,31.970000,31.340000,0.389900,0.630000,1
30.070000,31.400100,31.520000,29.982000,1.330100,1.538000,2
30.589800,30.064100,30.590000,29.990000,-0.525700,0.600000,2
30.800000,30.570000,30.860000,30.370000,-0.230000,0.490000,2
31.180000,30.810000,31.200000,30.810000,-0.370000,0.390000,1
31.033700,31.175000,31.254700,30.970000,0.141300,0.284700,1
30.990000,31.050000,31.140000,30.865000,0.060000,0.275000,1
30.821000,30.980000,31.040000,30.760000,0.159000,0.280000,2
30.882500,30.820000,30.950500,30.590000,-0.062500,0.360500,1
30.830000,30.890000,31.040000,30.760000,0.060000,0.280000,2
30.890000,30.840000,30.970000,30.750000,-0.050000,0.220000,1
30.850100,30.882000,30.938200,30.770000,0.031900,0.168200,2
31.040000,30.860000,31.118900,30.860000,-0.180000,0.258900,1
30.840000,31.040000,31.050000,30.790000,0.200000,0.260000,2
30.910000,30.837900,30.970000,30.837900,-0.072100,0.132100,1
30.850000,30.910000,30.985200,30.820000,0.060000,0.165200,1
30.832200,30.853900,30.890000,30.730000,0.021700,0.160000,2
30.889900,30.836100,30.910000,30.760000,-0.053800,0.150000,2
30.890000,30.880000,30.920000,30.810000,-0.010000,0.110000,2
31.080000,30.582800,31.300000,30.260000,-0.497200,1.040000,2
31.340000,31.090000,31.430000,31.090000,-0.250000,0.340000,2
31.620000,31.360300,31.720000,31.280000,-0.259700,0.440000,2
31.751000,31.630000,31.870000,31.570000,-0.121000,0.300000,1
31.730000,31.770000,31.770000,31.529200,0.040000,0.240800,1
31.525000,31.740000,31.740000,31.430000,0.215000,0.310000,2
31.630100,31.520000,31.650000,31.436700,-0.110100,0.213300,1
31.590000,31.630000,31.699900,31.500000,0.040000,0.199900,2
31.630000,31.610000,31.640000,31.500000,-0.020000,0.140000,1
31.480000,31.630000,31.660000,31.450000,0.150000,0.210000,2
31.530000,31.485000,31.540000,31.380000,-0.045000,0.160000,1
31.430000,31.520000,31.550000,31.375000,0.090000,0.175000,2
31.540000,31.430000,31.600000,31.405000,-0.110000,0.195000,1
31.510000,31.530000,31.580000,31.481000,0.020000,0.099000,2
31.800000,31.510000,31.805000,31.490000,-0.290000,0.315000,2
31.820000,31.803400,31.910000,31.780100,-0.016600,0.129900,1
31.733900,31.820000,31.880000,31.720000,0.086100,0.160000,1
31.710000,31.740000,31.780100,31.660000,0.030000,0.120100,1
31.589900,31.710000,31.730000,31.540000,0.120100,0.190000,1
31.480000,31.590000,31.624700,31.450000,0.110000,0.174700,2
31.560000,31.490000,31.590000,31.400000,-0.070000,0.190000,2
31.590000,31.560000,31.600000,31.460000,-0.030000,0.140000,2
31.600000,31.585000,31.660000,31.560000,-0.015000,0.100000,1
31.455000,31.590000,31.649800,31.440000,0.135000,0.209800,1
31.290000,31.460000,31.485000,31.231500,0.170000,0.253500,2
31.420000,31.281000,31.490000,31.265000,-0.139000,0.225000,1
30.340000,30.710000,30.800000,30.110000,0.370000,0.690000,2
30.350000,30.350000,30.520000,30.220000,0.000000,0.300000,1
30.030000,30.345300,30.345300,29.980000,0.315300,0.365300,2
30.330000,30.050000,30.418000,30.010000,-0.280000,0.408000,2
30.390000,30.325000,30.405000,30.120000,-0.065000,0.285000,1
30.370000,30.390000,30.550000,30.325000,0.020000,0.225000,1
30.300000,30.370000,30.370000,30.140000,0.070000,0.230000,2
30.320000,30.300100,30.450000,30.280000,-0.019900,0.170000,2
30.470100,30.335000,30.480000,30.335000,-0.135100,0.145000,1
30.340000,30.475000,30.480000,30.300000,0.135000,0.180000,1
30.145000,30.345000,30.370000,30.100000,0.200000,0.270000,2
30.190000,30.140000,30.230000,30.129900,-0.050000,0.100100,2
30.299900,30.190000,30.380000,30.190000,-0.109900,0.190000,1
30.200000,30.290000,30.300000,30.060000,0.090000,0.240000,1
30.080000,30.205000,30.280000,30.030000,0.125000,0.250000,1
30.004200,30.080000,30.095000,29.950000,0.075800,0.145000,2
30.085000,30.005000,30.135000,30.005000,-0.080000,0.130000,1
29.692200,30.090000,30.100000,29.570000,0.397800,0.530000,1
29.330000,29.700000,29.780000,29.100000,0.370000,0.680000,1
29.150000,29.323000,29.357800,28.710000,0.173000,0.647800,2
29.301500,29.159900,29.320000,28.980000,-0.141600,0.340000,1
29.190000,29.300000,29.350000,29.060000,0.110000,0.290000,1
28.996000,29.180000,29.270000,28.860000,0.184000,0.410000,1
28.865000,28.990000,29.070000,28.853000,0.125000,0.217000,1
28.830100,28.870000,29.039900,28.830000,0.039900,0.209900,2
29.020000,28.840000,29.050000,28.650000,-0.180000,0.400000,1
27.310000,29.030000,29.220000,26.850000,1.720000,2.370000,1
26.820000,27.310000,27.320000,26.540000,0.490000,0.780000,2
27.340000,26.830000,27.369000,26.680000,-0.510000,0.689000,1
27.230000,27.344700,27.409500,27.000000,0.114700,0.409500,2
27.685000,27.220000,27.750000,27.220000,-0.465000,0.530000,1
27.580000,27.700000,27.800000,27.560000,0.120000,0.240000,1
27.196500,27.570100,27.589900,27.130000,0.373600,0.459900,2
27.540000,27.210000,27.590000,27.170000,-0.330000,0.420000,1
27.531000,27.550000,27.637800,27.411000,0.019000,0.226800,2
27.845300,27.521000,27.850000,27.500000,-0.324300,0.350000,2
28.150000,27.840000,28.230000,27.815000,-0.310000,0.415000,2
28.180000,28.145000,28.330000,28.030000,-0.035000,0.300000,2
28.191100,28.175200,28.235700,28.020000,-0.015900,0.215700,2
28.420000,28.192100,28.430000,28.110000,-0.227900,0.320000,1
28.160000,28.420000,28.520000,28.110100,0.260000,0.409900,2
28.300000,28.150000,28.330000,28.140000,-0.150000,0.190000,1
28.230000,28.301000,28.360000,28.165000,0.071000,0.195000,2
28.269900,28.240000,28.440000,28.210000,-0.029900,0.230000,2
28.420000,28.280000,28.434000,28.230000,-0.140000,0.204000,2
28.560000,28.430000,28.660000,28.400000,-0.130000,0.260000,1
28.400000,28.560000,28.561500,28.300000,0.160000,0.261500,2
28.470000,28.395000,28.530000,28.300000,-0.075000,0.230000,2
28.490100,28.480000,28.510000,28.370000,-0.010100,0.140000,2
28.585100,28.481000,28.700000,28.460000,-0.104100,0.240000,1
28.550000,28.580000,28.625000,28.529900,0.030000,0.095100,1
28.420000,28.560000,28.590000,28.370000,0.140000,0.220000,2
28.610000,28.000000,28.820000,27.900000,-0.610000,0.920000,1
28.109900,28.610000,28.710000,28.080000,0.500100,0.630000,1
28.100000,28.105000,28.160000,27.770000,0.005000,0.390000,1
28.015000,28.100000,28.220100,27.935000,0.085000,0.285100,1
27.954700,28.020000,28.110000,27.770000,0.065300,0.340000,2
28.155000,27.960000,28.199000,27.950000,-0.195000,0.249000,1
27.960000,28.160000,28.350000,27.915000,0.200000,0.435000,1
27.955000,27.970000,28.050000,27.870000,0.015000,0.180000,1
27.820000,27.950000,28.000000,27.750000,0.130000,0.250000,1
27.740000,27.830000,27.940000,27.620000,0.090000,0.320000,1
27.403600,27.720000,27.742400,27.380000,0.316400,0.362400,2
27.600000,27.405000,27.640000,27.380000,-0.195000,0.260000,2
27.655500,27.600000,27.700000,27.520000,-0.055500,0.180000,2
27.760000,27.640000,27.790000,27.620000,-0.120000,0.170000,1
27.680000,27.750000,27.849900,27.680000,0.070000,0.169900,2
27.709900,27.680000,27.740000,27.550000,-0.029900,0.190000,2
27.719900,27.700000,27.739900,27.610000,-0.019900,0.129900,1
27.670000,27.710000,27.810000,27.650000,0.040000,0.160000,2
27.790000,27.680000,27.819900,27.635000,-0.110000,0.184900,1
27.530000,27.785000,27.825000,27.480000,0.255000,0.345000,2
27.665100,27.530000,27.750000,27.500000,-0.135100,0.250000,2
27.710000,27.660000,27.760000,27.660000,-0.050000,0.100000,1
27.690000,27.710000,27.741000,27.670000,0.020000,0.071000,1
27.630000,27.690000,27.740000,27.620000,0.060000,0.120000,1
27.620000,27.635000,27.680000,27.528400,0.015000,0.151600,2
27.780000,27.630000,27.800000,27.625000,-0.150000,0.175000,2
28.230000,28.100000,28.460000,28.000000,-0.130000,0.460000,1
27.680000,28.222500,28.365300,27.630100,0.542500,0.735200,2
27.919800,27.675000,28.050000,27.675000,-0.244800,0.375000,2
27.990100,27.905000,28.140000,27.840000,-0.085100,0.300000,2
28.006000,27.980000,28.095000,27.860000,-0.026000,0.235000,1
27.880000,28.010100,28.035000,27.780000,0.130100,0.255000,1
27.759900,27.904000,27.919900,27.670000,0.144100,0.249900,1
27.625000,27.770000,27.790000,27.550000,0.145000,0.240000,1
27.485000,27.620000,27.722200,27.470000,0.135000,0.252200,1
27.350000,27.479900,27.545000,27.280000,0.129900,0.265000,1
27.210000,27.340000,27.420000,27.180000,0.130000,0.240000,2
27.285000,27.210000,27.316100,27.120000,-0.075000,0.196100,1
27.070000,27.270000,27.270000,26.930000,0.200000,0.340000,2
27.100000,27.060400,27.200000,27.000000,-0.039600,0.200000,1
27.065000,27.100000,27.106600,26.990000,0.035000,0.116600,2
27.080000,27.070100,27.200000,27.020000,-0.009900,0.180000,2
27.350100,27.090000,27.390000,27.090000,-0.260100,0.300000,1
27.300000,27.350000,27.400000,27.220000,0.050000,0.180000,2
27.340000,27.310000,27.385100,27.260700,-0.030000,0.124400,2
27.540000,27.320000,27.570000,27.280000,-0.220000,0.290000,1
27.530000,27.540000,27.630000,27.405000,0.010000,0.225000,1
27.500000,27.530000,27.560000,27.420000,0.030000,0.140000,2
27.510000,27.510000,27.600000,27.455000,0.000000,0.145000,1
27.405000,27.510000,27.510000,27.360000,0.105000,0.150000,1
27.385000,27.405000,27.405000,27.261400,0.020000,0.143600,1
27.360000,27.390000,27.492500,27.335000,0.030000,0.157500,1
27.190000,26.700000,27.190000,26.550000,-0.490000,0.640000,1
26.870000,26.929900,27.000000,26.840000,0.059900,0.160000,2
27.190000,26.880000,27.190000,26.710100,-0.310000,0.479900,2
27.210100,27.200000,27.330000,27.140000,-0.010100,0.190000,2
27.520000,27.210000,27.530000,27.210000,-0.310000,0.320000,1
27.370000,27.510000,27.510000,27.340000,0.140000,0.170000,1
27.330000,27.370000,27.450000,27.220000,0.040000,0.230000,2
27.342600,27.330000,27.380000,27.230000,-0.012600,0.150000,2
27.355000,27.378500,27.430000,27.250000,0.023500,0.180000,1
27.320000,27.345000,27.390000,27.309900,0.025000,0.080100,2
27.420000,27.315000,27.430000,27.245000,-0.105000,0.185000,2
27.470000,27.405000,27.499900,27.400000,-0.065000,0.099900,1
27.265000,27.480000,27.490000,27.230000,0.215000,0.260000,1
27.245000,27.265000,27.265000,27.110000,0.020000,0.155000,1
27.113200,27.240000,27.280000,27.090000,0.126800,0.190000,2
27.120000,27.117500,27.140000,27.000000,-0.002500,0.140000,1
27.033400,27.110000,27.126400,26.989900,0.076600,0.136500,1
26.910000,27.035000,27.050000,26.910000,0.125000,0.140000,1
26.790000,26.920000,26.920000,26.790000,0.130000,0.130000,2
26.820000,26.770000,26.870000,26.720100,-0.050000,0.149900,1
26.810000,26.830000,26.930000,26.810000,0.020000,0.120000,2
26.827000,26.825000,26.850000,26.745000,-0.002000,0.105000,1
26.680000,26.835000,26.860000,26.680000,0.155000,0.180000,1
26.469900,26.700000,26.710000,26.440000,0.230100,0.270000,1
26.275000,26.460000,26.500000,26.250000,0.185000,0.250000,2
26.331500,26.265000,26.430000,26.235000,-0.066500,0.195000,1
26.240000,26.330000,26.360000,26.180000,0.090000,0.180000,2
26.270100,26.230000,26.290000,26.070000,-0.040100,0.220000,2
26.400000,26.280000,26.410000,26.280000,-0.120000,0.130000,1
26.390000,26.390000,26.400000,26.220000,0.000000,0.180000,1
26.360000,26.390000,26.410000,26.295000,0.030000,0.115000,1
26.300000,26.365000,26.390000,26.210100,0.065000,0.179900,1
26.240000,26.300000,26.320000,26.155000,0.060000,0.165000,1
26.230000,26.260000,26.310000,26.205000,0.030000,0.105000,2
26.330000,26.220000,26.330000,26.100000,-0.110000,0.230000,1
26.290000,26.313900,26.320000,26.210000,0.023900,0.110000,1
26.240000,26.288500,26.320000,26.165000,0.048500,0.155000,2
26.254800,26.245000,26.280000,26.190000,-0.009800,0.090000,2
26.280000,26.256000,26.360000,26.230000,-0.024000,0.130000,1
26.200000,26.280000,26.310000,26.190000,0.080000,0.120000,1
26.180000,26.195000,26.220000,26.140000,0.015000,0.080000,1
26.110000,26.185000,26.210000,26.100000,0.075000,0.110000,2
26.155000,26.110000,26.198400,26.100100,-0.045000,0.098300,2
26.252300,26.160000,26.270000,26.140000,-0.092300,0.130000,1
26.170000,26.245300,26.260000,26.170000,0.075300,0.090000,1
26.130000,26.180000,26.190000,26.110000,0.050000,0.080000,1
26.039000,26.130000,26.150000,25.960000,0.091000,0.190000,1
26.030000,26.040000,26.130000,26.020000,0.010000,0.110000,2
26.150000,26.030000,26.150000,26.030000,-0.120000,0.120000,2
26.209900,26.150000,26.210000,26.150000,-0.059900,0.060000,2
26.310000,26.210000,26.340000,26.210000,-0.100000,0.130000,2
26.340000,26.310000,26.360000,26.260000,-0.030000,0.100000,2
26.390000,26.340000,26.430000,26.316000,-0.050000,0.114000,1
26.300000,26.395000,26.395000,26.250000,0.095000,0.145000,2
26.362500,26.290000,26.410000,26.260100,-0.072500,0.149900,2
26.450000,26.364300,26.450000,26.330000,-0.085700,0.120000,2
26.460000,26.450000,26.480000,26.430000,-0.010000,0.050000,2
26.465000,26.460000,26.510000,26.430000,-0.005000,0.080000,2
26.500000,26.464900,26.551000,26.460000,-0.035100,0.091000,1
26.455000,26.500000,26.550000,26.455000,0.045000,0.095000,2
26.553000,26.460000,26.619900,26.460000,-0.093000,0.159900,2
26.630000,26.560000,26.630000,26.530000,-0.070000,0.100000,1
26.590000,26.620000,26.620000,26.550100,0.030000,0.069900,1
26.580000,26.590000,26.605000,26.510000,0.010000,0.095000,1
26.470000,26.583400,26.630000,26.450000,0.113400,0.180000,1
26.440000,26.475000,26.540000,26.440000,0.035000,0.100000,2
26.535000,26.450000,26.570000,26.430000,-0.085000,0.140000,1
26.520000,26.539000,26.550000,26.500000,0.019000,0.050000,2
26.570000,26.505000,26.589900,26.500000,-0.065000,0.089900,2
26.680000,26.560000,26.700000,26.560000,-0.120000,0.140000,1
26.540000,26.680000,26.687500,26.525000,0.140000,0.162500,1
26.480000,26.540000,26.580000,26.475000,0.060000,0.105000,2
26.550000,26.480000,26.560000,26.475000,-0.070000,0.085000,1
26.512500,26.550000,26.554200,26.480000,0.037500,0.074200,2
26.565000,26.519900,26.570000,26.510000,-0.045100,0.060000,2
26.610000,26.570000,26.629900,26.560000,-0.040000,0.069900,1
26.520000,26.610000,26.610000,26.515000,0.090000,0.095000,1
26.460000,26.520000,26.525000,26.450000,0.060000,0.075000,2
26.744100,26.160000,26.820100,26.000000,-0.584100,0.820100,2
26.990000,26.730000,27.095000,26.621000,-0.260000,0.474000,1
26.960000,26.995000,27.000000,26.710000,0.035000,0.290000,1
26.910000,26.970000,26.970000,26.740000,0.060000,0.230000,2
27.030000,26.935000,27.130000,26.935000,-0.095000,0.195000,1
26.820000,27.030000,27.060000,26.715000,0.210000,0.345000,1
26.660000,26.840000,26.900000,26.641500,0.180000,0.258500,1
26.550000,26.680000,26.720000,26.540000,0.130000,0.180000,1
26.470000,26.540000,26.685000,26.430000,0.070000,0.255000,2
26.530000,26.460000,26.560000,26.400000,-0.070000,0.160000,2
26.620000,26.493000,26.660000,26.493000,-0.127000,0.167000,2
26.770000,26.629900,26.810000,26.600000,-0.140100,0.210000,2
26.840000,26.789900,26.920000,26.789900,-0.050100,0.130100,2
26.946900,26.860000,26.960000,26.820000,-0.086900,0.140000,2
27.230000,26.960000,27.240000,26.960000,-0.270000,0.280000,1
27.200000,27.230000,27.296200,27.190000,0.030000,0.106200,2
27.220000,27.195000,27.280000,27.110000,-0.025000,0.170000,2
27.475000,27.220000,27.480000,27.205700,-0.255000,0.274300,1
27.450000,27.470000,27.490000,27.350000,0.020000,0.140000,1
27.430000,27.435000,27.450000,27.294400,0.005000,0.155600,2
27.675000,27.430000,27.680000,27.360100,-0.245000,0.319900,1
27.530000,27.667200,27.705000,27.485000,0.137200,0.220000,2
27.640000,27.535000,27.660000,27.535000,-0.105000,0.125000,1
27.430000,27.640000,27.647600,27.405800,0.210000,0.241800,1
27.350000,27.430000,27.510000,27.320000,0.080000,0.190000,2
27.410000,27.340100,27.495000,27.330000,-0.069900,0.165000,1
27.400000,27.410000,27.440000,27.370000,0.010000,0.070000,1
27.270200,27.390000,27.390000,27.240100,0.119800,0.149900,2
27.310000,27.275000,27.410000,27.270000,-0.035000,0.140000,1
27.290000,27.330000,27.350000,27.253800,0.040000,0.096200,2
27.389900,27.295000,27.399200,27.278500,-0.094900,0.120700,2
27.410000,27.380000,27.470000,27.370000,-0.030000,0.100000,1
27.180000,27.410000,27.410000,27.180000,0.230000,0.230000,1
27.159900,27.170100,27.210100,27.120000,0.010200,0.090100,2
27.160000,27.160000,27.230000,27.150000,0.000000,0.080000,1
27.110000,27.152400,27.219000,27.083600,0.042400,0.135400,2
27.190000,27.105000,27.198400,27.060000,-0.085000,0.138400,2
27.373100,27.190000,27.373100,27.180000,-0.183100,0.193100,1
27.213300,27.370000,27.375000,27.190000,0.156700,0.185000,2
27.269900,27.210000,27.290000,27.160000,-0.059900,0.130000,1
27.230000,27.270000,27.270000,27.220000,0.040000,0.050000,1
27.190000,27.241100,27.260000,27.170000,0.051100,0.090000,1
27.150000,27.180000,27.215000,27.095000,0.030000,0.120000,1
27.130000,27.134000,27.170000,27.040000,0.004000,0.130000,2
27.170000,27.125000,27.230000,27.125000,-0.045000,0.105000,1
27.150000,27.169900,27.220000,27.140000,0.019900,0.080000,2
27.270000,27.160000,27.300000,27.151500,-0.110000,0.148500,1
27.250000,27.260000,27.270000,27.190600,0.010000,0.079400,1
27.220000,27.255000,27.255000,27.190000,0.035000,0.065000,1
27.210000,27.220000,27.220000,27.150000,0.010000,0.070000,2
27.220000,27.210000,27.245000,27.175000,-0.010000,0.070000,2
27.260000,27.220000,27.300000,27.195000,-0.040000,0.105000,2
27.314000,27.262400,27.340000,27.260000,-0.051600,0.080000,2
27.380000,27.340000,27.435000,27.340000,-0.040000,0.095000,1
27.380000,27.390000,27.450000,27.365000,0.010000,0.085000,2
27.440000,27.380000,27.460100,27.320000,-0.060000,0.140100,1
27.440000,27.445000,27.475000,27.418500,0.005000,0.056500,1
27.360000,27.440000,27.460000,27.340000,0.080000,0.120000,2
27.390000,27.380000,27.440000,27.365000,-0.010000,0.075000,1
27.370000,27.387500,27.450000,27.370000,0.017500,0.080000,1
27.360000,27.390000,27.400000,27.350000,0.030000,0.050000,1
27.310000,27.352500,27.370000,27.290000,0.042500,0.080000,2
27.345200,27.319100,27.360100,27.280000,-0.026100,0.080100,1
27.310000,27.340000,27.345000,27.250000,0.030000,0.095000,2
27.410000,27.290000,27.410000,27.290000,-0.120000,0.120000,1
27.370000,27.400000,27.440000,27.370000,0.030000,0.070000,1
27.290100,27.369900,27.380000,27.290000,0.079800,0.090000,2
27.310000,27.294000,27.330000,27.279900,-0.016000,0.050100,1
27.210000,27.310000,27.330000,27.180000,0.100000,0.150000,2
27.250100,27.210000,27.285000,27.205000,-0.040100,0.080000,1
27.160000,27.256900,27.260000,27.100000,0.096900,0.160000,2
27.190000,27.160000,27.215000,27.160000,-0.030000,0.055000,1
27.175000,27.190000,27.199500,27.140000,0.015000,0.059500,2
27.240000,27.190000,27.250000,27.190000,-0.050000,0.060000,1
27.230000,27.230000,27.260000,27.205000,0.000000,0.055000,2
27.300000,27.240000,27.320000,27.240000,-0.060000,0.080000,1
27.250000,27.300000,27.306300,27.230000,0.050000,0.076300,1
27.240000,27.240000,27.260000,27.190000,0.000000,0.070000,1
27.160000,27.400000,27.400000,27.080000,0.240000,0.320000,1
26.725000,27.120000,27.120000,26.700000,0.395000,0.420000,2
26.780000,26.705000,27.080000,26.705000,-0.075000,0.375000,1
26.470000,26.790000,26.790000,26.465000,0.320000,0.325000,1
26.310000,26.470000,26.560000,26.310000,0.160000,0.250000,1
26.169900,26.300000,26.426900,26.140000,0.130100,0.286900,1
25.980000,26.157000,26.310000,25.940000,0.177000,0.370000,2
26.020000,26.000000,26.110000,25.985000,-0.020000,0.125000,1
25.720000,25.960000,26.090000,25.700000,0.240000,0.390000,1
25.520000,25.710000,25.810000,25.510000,0.190000,0.300000,2
26.135000,25.840100,26.180000,25.742700,-0.294900,0.437300,1
26.025100,26.140000,26.180000,25.980000,0.114900,0.200000,1
26.000000,26.000000,26.020000,25.960000,0.000000,0.060000,1
25.770000,26.005000,26.080000,25.770000,0.235000,0.310000,2
25.840000,25.781300,25.950000,25.781300,-0.058700,0.168700,1
25.820000,25.850000,25.870000,25.750000,0.030000,0.120000,1
25.655000,25.810000,25.810000,25.641000,0.155000,0.169000,1
25.439900,25.670000,25.670000,25.420000,0.230100,0.250000,1
25.410000,25.450000,25.530000,25.400000,0.040000,0.130000,2
25.430000,25.400000,25.498500,25.320500,-0.030000,0.178000,1
25.380000,25.435700,25.480000,25.220000,0.055700,0.260000,2
