31.370000,31.200000,31.390000,31.200000,-0.170000,0.190000,1
31.285000,31.370000,31.375000,31.245000,0.085000,0.130000,2
31.430000,31.290000,31.470000,31.270000,-0.140000,0.200000,2
31.470000,31.435000,31.480000,31.400000,-0.035000,0.080000,2
31.480000,31.465000,31.500000,31.420600,-0.015000,0.079400,2
31.485000,31.480000,31.500000,31.475000,-0.005000,0.025000,2
31.510000,31.480000,31.510000,31.450000,-0.030000,0.060000,1
31.440000,31.440000,31.505000,31.330000,0.000000,0.175000,1
31.400000,31.445000,31.480000,31.364100,0.045000,0.115900,2
31.550000,31.395000,31.550000,31.380000,-0.155000,0.170000,1
31.525000,31.550000,31.590000,31.520000,0.025000,0.070000,1
31.515000,31.530000,31.570000,31.480000,0.015000,0.090000,1
31.515000,31.515000,31.550000,31.500000,0.000000,0.050000,1
31.515000,31.515000,31.540000,31.500000,0.000000,0.040000,2
31.700000,31.575000,31.770000,31.537500,-0.125000,0.232500,1
31.685000,31.695000,31.800000,31.670000,0.010000,0.130000,1
31.660000,31.680000,31.730000,31.640000,0.020000,0.090000,1
31.630000,31.650000,31.660000,31.600000,0.020000,0.060000,2
31.640000,31.630000,31.660000,31.590000,-0.010000,0.070000,1
31.590000,31.640000,31.650000,31.590000,0.050000,0.060000,1
31.520000,31.590000,31.595000,31.490000,0.070000,0.105000,2
31.690000,31.510000,31.710000,31.495000,-0.180000,0.215000,2
31.710000,31.680000,31.755000,31.665000,-0.030000,0.090000,1
31.700000,31.705000,31.740000,31.690000,0.005000,0.050000,2
31.790000,31.705000,31.800000,31.705000,-0.085000,0.095000,2
31.880000,31.790000,31.880000,31.780000,-0.090000,0.100000,2
31.890000,31.880000,31.910000,31.865000,-0.010000,0.045000,1
31.800000,31.900000,31.910000,31.800000,0.100000,0.110000,1
31.750000,31.700000,31.780000,31.600000,-0.050000,0.180000,1
31.665000,31.750000,31.780000,31.620000,0.085000,0.160000,1
31.615000,31.665000,31.665000,31.565000,0.050000,0.100000,2
31.630000,31.620000,31.656000,31.590000,-0.010000,0.066000,2
31.649000,31.636000,31.670000,31.580000,-0.013000,0.090000,1
31.645000,31.640100,31.660000,31.595000,-0.004900,0.065000,1
31.590000,31.645000,31.650000,31.550000,0.055000,0.100000,1
31.113900,31.210000,31.210000,30.900000,0.096100,0.310000,2
31.260000,31.110000,31.260000,31.095000,-0.150000,0.165000,1
31.253300,31.255000,31.320000,31.215000,0.001700,0.105000,1
31.199000,31.260000,31.270000,31.140000,0.061000,0.130000,1
31.045000,31.195000,31.205000,31.030000,0.150000,0.175000,2
31.180000,31.041400,31.250000,31.020000,-0.138600,0.230000,1
31.180000,31.185000,31.240000,31.165000,0.005000,0.075000,1
31.025000,31.080000,31.110000,30.900000,0.055000,0.210000,1
30.890000,31.030000,31.115000,30.881600,0.140000,0.233400,1
30.775000,30.890100,30.930100,30.740000,0.115100,0.190100,2
30.785000,30.770000,30.795000,30.680000,-0.015000,0.115000,1
30.740000,30.790000,30.810000,30.600000,0.050000,0.210000,1
30.555000,30.740000,30.760000,30.530000,0.185000,0.230000,1
30.470000,30.550000,30.560000,30.450000,0.080000,0.110000,2
30.665000,30.605000,30.700000,30.422900,-0.060000,0.277100,1
30.660000,30.675000,30.690000,30.600000,0.015000,0.090000,1
30.645000,30.660000,30.690000,30.591000,0.015000,0.099000,2
30.770000,30.650000,30.790000,30.650000,-0.120000,0.140000,2
30.840000,30.760000,30.895000,30.760000,-0.080000,0.135000,1
30.790000,30.845000,30.860000,30.750000,0.055000,0.110000,2
30.810000,30.790000,30.850000,30.775000,-0.020000,0.075000,1
30.320000,30.450000,30.610000,30.265000,0.130000,0.345000,1
30.280000,30.310000,30.420000,30.250000,0.030000,0.170000,2
30.340000,30.290000,30.360000,30.236000,-0.050000,0.124000,1
30.290000,30.349400,30.399900,30.285000,0.059400,0.114900,1
30.190000,30.290000,30.300000,30.155000,0.100000,0.145000,2
30.300000,30.190000,30.379000,30.160000,-0.110000,0.219000,2
30.360000,30.310000,30.420000,30.310000,-0.050000,0.110000,2
30.743700,30.570000,30.790000,30.520000,-0.173700,0.270000,2
30.760000,30.746000,30.815000,30.690000,-0.014000,0.125000,2
30.830000,30.770000,30.840000,30.720000,-0.060000,0.120000,1
30.765000,30.830000,30.830000,30.730000,0.065000,0.100000,1
30.750000,30.770000,30.800000,30.720000,0.020000,0.080000,2
30.825000,30.755000,30.830000,30.720000,-0.070000,0.110000,1
30.725000,30.820000,30.830000,30.715000,0.095000,0.115000,1
30.605000,30.670000,30.770000,30.601000,0.065000,0.169000,1
30.570000,30.610000,30.645000,30.550000,0.040000,0.095000,2
30.700000,30.570000,30.725000,30.560000,-0.130000,0.165000,1
30.660000,30.710000,30.730000,30.660000,0.050000,0.070000,2
30.820000,30.665000,30.840000,30.660000,-0.155000,0.180000,1
30.795000,30.820000,30.855000,30.780000,0.025000,0.075000,1
30.740000,30.790000,30.815000,30.710000,0.050000,0.105000,2
30.783600,30.680000,30.925000,30.655000,-0.103600,0.270000,1
30.770000,30.780000,30.819000,30.660000,0.010000,0.159000,2
30.780000,30.770000,30.830000,30.760000,-0.010000,0.070000,2
30.800000,30.780000,30.820000,30.750000,-0.020000,0.070000,1
30.795000,30.800000,30.810000,30.750000,0.005000,0.060000,2
30.845000,30.790000,30.856000,30.750000,-0.055000,0.106000,2
30.860000,30.840000,30.900000,30.835000,-0.020000,0.065000,2
31.095000,30.905000,31.100000,30.830000,-0.190000,0.270000,2
31.145000,31.095000,31.190000,31.061200,-0.050000,0.128800,2
31.220000,31.140000,31.250000,31.120000,-0.080000,0.130000,1
31.145000,31.220000,31.240000,31.130000,0.075000,0.110000,2
31.160000,31.145500,31.219000,31.140000,-0.014500,0.079000,1
31.140000,31.160000,31.195000,31.080000,0.020000,0.115000,1
31.030000,31.145000,31.155800,31.030000,0.115000,0.125800,1
30.920000,30.900000,31.080000,30.880000,-0.020000,0.200000,2
31.025000,30.920000,31.070000,30.920000,-0.105000,0.150000,1
30.980000,31.024500,31.030000,30.970000,0.044500,0.060000,1
30.970000,30.990000,31.000000,30.965000,0.020000,0.035000,1
30.940000,30.970000,31.000000,30.915000,0.030000,0.085000,2
30.980000,30.939900,31.000000,30.920000,-0.040100,0.080000,1
30.980000,30.990000,31.010000,30.950000,0.010000,0.060000,1
30.943600,30.925000,30.975000,30.790000,-0.018600,0.185000,1
30.810000,30.940000,30.950000,30.779000,0.130000,0.171000,1
30.810000,30.815000,30.830000,30.750000,0.005000,0.080000,1
30.740000,30.815000,30.825000,30.740000,0.075000,0.085000,2
30.780000,30.810000,30.820000,30.780000,0.030000,0.040000,2
30.835000,30.782100,30.850000,30.755000,-0.052900,0.095000,2
30.840000,30.835000,30.840000,30.790000,-0.005000,0.050000,2
30.990000,30.970000,31.070000,30.890000,-0.020000,0.180000,1
30.950000,31.000000,31.040000,30.910000,0.050000,0.130000,2
30.995000,30.940000,31.000000,30.930000,-0.055000,0.070000,1
30.975000,30.990000,30.995000,30.950000,0.015000,0.045000,1
30.910000,30.975000,30.980000,30.870000,0.065000,0.110000,1
30.890000,30.910000,30.910000,30.850000,0.020000,0.060000,2
30.910000,30.890000,30.910000,30.870000,-0.020000,0.040000,2
31.385000,31.010000,31.385000,31.000000,-0.375000,0.385000,2
31.420000,31.390000,31.430000,31.295000,-0.030000,0.135000,2
31.460000,31.410000,31.480000,31.385000,-0.050000,0.095000,1
31.445000,31.470000,31.490000,31.420000,0.025000,0.070000,1
31.370000,31.450000,31.490000,31.350000,0.080000,0.140000,2
31.400000,31.376700,31.410000,31.340000,-0.023300,0.070000,1
31.310000,31.400000,31.420000,31.290000,0.090000,0.130000,1
31.270000,31.350000,31.410000,31.240000,0.080000,0.170000,2
31.291100,31.270000,31.325000,31.245000,-0.021100,0.080000,1
31.215000,31.290000,31.290000,31.190000,0.075000,0.100000,2
31.230000,31.215000,31.280000,31.210000,-0.015000,0.070000,2
31.320000,31.220000,31.335000,31.210000,-0.100000,0.125000,1
31.294100,31.320000,31.320000,31.250000,0.025900,0.070000,1
31.270000,31.295000,31.300000,31.245000,0.025000,0.055000,1
31.190000,31.260000,31.260000,31.070000,0.070000,0.190000,2
31.280000,31.196100,31.310000,31.180000,-0.083900,0.130000,1
31.235000,31.280000,31.305000,31.230000,0.045000,0.075000,1
31.155800,31.230000,31.240000,31.115000,0.074200,0.125000,1
31.136200,31.155000,31.160000,31.085000,0.018800,0.075000,2
31.195000,31.135000,31.210000,31.130000,-0.060000,0.080000,1
31.136800,31.200000,31.250000,31.130000,0.063200,0.120000,1
31.056500,31.010000,31.150000,30.955000,-0.046500,0.195000,1
31.055000,31.050000,31.130000,31.000000,-0.005000,0.130000,2
31.105000,31.060100,31.110000,31.060100,-0.044900,0.049900,1
31.105000,31.100000,31.120000,31.070000,-0.005000,0.050000,1
31.020000,31.100000,31.120000,30.960000,0.080000,0.160000,1
31.005000,31.020000,31.080000,30.955000,0.015000,0.125000,1
31.000000,31.010000,31.040000,30.960000,0.010000,0.080000,1
30.755000,30.870000,30.890000,30.630000,0.115000,0.260000,1
30.715000,30.765000,30.820000,30.710000,0.050000,0.110000,2
30.765000,30.720000,30.770000,30.680000,-0.045000,0.090000,2
30.830000,30.770000,30.830000,30.725000,-0.060000,0.105000,2
30.830100,30.830000,30.880000,30.810000,-0.000100,0.070000,2
30.860000,30.830000,30.910000,30.810000,-0.030000,0.100000,2
30.920000,30.865000,30.950000,30.860000,-0.055000,0.090000,2
30.970000,30.910000,31.100000,30.830000,-0.060000,0.270000,2
31.005000,30.970000,31.070000,30.950000,-0.035000,0.120000,2
31.020000,31.005000,31.065700,30.970000,-0.015000,0.095700,2
31.065000,31.020000,31.090000,30.990000,-0.045000,0.100000,2
31.140000,31.063600,31.150000,31.055000,-0.076400,0.095000,1
31.090000,31.130000,31.160000,31.080000,0.040000,0.080000,2
31.140000,31.090000,31.140000,31.020000,-0.050000,0.120000,1
31.050000,31.050000,31.240000,30.970000,0.000000,0.270000,1
31.005000,31.040000,31.130000,30.980000,0.035000,0.150000,1
30.995000,31.010000,31.046200,30.980000,0.015000,0.066200,2
31.085000,30.995000,31.094600,30.980000,-0.090000,0.114600,1
31.065000,31.090000,31.110000,31.050600,0.025000,0.059400,2
31.110000,31.060000,31.130000,31.040000,-0.050000,0.090000,2
31.180000,31.110000,31.200000,31.100000,-0.070000,0.100000,1
31.060000,31.055000,31.110000,30.980000,-0.005000,0.130000,1
30.900000,31.050000,31.055000,30.810000,0.150000,0.245000,1
30.824700,30.880000,30.945000,30.810000,0.055300,0.135000,1
30.740000,30.830000,30.860000,30.740000,0.090000,0.120000,2
30.824700,30.745000,30.850000,30.730000,-0.079700,0.120000,2
30.865000,30.820000,30.920000,30.820000,-0.045000,0.100000,1
30.840000,30.870000,30.915000,30.835000,0.030000,0.080000,1
30.720000,31.030000,31.120000,30.695000,0.310000,0.425000,2
30.845000,30.710000,30.860000,30.635000,-0.135000,0.225000,1
30.796500,30.845000,30.939000,30.780000,0.048500,0.159000,2
30.854700,30.795000,30.860000,30.770000,-0.059700,0.090000,2
31.000000,30.850000,31.000000,30.830000,-0.150000,0.170000,1
30.985000,30.990000,31.000000,30.950000,0.005000,0.050000,1
30.860000,30.985000,31.000000,30.860000,0.125000,0.140000,1
30.830000,30.890000,31.000000,30.755000,0.060000,0.245000,2
30.910000,30.830000,30.910000,30.790000,-0.080000,0.120000,1
30.810000,30.910000,30.925000,30.810000,0.100000,0.115000,1
30.810000,30.820000,30.835000,30.780000,0.010000,0.055000,2
30.850000,30.810000,30.850000,30.780000,-0.040000,0.070000,1
30.810000,30.850000,30.855000,30.800000,0.040000,0.055000,2
30.840000,30.800000,30.870000,30.800000,-0.040000,0.070000,1
30.805000,30.840000,30.840000,30.710000,0.035000,0.130000,1
30.763700,30.800000,30.800000,30.730000,0.036300,0.070000,2
30.855000,30.765000,30.860000,30.765000,-0.090000,0.095000,2
30.875000,30.860000,30.900000,30.850000,-0.015000,0.050000,1
30.862100,30.875000,30.890000,30.830000,0.012900,0.060000,2
30.875000,30.863800,30.890000,30.830000,-0.011200,0.060000,1
30.850000,30.870000,30.900000,30.840000,0.020000,0.060000,1
30.570000,30.860000,30.960000,30.560000,0.290000,0.400000,2
30.630000,30.560000,30.650000,30.500000,-0.070000,0.150000,1
30.460000,30.635000,30.676900,30.414000,0.175000,0.262900,1
30.425000,30.465700,30.480000,30.400000,0.040700,0.080000,2
30.463700,30.425000,30.495000,30.380000,-0.038700,0.115000,1
30.455000,30.465000,30.480000,30.400000,0.010000,0.080000,1
30.420000,30.455000,30.485000,30.400000,0.035000,0.085000,2
30.450000,30.510000,30.670000,30.440000,0.060000,0.230000,1
30.160000,30.450000,30.450000,30.150000,0.290000,0.300000,2
30.240000,30.160000,30.320000,30.160000,-0.080000,0.160000,1
30.210000,30.245000,30.270000,30.150000,0.035000,0.120000,1
30.115000,30.215000,30.240000,30.100000,0.100000,0.140000,2
30.215000,30.115000,30.260000,30.110000,-0.100000,0.150000,1
30.130000,30.210000,30.210000,30.080000,0.080000,0.130000,2
30.310000,30.140000,30.380000,30.140000,-0.170000,0.240000,2
30.355000,30.320000,30.370000,30.270000,-0.035000,0.100000,1
30.265000,30.355000,30.380000,30.215000,0.090000,0.165000,1
30.255000,30.260000,30.275000,30.220000,0.005000,0.055000,2
30.340000,30.260000,30.350000,30.250000,-0.080000,0.100000,1
30.320000,30.340000,30.355000,30.305000,0.020000,0.050000,2
30.360000,30.320000,30.370000,30.311800,-0.040000,0.058200,1
30.220000,30.360000,30.485000,30.200000,0.140000,0.285000,2
30.240000,30.210000,30.270000,30.150000,-0.030000,0.120000,1
30.240000,30.375000,30.390000,30.200000,0.135000,0.190000,2
30.285000,30.380000,30.390000,30.260000,0.095000,0.130000,1
30.240000,30.285000,30.290000,30.205000,0.045000,0.085000,1
30.214000,30.245000,30.290000,30.205000,0.031000,0.085000,1
30.205000,30.210000,30.250000,30.200000,0.005000,0.050000,1
30.150000,30.200000,30.215000,30.150000,0.050000,0.065000,2
30.194000,30.150000,30.194000,30.150000,-0.044000,0.044000,2
30.240000,30.200000,30.270000,30.200000,-0.040000,0.070000,1
30.217500,30.230000,30.257000,30.210000,0.012500,0.047000,1
30.210000,30.220000,30.230000,30.180000,0.010000,0.050000,1
30.191000,30.205000,30.215000,30.175000,0.014000,0.040000,2
30.210000,30.195000,30.240000,30.190000,-0.015000,0.050000,1
30.180000,30.210000,30.215000,30.170000,0.030000,0.045000,2
30.210000,30.180000,30.210000,30.161000,-0.030000,0.049000,1
30.182800,30.200000,30.217200,30.182800,0.017200,0.034400,2
30.195000,30.185000,30.200000,30.170000,-0.010000,0.030000,1
30.190000,30.190000,30.200000,30.180000,0.000000,0.020000,2
30.230000,30.200000,30.250000,30.190000,-0.030000,0.060000,1
30.220000,30.230000,30.240000,30.200000,0.010000,0.040000,2
30.235000,30.220000,30.240000,30.200000,-0.015000,0.040000,2
30.255000,30.230000,30.265000,30.230000,-0.025000,0.035000,1
30.230000,30.250000,30.260000,30.220000,0.020000,0.040000,2
30.245000,30.240000,30.260000,30.232000,-0.005000,0.028000,1
30.225000,30.245000,30.260000,30.220000,0.020000,0.040000,2
30.245000,30.220000,30.245000,30.200000,-0.025000,0.045000,2
30.280000,30.245000,30.280000,30.220000,-0.035000,0.060000,1
30.230000,30.340000,30.390000,30.210000,0.110000,0.180000,1
30.170000,30.230000,30.270000,30.140000,0.060000,0.130000,2
30.250000,30.190000,30.260000,30.133800,-0.060000,0.126200,2
30.305000,30.250000,30.330000,30.210000,-0.055000,0.120000,2
30.335000,30.300000,30.352200,30.300000,-0.035000,0.052200,2
30.375000,30.340000,30.380000,30.300000,-0.035000,0.080000,1
30.360000,30.380000,30.390000,30.335000,0.020000,0.055000,2
30.370000,30.360000,30.396000,30.355000,-0.010000,0.041000,1
30.335000,30.374400,30.374400,30.311000,0.039400,0.063400,1
30.305000,30.340000,30.350000,30.290000,0.035000,0.060000,1
30.299000,30.310000,30.350000,30.280000,0.011000,0.070000,1
30.290000,30.290000,30.315000,30.285000,0.000000,0.030000,1
30.280000,30.290000,30.310000,30.280000,0.010000,0.030000,1
30.270000,30.280000,30.287000,30.240000,0.010000,0.047000,1
30.250000,30.275000,30.280000,30.250000,0.025000,0.030000,1
30.210000,30.260000,30.260000,30.210000,0.050000,0.050000,2
30.225000,30.215000,30.230000,30.200000,-0.010000,0.030000,2
30.230000,30.225000,30.245900,30.220000,-0.005000,0.025900,1
30.215000,30.225000,30.235000,30.210000,0.010000,0.025000,2
30.225400,30.215000,30.230000,30.210000,-0.010400,0.020000,2
30.235000,30.230000,30.235800,30.210000,-0.005000,0.025800,1
30.225000,30.235000,30.250000,30.220000,0.010000,0.030000,2
30.235000,30.230000,30.235000,30.220000,-0.005000,0.015000,1
30.233900,30.230000,30.250000,30.220000,-0.003900,0.030000,2
30.265000,30.240000,30.280000,30.240000,-0.025000,0.040000,1
30.220000,30.260000,30.260000,30.210000,0.040000,0.050000,2
30.380000,30.160000,30.380000,30.160000,-0.220000,0.220000,2
30.545000,30.387000,30.550000,30.381000,-0.158000,0.169000,2
30.660000,30.542100,30.720000,30.535000,-0.117900,0.185000,2
30.760000,30.650100,30.765000,30.615000,-0.109900,0.150000,2
30.940000,30.760000,30.945000,30.760000,-0.180000,0.185000,1
30.905000,30.940000,30.970000,30.900000,0.035000,0.070000,1
30.860000,30.905000,30.925000,30.835000,0.045000,0.090000,2
30.880000,30.870000,30.940000,30.855000,-0.010000,0.085000,1
30.870100,30.880000,30.900000,30.850000,0.009900,0.050000,1
30.855000,30.876000,30.900000,30.830000,0.021000,0.070000,1
30.840000,30.860000,30.880000,30.835000,0.020000,0.045000,2
30.965000,30.840000,30.975000,30.840000,-0.125000,0.135000,2
30.986800,30.970000,30.995000,30.960000,-0.016800,0.035000,2
31.030000,30.987300,31.040000,30.960000,-0.042700,0.080000,1
30.990000,31.030000,31.040000,30.990000,0.040000,0.050000,1
30.960000,31.000000,31.000000,30.950000,0.040000,0.050000,2
31.030000,30.970000,31.030000,30.960000,-0.060000,0.070000,2
31.060000,31.025000,31.065000,31.025000,-0.035000,0.040000,2
31.121000,31.060000,31.135000,31.060000,-0.061000,0.075000,2
31.155800,31.120000,31.170000,31.120000,-0.035800,0.050000,2
31.160000,31.154100,31.180000,31.140000,-0.005900,0.040000,2
31.175000,31.165000,31.190000,31.160000,-0.010000,0.030000,1
31.159900,31.170100,31.200000,31.135000,0.010200,0.065000,1
31.090000,31.160000,31.180000,31.090000,0.070000,0.090000,2
31.105000,31.091500,31.135000,31.080000,-0.013500,0.055000,1
31.020000,31.105000,31.110000,31.000000,0.085000,0.110000,2
31.305000,31.320000,31.360000,31.230000,0.015000,0.130000,1
31.265000,31.310000,31.310000,31.240000,0.045000,0.070000,1
31.245000,31.260000,31.305000,31.195000,0.015000,0.110000,1
31.180000,31.241600,31.280000,31.175000,0.061600,0.105000,2
31.230000,31.185000,31.240000,31.140000,-0.045000,0.100000,2
31.260000,31.220000,31.270000,31.210000,-0.040000,0.060000,2
31.265000,31.260000,31.300000,31.260000,-0.005000,0.040000,2
31.270100,31.270000,31.280000,31.205000,-0.000100,0.075000,1
31.240000,31.275000,31.295000,31.230000,0.035000,0.065000,2
31.280000,31.250000,31.300000,31.230000,-0.030000,0.070000,2
31.295000,31.280000,31.300000,31.270000,-0.015000,0.030000,2
31.301600,31.290100,31.320000,31.280000,-0.011500,0.040000,2
31.315000,31.302000,31.340000,31.300000,-0.013000,0.040000,2
31.335000,31.315000,31.340000,31.300000,-0.020000,0.040000,1
31.300000,31.335000,31.350000,31.284000,0.035000,0.066000,1
31.260000,31.295000,31.310000,31.255000,0.035000,0.055000,2
31.300000,31.260000,31.300000,31.250000,-0.040000,0.050000,2
31.313500,31.305000,31.316400,31.290000,-0.008500,0.026400,2
31.340000,31.315000,31.350000,31.300000,-0.025000,0.050000,1
31.340000,31.335000,31.350000,31.290000,-0.005000,0.060000,1
31.340000,31.340000,31.350000,31.310000,0.000000,0.040000,2
31.345000,31.340000,31.360000,31.305000,-0.005000,0.055000,1
31.335000,31.345000,31.355000,31.300000,0.010000,0.055000,1
31.280000,31.335000,31.360000,31.275000,0.055000,0.085000,1
31.260000,31.280000,31.300000,31.250000,0.020000,0.050000,1
31.200000,31.270000,31.285000,31.170000,0.070000,0.115000,2
31.280000,31.310000,31.330000,31.140000,0.030000,0.190000,1
31.200000,31.280000,31.330000,31.200000,0.080000,0.130000,1
31.185000,31.200000,31.250000,31.150000,0.015000,0.100000,1
31.040000,31.190000,31.190000,31.010000,0.150000,0.180000,2
31.055000,31.035600,31.070000,30.970000,-0.019400,0.100000,1
31.050000,31.050000,31.095000,31.020000,0.000000,0.075000,2
31.095000,31.060000,31.095000,31.050000,-0.035000,0.045000,1
31.070000,31.091000,31.110000,31.055000,0.021000,0.055000,2
31.110000,31.080000,31.120000,31.070000,-0.030000,0.050000,2
31.125000,31.115000,31.140000,31.085000,-0.010000,0.055000,1
31.080000,31.130000,31.135000,31.080000,0.050000,0.055000,1
31.000000,31.070100,31.080000,31.000000,0.070100,0.080000,2
31.000100,31.000000,31.019000,30.990000,-0.000100,0.029000,2
31.015000,31.010000,31.015000,30.990000,-0.005000,0.025000,1
31.015000,31.010000,31.020000,30.990000,-0.005000,0.030000,2
31.030000,31.010000,31.040000,31.010000,-0.020000,0.030000,2
31.040000,31.030000,31.040000,30.985000,-0.010000,0.055000,2
31.050000,31.045000,31.055000,31.010000,-0.005000,0.045000,1
31.030000,31.060000,31.080000,31.030000,0.030000,0.050000,2
31.070000,31.036800,31.080000,31.030000,-0.033200,0.050000,1
31.060000,31.060000,31.080000,31.050000,0.000000,0.030000,1
31.035000,31.060000,31.060000,31.020000,0.025000,0.040000,2
31.050000,31.030000,31.060000,31.030000,-0.020000,0.030000,1
31.025000,31.055000,31.055000,31.020000,0.030000,0.035000,1
31.010000,31.030000,31.060000,31.000000,0.020000,0.060000,2
31.035000,31.020000,31.050000,30.990000,-0.015000,0.060000,2
31.165000,31.030000,31.195000,31.000000,-0.135000,0.195000,1
31.000000,31.165000,31.190000,30.990000,0.165000,0.200000,1
30.905000,31.000000,31.000000,30.860000,0.095000,0.140000,1
30.860000,30.905000,30.920000,30.840000,0.045000,0.080000,1
30.845000,30.850000,30.880000,30.780000,0.005000,0.100000,2
30.900000,30.840000,30.900000,30.820000,-0.060000,0.080000,1
30.800000,30.900000,30.900000,30.780000,0.100000,0.120000,2
30.809900,30.800000,30.830000,30.750000,-0.009900,0.080000,2
30.815000,30.810100,30.850000,30.810100,-0.004900,0.039900,1
30.740100,30.815000,30.820000,30.740000,0.074900,0.080000,1
30.705200,30.745200,30.765000,30.704900,0.040000,0.060100,2
30.714900,30.710000,30.730000,30.710000,-0.004900,0.020000,1
30.690000,30.715000,30.720000,30.670000,0.025000,0.050000,2
30.699900,30.690000,30.704000,30.670000,-0.009900,0.034000,2
30.710000,30.700000,30.730000,30.700000,-0.010000,0.030000,1
30.665000,30.710000,30.720000,30.660000,0.045000,0.060000,2
30.705000,30.665000,30.710000,30.660000,-0.040000,0.050000,1
30.684000,30.700000,30.710000,30.670000,0.016000,0.040000,2
30.710000,30.690000,30.710000,30.675000,-0.020000,0.035000,2
30.740000,30.710000,30.760000,30.704500,-0.030000,0.055500,1
30.735000,30.736800,30.750000,30.720100,0.001800,0.029900,1
30.695000,30.730000,30.735000,30.690000,0.035000,0.045000,2
30.745000,30.690000,30.770000,30.686900,-0.055000,0.083100,1
30.715000,30.750000,30.755300,30.710000,0.035000,0.045300,1
30.710000,30.715000,30.730000,30.700100,0.005000,0.029900,2
30.750000,30.715000,30.770000,30.710000,-0.035000,0.060000,2
30.890000,30.870000,30.930000,30.795000,-0.020000,0.135000,2
30.960000,30.885000,31.020000,30.885000,-0.075000,0.135000,2
30.970000,30.970000,31.000000,30.935000,0.000000,0.065000,2
31.025000,30.970000,31.040000,30.970000,-0.055000,0.070000,1
30.920000,31.025000,31.025600,30.915000,0.105000,0.110600,1
30.840000,30.925000,30.940000,30.835000,0.085000,0.105000,2
30.845800,30.835000,30.845800,30.780000,-0.010800,0.065800,1
30.840000,30.855000,30.855000,30.815000,0.015000,0.040000,1
30.814900,30.840000,30.855000,30.814900,0.025100,0.040100,1
30.800000,30.814000,30.830000,30.790000,0.014000,0.040000,2
30.848300,30.804500,30.850000,30.790000,-0.043800,0.060000,1
30.820000,30.850000,30.859900,30.814500,0.030000,0.045400,1
30.800000,30.820000,30.825100,30.785000,0.020000,0.040100,1
30.777000,30.800000,30.805000,30.770000,0.023000,0.035000,1
30.770000,30.775000,30.775000,30.730000,0.005000,0.045000,1
30.765000,30.774400,30.790000,30.755000,0.009400,0.035000,1
30.696600,30.760000,30.780000,30.685000,0.063400,0.095000,1
30.670000,30.690000,30.690000,30.660000,0.020000,0.030000,1
30.650000,30.670000,30.680000,30.650000,0.020000,0.030000,2
30.720000,30.650000,30.743700,30.650000,-0.070000,0.093700,1
30.715000,30.720000,30.740000,30.700000,0.005000,0.040000,2
30.735800,30.718000,30.735800,30.690000,-0.017800,0.045800,1
30.710000,30.740000,30.740000,30.710000,0.030000,0.030000,2
30.770000,30.710000,30.775000,30.710000,-0.060000,0.065000,1
30.720000,30.765000,30.770000,30.720000,0.045000,0.050000,1
30.665000,30.725000,30.760000,30.600000,0.060000,0.160000,2
30.710000,30.697400,30.730000,30.580000,-0.012600,0.150000,1
30.690000,30.710000,30.735000,30.650000,0.020000,0.085000,1
30.585000,30.690000,30.700000,30.560000,0.105000,0.140000,2
30.630000,30.590000,30.650000,30.590000,-0.040000,0.060000,1
30.620000,30.625000,30.650000,30.585000,0.005000,0.065000,2
30.650000,30.615000,30.650000,30.585000,-0.035000,0.065000,1
30.620000,30.645000,30.645000,30.600000,0.025000,0.045000,1
30.590000,30.620000,30.630000,30.590000,0.030000,0.040000,1
30.570000,30.590000,30.590000,30.560000,0.020000,0.030000,2
30.574100,30.570000,30.600000,30.560000,-0.004100,0.040000,1
30.570000,30.570000,30.578600,30.550000,0.000000,0.028600,1
30.560000,30.580000,30.580000,30.555000,0.020000,0.025000,1
30.520000,30.560000,30.563800,30.500000,0.040000,0.063800,1
30.500000,30.510000,30.520000,30.480000,0.010000,0.040000,1
30.485000,30.495000,30.509800,30.480000,0.010000,0.029800,2
30.500000,30.485000,30.500000,30.460000,-0.015000,0.040000,2
30.529900,30.500000,30.530000,30.470000,-0.029900,0.060000,2
30.550000,30.520000,30.550000,30.495000,-0.030000,0.055000,1
30.530000,30.550000,30.560000,30.435000,0.020000,0.125000,2
30.534300,30.530000,30.600000,30.510000,-0.004300,0.090000,1
30.502000,30.535000,30.535000,30.440000,0.033000,0.095000,1
30.410000,30.500000,30.510000,30.400000,0.090000,0.110000,1
30.290000,30.405000,30.410000,30.280000,0.115000,0.130000,1
30.275000,30.280000,30.325000,30.260000,0.005000,0.065000,1
30.150000,30.270000,30.280000,30.150000,0.120000,0.130000,1
30.150000,30.155000,30.165000,30.060000,0.005000,0.105000,1
30.100000,30.260000,30.300000,30.020100,0.160000,0.279900,1
30.020000,30.110000,30.140000,29.936600,0.090000,0.203400,2
30.075000,30.020000,30.120000,30.020000,-0.055000,0.100000,2
30.110000,30.070100,30.130000,30.064800,-0.039900,0.065200,2
30.125000,30.110000,30.169900,30.105000,-0.015000,0.064900,1
30.050000,30.120000,30.120000,30.040000,0.070000,0.080000,1
30.030100,30.065000,30.085000,30.023000,0.034900,0.062000,2
30.060000,30.032500,30.070000,30.025000,-0.027500,0.045000,2
30.065000,30.060000,30.070000,30.020000,-0.005000,0.050000,2
30.140000,30.060000,30.140000,30.050000,-0.080000,0.090000,1
30.085000,30.140000,30.150000,30.085000,0.055000,0.065000,2
30.140000,30.090000,30.140000,30.090000,-0.050000,0.050000,2
30.181400,30.140000,30.195000,30.130000,-0.041400,0.065000,1
30.180000,30.180000,30.200000,30.165000,0.000000,0.035000,1
30.130000,30.175000,30.190000,30.124700,0.045000,0.065300,1
30.130000,30.135000,30.137900,30.095000,0.005000,0.042900,2
30.135000,30.140000,30.150000,30.120000,0.005000,0.030000,2
30.155000,30.140000,30.170000,30.130000,-0.015000,0.040000,1
30.115000,30.155000,30.160000,30.090000,0.040000,0.070000,1
30.080000,30.110000,30.110000,30.075000,0.030000,0.035000,1
30.060000,30.080000,30.100000,30.053900,0.020000,0.046100,1
30.038200,30.070000,30.070000,30.030000,0.031800,0.040000,2
30.070000,30.040000,30.070000,30.030000,-0.030000,0.040000,1
30.010000,30.070000,30.070000,30.005000,0.060000,0.065000,1
29.970000,30.015000,30.015000,29.950000,0.045000,0.065000,1
29.940000,29.965000,30.010000,29.930000,0.025000,0.080000,1
29.680000,29.630000,29.840000,29.600000,-0.050000,0.240000,2
29.735000,29.670000,29.736200,29.600000,-0.065000,0.136200,1
29.685000,29.735000,29.788300,29.650000,0.050000,0.138300,2
29.755000,29.690000,29.755000,29.660000,-0.065000,0.095000,1
29.615000,29.760000,29.760000,29.610000,0.145000,0.150000,2
29.635800,29.613300,29.680000,29.600100,-0.022500,0.079900,2
29.750000,29.640000,29.760000,29.625000,-0.110000,0.135000,1
29.660000,29.756000,29.780000,29.660000,0.096000,0.120000,1
29.605000,29.660000,29.660000,29.600000,0.055000,0.060000,1
29.550000,29.606000,29.620000,29.550000,0.056000,0.070000,2
29.620000,29.550000,29.640000,29.540000,-0.070000,0.100000,1
29.620000,29.630000,29.655000,29.605000,0.010000,0.050000,2
29.640000,29.624000,29.660000,29.615000,-0.016000,0.045000,1
29.590000,29.640000,29.640000,29.580000,0.050000,0.060000,2
29.595000,29.590000,29.596600,29.580000,-0.005000,0.016600,1
29.595000,29.590000,29.615000,29.580000,-0.005000,0.035000,2
29.646400,29.600000,29.650000,29.590000,-0.046400,0.060000,1
29.635000,29.649900,29.650000,29.625000,0.014900,0.025000,2
29.650000,29.634900,29.650000,29.600000,-0.015100,0.050000,1
29.605000,29.645000,29.645000,29.600000,0.040000,0.045000,1
29.564000,29.600100,29.610000,29.560000,0.036100,0.050000,1
29.530000,29.560000,29.570000,29.530000,0.030000,0.040000,1
29.525000,29.534300,29.540000,29.510000,0.009300,0.030000,2
29.530000,29.520000,29.560000,29.500000,-0.010000,0.060000,1
29.440000,29.530000,29.530000,29.420000,0.090000,0.110000,2
29.460000,29.430000,29.475000,29.430000,-0.030000,0.045000,2
29.765000,29.655000,29.830000,29.640000,-0.110000,0.190000,2
29.850000,29.775000,29.850000,29.760000,-0.075000,0.090000,2
29.930000,29.840000,29.940000,29.820000,-0.090000,0.120000,1
29.815000,29.930000,29.930000,29.800000,0.115000,0.130000,1
29.700000,29.815000,29.815000,29.700000,0.115000,0.115000,1
29.670000,29.700000,29.710000,29.660000,0.030000,0.050000,2
29.720000,29.675000,29.760100,29.665000,-0.045000,0.095100,1
29.660000,29.720000,29.720000,29.650000,0.060000,0.070000,1
29.629900,29.665000,29.670000,29.622000,0.035100,0.048000,1
29.625000,29.630000,29.655000,29.600000,0.005000,0.055000,1
29.625000,29.620000,29.650000,29.620000,-0.005000,0.030000,2
29.630000,29.630000,29.646700,29.580000,0.000000,0.066700,2
29.665000,29.640000,29.690000,29.635000,-0.025000,0.055000,2
29.675000,29.665000,29.690000,29.640000,-0.010000,0.050000,2
29.715000,29.675000,29.715000,29.670000,-0.040000,0.045000,1
29.675000,29.715000,29.720000,29.650000,0.040000,0.070000,1
29.660000,29.670000,29.690000,29.650000,0.010000,0.040000,1
29.620000,29.660000,29.660000,29.605000,0.040000,0.055000,2
29.635000,29.625600,29.650000,29.600000,-0.009400,0.050000,2
29.650000,29.640000,29.660000,29.620000,-0.010000,0.040000,1
29.600000,29.660000,29.660000,29.592000,0.060000,0.068000,1
29.595000,29.600000,29.630000,29.580000,0.005000,0.050000,2
29.610000,29.600000,29.620000,29.585000,-0.010000,0.035000,1
29.580000,29.610000,29.620000,29.560000,0.030000,0.060000,1
29.575000,29.570000,29.600000,29.540000,-0.005000,0.060000,2
29.660000,29.570000,29.660000,29.570000,-0.090000,0.090000,2
29.680000,29.560000,29.720000,29.395000,-0.120000,0.325000,1
29.560000,29.675000,29.680000,29.543800,0.115000,0.136200,1
29.445000,29.560000,29.568300,29.430000,0.115000,0.138300,1
29.380000,29.440000,29.445000,29.350000,0.060000,0.095000,1
29.305000,29.390000,29.390000,29.280000,0.085000,0.110000,2
29.390000,29.305000,29.410000,29.305000,-0.085000,0.105000,2
29.455000,29.385000,29.475000,29.380000,-0.070000,0.095000,1
29.404000,29.450000,29.450000,29.400000,0.046000,0.050000,2
29.415000,29.404000,29.415000,29.350000,-0.011000,0.065000,2
29.440000,29.420000,29.465000,29.420000,-0.020000,0.045000,1
29.430000,29.438600,29.460000,29.415000,0.008600,0.045000,1
29.425000,29.430000,29.435000,29.400000,0.005000,0.035000,2
29.460100,29.425000,29.485000,29.420000,-0.035100,0.065000,1
29.455000,29.460000,29.489900,29.443000,0.005000,0.046900,2
29.475000,29.455200,29.480000,29.440000,-0.019800,0.040000,1
29.446500,29.475000,29.490000,29.440000,0.028500,0.050000,2
29.475000,29.450000,29.480000,29.445000,-0.025000,0.035000,2
29.490000,29.475000,29.490000,29.460000,-0.015000,0.030000,2
29.510000,29.490000,29.530000,29.485000,-0.020000,0.045000,2
29.535000,29.515300,29.540000,29.490000,-0.019700,0.050000,1
29.490000,29.535000,29.540000,29.485000,0.045000,0.055000,2
29.505000,29.490000,29.520000,29.490000,-0.015000,0.030000,1
29.500000,29.510000,29.510000,29.470000,0.010000,0.040000,1
29.500000,29.492800,29.520000,29.480000,-0.007200,0.040000,2
29.545000,29.500000,29.570000,29.500000,-0.045000,0.070000,2
29.580000,29.550000,29.600000,29.550000,-0.030000,0.050000,2
29.855000,29.750000,29.920000,29.750000,-0.105000,0.170000,1
29.740000,29.860000,29.865000,29.725000,0.120000,0.140000,2
29.820000,29.750000,29.865000,29.733800,-0.070000,0.131200,1
29.800000,29.810000,29.850000,29.775000,0.010000,0.075000,2
29.850000,29.800000,29.880000,29.791600,-0.050000,0.088400,2
29.860000,29.860000,29.895000,29.850000,0.000000,0.045000,1
29.795000,29.860000,29.860000,29.795000,0.065000,0.065000,2
29.870000,29.790000,29.870000,29.780000,-0.080000,0.090000,2
30.000000,29.865000,30.000000,29.860000,-0.135000,0.140000,2
30.130000,30.000000,30.168200,30.000000,-0.130000,0.168200,1
30.050000,30.125000,30.150000,30.021600,0.075000,0.128400,2
30.070000,30.060000,30.080000,30.030000,-0.010000,0.050000,2
30.090000,30.080000,30.120000,30.070000,-0.010000,0.050000,2
30.105000,30.095000,30.140000,30.075000,-0.010000,0.065000,1
30.095000,30.108500,30.175000,30.090000,0.013500,0.085000,2
30.105000,30.085000,30.120000,30.050000,-0.020000,0.070000,2
30.120000,30.110000,30.150000,30.090000,-0.010000,0.060000,2
30.130000,30.120000,30.130000,30.100000,-0.010000,0.030000,1
30.130000,30.135000,30.150000,30.110000,0.005000,0.040000,1
30.110000,30.133000,30.136700,30.090000,0.023000,0.046700,1
30.005000,30.120000,30.120000,29.985000,0.115000,0.135000,2
30.030000,30.000000,30.040000,29.940000,-0.030000,0.100000,2
30.046600,30.025000,30.080000,29.990000,-0.021600,0.090000,1
30.015000,30.040000,30.040000,29.970000,0.025000,0.070000,2
30.040000,30.010000,30.040000,30.000000,-0.030000,0.040000,1
30.010000,30.040000,30.070000,30.000000,0.030000,0.070000,2
30.560000,30.170000,30.580000,30.170000,-0.390000,0.410000,2
30.650000,30.565000,30.785000,30.520000,-0.085000,0.265000,1
30.520000,30.650000,30.720000,30.505000,0.130000,0.215000,1
30.500000,30.520000,30.590000,30.470000,0.020000,0.120000,2
30.570000,30.485000,30.570000,30.460000,-0.085000,0.110000,2
30.585000,30.565000,30.660000,30.565000,-0.020000,0.095000,1
30.580000,30.585000,30.685000,30.580000,0.005000,0.105000,1
30.440000,30.580000,30.595000,30.440000,0.140000,0.155000,1
30.305000,30.450000,30.470000,30.300000,0.145000,0.170000,1
30.305000,30.305000,30.370000,30.260000,0.000000,0.110000,1
30.260000,30.300000,30.330000,30.230000,0.040000,0.100000,2
30.335000,30.265000,30.340000,30.225000,-0.070000,0.115000,2
30.380000,30.330000,30.430000,30.310000,-0.050000,0.120000,1
30.340000,30.380000,30.415000,30.320000,0.040000,0.095000,1
30.250000,30.340000,30.340000,30.220000,0.090000,0.120000,2
30.260000,30.250000,30.280000,30.210000,-0.010000,0.070000,2
30.310000,30.260000,30.310000,30.180000,-0.050000,0.130000,1
30.255000,30.310000,30.310000,30.210000,0.055000,0.100000,1
30.245000,30.250000,30.280000,30.220000,0.005000,0.060000,2
30.280000,30.240000,30.300000,30.190000,-0.040000,0.110000,2
30.345000,30.285000,30.370000,30.260000,-0.060000,0.110000,2
30.390000,30.345000,30.410000,30.330000,-0.045000,0.080000,2
30.410000,30.380000,30.420000,30.360000,-0.030000,0.060000,1
30.410000,30.420000,30.440000,30.390000,0.010000,0.050000,1
30.380000,30.415000,30.420000,30.360000,0.035000,0.060000,2
30.430000,30.380000,30.470000,30.380000,-0.050000,0.090000,1
30.380000,30.640000,30.640000,30.370000,0.260000,0.270000,2
30.450000,30.380000,30.630000,30.380000,-0.070000,0.250000,2
30.455000,30.460100,30.540000,30.455000,0.005100,0.085000,1
30.445000,30.450000,30.485000,30.410000,0.005000,0.075000,1
30.410000,30.440000,30.455000,30.380000,0.030000,0.075000,1
30.390000,30.400000,30.425000,30.350000,0.010000,0.075000,1
30.365000,30.390000,30.402600,30.310000,0.025000,0.092600,1
30.260100,30.370000,30.380000,30.260000,0.109900,0.120000,1
30.220000,30.255000,30.270000,30.170000,0.035000,0.100000,1
30.155000,30.220000,30.220000,30.130000,0.065000,0.090000,2
30.240000,30.155000,30.250000,30.144800,-0.085000,0.105200,2
30.262200,30.230000,30.310000,30.230000,-0.032200,0.080000,1
30.170000,30.265100,30.265100,30.140000,0.095100,0.125100,1
30.150000,30.160000,30.170000,30.120000,0.010000,0.050000,1
30.120000,30.150000,30.185000,30.120000,0.030000,0.065000,1
30.115000,30.130000,30.140000,30.080000,0.015000,0.060000,2
30.150000,30.120000,30.150000,30.085000,-0.030000,0.065000,1
30.140000,30.150000,30.175000,30.130000,0.010000,0.045000,1
30.090000,30.135000,30.160000,30.080000,0.045000,0.080000,1
30.080000,30.090000,30.135000,30.055000,0.010000,0.080000,2
30.150000,30.080000,30.170000,30.070000,-0.070000,0.100000,2
30.200000,30.156600,30.200000,30.130000,-0.043400,0.070000,2
30.240000,30.200000,30.240000,30.160000,-0.040000,0.080000,1
30.116000,30.240000,30.240000,30.110000,0.124000,0.130000,2
30.155000,30.124900,30.160000,30.090000,-0.030100,0.070000,2
30.230000,30.160000,30.260000,30.160000,-0.070000,0.100000,1
30.010000,30.075000,30.195000,29.990000,0.065000,0.205000,2
30.082500,30.170000,30.170000,30.040000,0.087500,0.130000,1
30.010000,30.080000,30.110000,29.995000,0.070000,0.115000,2
30.180000,30.010000,30.235000,30.010000,-0.170000,0.225000,2
30.200000,30.180000,30.245000,30.160000,-0.020000,0.085000,1
30.130000,30.190000,30.200000,30.120000,0.060000,0.080000,2
30.145000,30.130000,30.160000,30.105000,-0.015000,0.055000,1
30.135000,30.150000,30.155000,30.105000,0.015000,0.050000,2
30.150000,30.140000,30.150000,30.120000,-0.010000,0.030000,2
30.160000,30.155000,30.165000,30.130000,-0.005000,0.035000,2
30.165000,30.170000,30.170000,30.145000,0.005000,0.025000,1
30.125000,30.160000,30.175300,30.125000,0.035000,0.050300,2
30.145000,30.130000,30.160000,30.105000,-0.015000,0.055000,1
30.115000,30.135000,30.135000,30.105000,0.020000,0.030000,2
30.120000,30.115000,30.135000,30.115000,-0.005000,0.020000,1
30.080000,30.115000,30.115000,30.061200,0.035000,0.053800,1
30.070000,30.075500,30.080000,30.035000,0.005500,0.045000,1
30.067800,30.070000,30.080000,30.040000,0.002200,0.040000,1
30.065000,30.070000,30.085000,30.050000,0.005000,0.035000,1
30.030000,30.065000,30.075000,30.025000,0.035000,0.050000,2
30.040000,30.025000,30.050000,30.010000,-0.015000,0.040000,1
30.035000,30.040000,30.050000,30.020000,0.005000,0.030000,1
30.000000,30.030000,30.030000,30.000000,0.030000,0.030000,2
30.015000,30.005000,30.020000,29.990000,-0.010000,0.030000,2
30.040000,30.000000,30.040000,30.000000,-0.040000,0.040000,1
29.995000,30.050000,30.050000,29.970000,0.055000,0.080000,1
29.970000,29.990000,30.000000,29.950000,0.020000,0.050000,1
29.950000,29.960000,29.960000,29.910000,0.010000,0.050000,2
30.000000,29.950000,30.010000,29.950000,-0.050000,0.060000,1
29.960000,29.990000,30.005700,29.940000,0.030000,0.065700,2
30.005000,29.950000,30.020000,29.935000,-0.055000,0.085000,1
30.005000,30.005000,30.020000,29.990000,0.000000,0.030000,2
30.050000,30.010000,30.050000,30.004400,-0.040000,0.045600,2
30.060000,30.050000,30.075000,30.050000,-0.010000,0.025000,2
30.130000,30.055000,30.130000,30.050000,-0.075000,0.080000,2
30.155000,30.125000,30.170000,30.110000,-0.030000,0.060000,1
30.100000,30.155000,30.170000,30.095000,0.055000,0.075000,2
30.115000,30.110000,30.120000,30.080000,-0.005000,0.040000,2
30.120000,30.115000,30.130000,30.115000,-0.005000,0.015000,2
30.135000,30.125000,30.140000,30.110000,-0.010000,0.030000,1
30.100000,30.136100,30.160000,30.100000,0.036100,0.060000,1
30.070000,30.100000,30.110000,30.064000,0.030000,0.046000,2
30.085000,30.069900,30.085000,30.032800,-0.015100,0.052200,2
30.120000,30.090000,30.120000,30.070000,-0.030000,0.050000,1
30.070000,30.110000,30.110000,30.070000,0.040000,0.040000,1
30.035000,30.070000,30.090000,30.030000,0.035000,0.060000,2
30.050000,30.030000,30.050000,30.020000,-0.020000,0.030000,1
30.045000,30.060000,30.080000,30.040000,0.015000,0.040000,2
30.070000,30.030000,30.085000,30.030000,-0.040000,0.055000,1
30.070000,30.070000,30.080000,30.055000,0.000000,0.025000,2
30.125000,30.070000,30.125000,30.070000,-0.055000,0.055000,1
30.125000,30.120000,30.140000,30.110000,-0.005000,0.030000,1
30.125000,30.125000,30.140000,30.120000,0.000000,0.020000,2
30.140000,30.120000,30.140000,30.115000,-0.020000,0.025000,2
30.240000,30.140000,30.255000,30.140000,-0.100000,0.115000,2
30.395000,30.245900,30.420000,30.245000,-0.149100,0.175000,1
30.320000,30.390000,30.400000,30.310000,0.070000,0.090000,1
30.310000,30.320000,30.370000,30.290000,0.010000,0.080000,2
30.320000,30.320000,30.360000,30.290000,0.000000,0.070000,1
30.305000,30.325000,30.360000,30.305000,0.020000,0.055000,2
30.335000,30.315000,30.370000,30.305000,-0.020000,0.065000,1
30.300000,30.340000,30.350000,30.290000,0.040000,0.060000,1
30.300000,30.300000,30.300000,30.274700,0.000000,0.025300,1
30.280000,30.295000,30.300000,30.270000,0.015000,0.030000,1
30.250000,30.280000,30.285000,30.250000,0.030000,0.035000,1
30.238400,30.245000,30.270000,30.235000,0.006600,0.035000,2
30.310000,30.230000,30.310000,30.220000,-0.080000,0.090000,1
30.295000,30.315000,30.315000,30.280000,0.020000,0.035000,2
30.310000,30.296600,30.330000,30.295000,-0.013400,0.035000,2
30.350000,30.305000,30.360000,30.305000,-0.045000,0.055000,1
30.330000,30.350000,30.370000,30.330000,0.020000,0.040000,1
30.330000,30.335000,30.347500,30.315000,0.005000,0.032500,1
30.295000,30.335000,30.350000,30.290000,0.040000,0.060000,2
30.325000,30.295000,30.325000,30.285000,-0.030000,0.040000,2
30.330000,30.320000,30.350000,30.310000,-0.010000,0.040000,1
30.310000,30.325000,30.340000,30.310000,0.015000,0.030000,1
30.295000,30.310000,30.315000,30.290000,0.015000,0.025000,1
30.280000,30.290000,30.310000,30.260000,0.010000,0.050000,1
30.120000,30.000000,30.130000,30.000000,-0.120000,0.130000,1
29.980000,30.125000,30.128100,29.975000,0.145000,0.153100,1
29.915000,29.975000,29.990000,29.910000,0.060000,0.080000,2
29.950000,29.930000,29.980000,29.880000,-0.020000,0.100000,2
30.080000,29.945000,30.080000,29.920000,-0.135000,0.160000,1
30.070000,30.080000,30.100000,30.040000,0.010000,0.060000,2
30.095000,30.080000,30.130000,30.075000,-0.015000,0.055000,1
30.080000,30.080000,30.110000,30.080000,0.000000,0.030000,2
30.090000,30.085000,30.100000,30.065000,-0.005000,0.035000,2
30.105000,30.100000,30.140000,30.085000,-0.005000,0.055000,1
30.090000,30.100000,30.110000,30.030000,0.010000,0.080000,2
30.135000,30.090000,30.140000,30.080000,-0.045000,0.060000,1
30.120000,30.140000,30.180000,30.110000,0.020000,0.070000,1
30.060000,30.120000,30.125000,30.040000,0.060000,0.085000,2
30.085000,30.070000,30.095000,30.055000,-0.015000,0.040000,1
30.035000,30.080000,30.100000,30.035000,0.045000,0.065000,1
29.995000,30.044500,30.055000,29.990000,0.049500,0.065000,1
29.970000,30.000000,30.015000,29.970000,0.030000,0.045000,2
29.980000,29.970000,29.995000,29.950000,-0.010000,0.045000,1
29.950000,29.980000,29.990000,29.950000,0.030000,0.040000,2
29.980000,29.960000,29.980000,29.930000,-0.020000,0.050000,1
29.980000,29.975000,30.010000,29.970000,-0.005000,0.040000,1
29.980000,29.990000,30.010000,29.980000,0.010000,0.030000,2
30.010000,30.000000,30.025000,30.000000,-0.010000,0.025000,2
30.050000,30.015000,30.050000,30.000000,-0.035000,0.050000,1
30.045000,30.050000,30.080000,30.040000,0.005000,0.040000,2
30.065000,30.040000,30.080000,30.040000,-0.025000,0.040000,1
30.065000,30.060000,30.080000,30.030000,-0.005000,0.050000,2
30.120000,30.070000,30.120000,30.070000,-0.050000,0.050000,2
30.140000,30.120000,30.140000,30.120000,-0.020000,0.020000,1
30.140000,30.140000,30.180000,30.130000,0.000000,0.050000,1
30.125000,30.140000,30.150000,30.115000,0.015000,0.035000,1
30.085000,30.120000,30.135000,30.080000,0.035000,0.055000,2
30.096800,30.090000,30.097000,30.060000,-0.006800,0.037000,1
30.060000,30.085000,30.100000,30.060000,0.025000,0.040000,1
30.060000,30.055000,30.070000,30.050000,-0.005000,0.020000,2
30.070000,30.050000,30.080000,30.050000,-0.020000,0.030000,1
30.060000,30.074900,30.080000,30.055000,0.014900,0.025000,1
30.010100,30.065000,30.075000,30.010100,0.054900,0.064900,1
29.995000,30.010000,30.030000,29.970000,0.015000,0.060000,2
30.000000,30.000000,30.010000,29.985000,0.000000,0.025000,2
30.070000,30.000000,30.070000,30.000000,-0.070000,0.070000,1
30.060000,30.065000,30.100000,30.055000,0.005000,0.045000,1
30.060000,30.050000,30.095000,30.050000,-0.010000,0.045000,2
30.070000,30.060000,30.080000,30.060000,-0.010000,0.020000,1
30.070000,30.075000,30.095000,30.060000,0.005000,0.035000,2
30.115000,30.070000,30.130000,30.070000,-0.045000,0.060000,1
30.105000,30.120000,30.120000,30.090000,0.015000,0.030000,1
30.085000,30.100000,30.110000,30.085000,0.015000,0.025000,1
30.080000,30.080000,30.095000,30.060000,0.000000,0.035000,1
30.080000,30.075000,30.100000,30.065000,-0.005000,0.035000,1
30.080000,30.080000,30.095000,30.070000,0.000000,0.025000,1
30.070000,30.090000,30.090000,30.066000,0.020000,0.024000,1
30.060000,30.075000,30.080000,30.060000,0.015000,0.020000,1
30.040000,30.060000,30.060000,30.035000,0.020000,0.025000,1
30.020000,30.030000,30.045800,30.010000,0.010000,0.035800,2
30.040000,30.030000,30.045000,30.010000,-0.010000,0.035000,1
30.030000,30.045000,30.050000,30.025000,0.015000,0.025000,2
30.060000,30.025000,30.065000,30.020000,-0.035000,0.045000,1
30.030400,30.055000,30.060000,30.030000,0.024600,0.030000,2
30.035000,30.040000,30.050000,30.020000,0.005000,0.030000,1
30.025000,30.035000,30.035000,30.010000,0.010000,0.025000,1
30.025000,30.025000,30.040000,30.020000,0.000000,0.020000,1
30.018300,30.030000,30.030000,30.010000,0.011700,0.020000,2
30.047900,30.010200,30.060000,30.010200,-0.037700,0.049800,1
30.000000,30.045000,30.050000,30.000000,0.045000,0.050000,1
29.990000,30.000000,30.010000,29.980000,0.010000,0.030000,2
30.010000,29.995000,30.020000,29.990000,-0.015000,0.030000,1
30.005000,30.010000,30.015000,29.990000,0.005000,0.025000,1
30.000000,30.003700,30.015000,30.000000,0.003700,0.015000,1
29.961300,30.000000,30.010000,29.960000,0.038700,0.050000,2
29.970000,29.960000,29.980000,29.960000,-0.010000,0.020000,1
29.965000,29.970000,29.970000,29.950000,0.005000,0.020000,1
29.951300,29.965000,29.978100,29.950000,0.013700,0.028100,1
29.950000,29.950000,29.957900,29.930000,0.000000,0.027900,2
29.990000,29.960000,30.010000,29.955000,-0.030000,0.055000,1
29.985000,29.980000,29.985000,29.935000,-0.005000,0.050000,1
29.970000,29.980000,29.985000,29.950000,0.010000,0.035000,2
30.000000,29.990000,30.050000,29.970000,-0.010000,0.080000,2
30.035000,30.000000,30.070000,30.000000,-0.035000,0.070000,2
30.060000,30.035000,30.130000,30.035000,-0.025000,0.095000,1
30.020000,30.065000,30.100000,30.020000,0.045000,0.080000,2
30.030000,30.020000,30.070000,30.000000,-0.010000,0.070000,1
29.967500,30.030000,30.055000,29.960000,0.062500,0.095000,1
29.890000,29.960000,29.960000,29.870000,0.070000,0.090000,2
29.945000,29.900000,29.950000,29.890000,-0.045000,0.060000,2
30.010000,29.950000,30.030000,29.950000,-0.060000,0.080000,2
30.020000,30.010000,30.040000,29.960000,-0.010000,0.080000,2
30.045000,30.020000,30.053400,30.000000,-0.025000,0.053400,2
30.070000,30.050000,30.080000,30.000000,-0.020000,0.080000,1
30.020000,30.068300,30.095000,30.005500,0.048300,0.089500,2
30.030000,30.010000,30.045000,30.000000,-0.020000,0.045000,2
30.065300,30.040000,30.080000,30.015000,-0.025300,0.065000,1
29.995000,30.047900,30.060100,29.990000,0.052900,0.070100,2
30.020000,30.000000,30.070000,29.995000,-0.020000,0.075000,1
30.020000,30.015800,30.030000,29.995000,-0.004200,0.035000,1
29.970000,30.020000,30.040000,29.960000,0.050000,0.080000,1
29.930000,29.970000,29.970000,29.920000,0.040000,0.050000,1
29.930000,29.940000,29.949900,29.890000,0.010000,0.059900,1
