123.900000,123.780000,124.220000,123.550000,-0.120000,0.670000,1
123.756100,123.870000,124.230000,123.610000,0.113900,0.620000,2
123.800000,123.760000,123.830000,123.350000,-0.040000,0.480000,2
123.880000,123.820000,124.040000,123.750000,-0.060000,0.290000,2
123.970000,123.890000,124.080000,123.880000,-0.080000,0.200000,1
123.940000,123.950000,124.030000,123.740000,0.010000,0.290000,2
124.000000,123.970000,124.060000,123.840000,-0.030000,0.220000,1
123.910000,124.280000,124.315000,123.560000,0.370000,0.755000,2
124.450000,123.910000,124.480000,123.890000,-0.540000,0.590000,2
124.891000,124.420000,124.910000,124.335000,-0.471000,0.575000,1
124.320000,124.910000,124.920000,124.310000,0.590000,0.610000,2
124.375000,124.306400,124.380000,124.090000,-0.068600,0.290000,1
124.100000,124.400000,124.530000,124.070000,0.300000,0.460000,2
124.270000,124.080000,124.325000,124.070000,-0.190000,0.255000,2
125.330000,125.410000,125.490000,124.760000,0.080000,0.730000,2
125.350000,125.347200,125.530000,125.110000,-0.002800,0.420000,2
125.445000,125.329600,125.540000,125.240000,-0.115400,0.300000,2
125.550000,125.450000,125.690000,125.310000,-0.100000,0.380000,2
125.560000,125.545000,125.698600,125.500000,-0.015000,0.198600,1
125.530000,125.550000,125.560000,125.370000,0.020000,0.190000,1
125.190000,125.520000,125.520000,125.150000,0.330000,0.370000,1
124.099900,124.250000,124.760000,123.760000,0.150100,1.000000,1
123.925000,124.010000,124.340000,123.650000,0.085000,0.690000,1
123.460000,123.900000,124.120000,123.315000,0.440000,0.805000,2
123.730000,123.420000,123.815000,123.390000,-0.310000,0.425000,1
123.529000,123.780000,123.897200,123.470000,0.251000,0.427200,2
123.937500,123.540000,123.950000,123.320000,-0.397500,0.630000,1
123.840000,123.920000,124.131500,123.750000,0.080000,0.381500,1
123.660000,123.880000,124.355000,123.220000,0.220000,1.135000,1
123.220000,123.680000,123.720000,123.130000,0.460000,0.590000,1
122.820000,123.250000,123.300000,122.680000,0.430000,0.620000,2
122.950000,122.830000,123.250000,122.780000,-0.120000,0.470000,1
122.340000,122.955000,122.969900,122.330000,0.615000,0.639900,2
122.620000,122.350000,122.830000,122.350000,-0.270000,0.480000,1
122.480000,122.595000,122.700000,122.270000,0.115000,0.430000,1
122.045000,122.040000,122.230000,121.508400,-0.005000,0.721600,2
122.450000,122.015000,122.620000,121.680000,-0.435000,0.940000,2
122.980000,122.510000,122.980000,122.440000,-0.470000,0.540000,2
123.230000,122.990000,123.250000,122.820000,-0.240000,0.430000,1
122.570000,123.250000,123.250000,122.570000,0.680000,0.680000,2
122.980000,122.590000,123.200000,122.430000,-0.390000,0.770000,2
123.340000,123.020000,123.485000,122.930000,-0.320000,0.555000,1
123.340000,123.300000,123.640000,122.950000,-0.040000,0.690000,1
123.340000,123.350000,123.560000,123.230000,0.010000,0.330000,1
122.650000,123.280000,123.290000,122.570000,0.630000,0.720000,1
122.520000,122.630000,122.710000,122.280000,0.110000,0.430000,2
122.980000,122.550000,122.980000,122.264600,-0.430000,0.715400,1
122.760000,122.980000,123.070000,122.730000,0.220000,0.340000,1
122.400000,122.760000,122.790000,122.335000,0.360000,0.455000,2
123.570000,122.940000,123.630000,122.940000,-0.630000,0.690000,1
122.850000,123.470000,123.640000,122.800000,0.620000,0.840000,1
122.650000,122.850000,122.890000,122.350000,0.200000,0.540000,1
122.300000,122.670200,122.670200,122.020000,0.370200,0.650200,2
122.440000,122.330000,122.680000,122.280000,-0.110000,0.400000,2
122.580000,122.440000,122.756600,122.420000,-0.140000,0.336600,2
122.590000,122.600100,122.700000,122.520000,0.010100,0.180000,1
119.680000,121.540000,121.580000,119.370000,1.860000,2.210000,1
118.920000,119.640000,119.640000,118.100000,0.720000,1.540000,1
118.920000,118.990000,119.520000,118.580000,0.070000,0.940000,1
118.510000,118.860000,118.900000,118.490000,0.350000,0.410000,1
117.560000,118.540000,118.540000,117.430000,0.980000,1.110000,2
117.850000,117.560000,118.160000,117.510300,-0.290000,0.649700,2
117.940000,117.900000,118.300000,117.830000,-0.040000,0.470000,1
117.250000,117.730000,118.310000,117.200000,0.480000,1.110000,2
117.820000,117.240000,118.030000,117.240000,-0.580000,0.790000,2
118.010000,117.790000,118.190000,117.680000,-0.220000,0.510000,2
118.020000,117.980000,118.120000,117.835000,-0.040000,0.285000,1
117.765000,118.030000,118.110000,117.750000,0.265000,0.360000,2
117.855900,117.770000,118.003100,117.680000,-0.085900,0.323100,1
117.670000,117.840000,117.850000,117.640000,0.170000,0.210000,2
117.790000,118.130000,118.560000,117.760000,0.340000,0.800000,1
117.580000,117.825000,117.920000,117.540000,0.245000,0.380000,1
117.280000,117.600000,117.680400,117.260000,0.320000,0.420400,1
117.140000,117.270000,117.340000,117.091000,0.130000,0.249000,2
117.770100,117.170000,117.800000,117.160000,-0.600100,0.640000,2
117.900000,117.750000,117.955000,117.685000,-0.150000,0.270000,1
117.820000,117.900000,118.005000,117.700000,0.080000,0.305000,2
118.120000,117.830000,118.120000,117.330000,-0.290000,0.790000,1
117.890000,118.050000,118.200000,117.890000,0.160000,0.310000,2
118.220000,117.900000,118.310000,117.870000,-0.320000,0.440000,1
117.860000,118.190000,118.235000,117.840000,0.330000,0.395000,1
117.860000,117.865000,117.910000,117.650000,0.005000,0.260000,1
117.840000,117.860000,118.020000,117.780000,0.020000,0.240000,1
117.740000,117.820000,117.860000,117.580000,0.080000,0.280000,2
118.840000,118.260000,118.920000,118.050000,-0.580000,0.870000,1
118.570000,118.860000,118.910000,118.430000,0.290000,0.480000,1
118.556400,118.560000,118.730000,118.410000,0.003600,0.320000,2
118.600000,118.550000,118.600000,118.380000,-0.050000,0.220000,1
118.500000,118.625000,118.670000,118.450000,0.125000,0.220000,1
118.280000,118.470000,118.470000,118.220000,0.190000,0.250000,1
117.950000,118.280000,118.280000,117.810000,0.330000,0.470000,2
119.050000,118.710000,119.365000,118.470000,-0.340000,0.895000,2
119.240000,118.970000,119.430000,118.840000,-0.270000,0.590000,1
119.220100,119.190000,119.365000,119.060000,-0.030100,0.305000,1
119.220000,119.260000,119.330000,119.140100,0.040000,0.189900,1
118.930000,119.200000,119.270000,118.930000,0.270000,0.340000,2
119.300000,118.960000,119.360000,118.960000,-0.340000,0.400000,1
118.930000,119.295000,119.310000,118.890000,0.365000,0.420000,1
118.190000,118.320000,118.739900,117.830000,0.130000,0.909900,1
117.850000,118.190000,118.330000,117.770000,0.340000,0.560000,2
118.102000,117.840000,118.200000,117.710000,-0.262000,0.490000,1
117.965000,118.090000,118.160000,117.960000,0.125000,0.200000,2
118.060000,117.965000,118.060000,117.790000,-0.095000,0.270000,1
117.993400,118.040000,118.050000,117.930000,0.046600,0.120000,2
118.120000,117.986400,118.120000,117.880000,-0.133600,0.240000,2
119.095000,118.970000,119.330000,118.850000,-0.125000,0.480000,2
119.460000,119.070000,119.511800,119.020000,-0.390000,0.491800,1
119.220000,119.400000,119.480000,119.040000,0.180000,0.440000,1
119.110000,119.230000,119.236000,119.000000,0.120000,0.236000,1
119.080000,119.090000,119.159000,118.740000,0.010000,0.419000,1
118.990000,119.060000,119.130000,118.880000,0.070000,0.250000,2
119.012200,118.975000,119.020000,118.880000,-0.037200,0.140000,2
120.070000,119.320000,120.210000,119.200000,-0.750000,1.010000,1
119.800000,120.070000,120.070000,119.630000,0.270000,0.440000,2
119.880000,119.780000,119.880000,119.510000,-0.100000,0.370000,2
119.915100,119.880000,119.950000,119.830000,-0.035100,0.120000,2
120.250000,119.920000,120.250000,119.840000,-0.330000,0.410000,2
120.469900,120.240000,120.470000,120.220000,-0.229900,0.250000,1
120.340000,120.460000,120.470000,120.260000,0.120000,0.210000,2
121.000000,120.500000,121.210000,120.430000,-0.500000,0.780000,1
120.790000,120.960000,121.320000,120.680000,0.170000,0.640000,1
120.090000,120.790000,120.790000,120.033000,0.700000,0.757000,2
120.250000,120.120000,120.340000,120.100000,-0.130000,0.240000,1
119.980000,120.240000,120.280000,119.760000,0.260000,0.520000,2
120.010000,119.990000,120.130000,119.920000,-0.020000,0.210000,1
119.860000,120.000000,120.100000,119.775000,0.140000,0.325000,2
120.160000,120.120000,120.360000,119.900000,-0.040000,0.460000,2
120.510000,120.360000,120.580000,120.120000,-0.150000,0.460000,1
120.500000,120.520000,120.810000,120.470000,0.020000,0.340000,2
120.660000,120.500000,120.780000,120.480000,-0.160000,0.300000,1
120.430000,120.630000,120.665000,120.400000,0.200000,0.265000,2
120.595000,120.410000,120.600000,120.310000,-0.185000,0.290000,1
120.230000,120.590000,120.639000,120.149000,0.360000,0.490000,1
120.090000,120.140000,120.410000,119.760000,0.050000,0.650000,1
119.720000,120.130000,120.260000,119.640000,0.410000,0.620000,1
119.590000,119.730000,119.868700,119.570000,0.140000,0.298700,2
119.900000,119.600000,120.028300,119.560000,-0.300000,0.468300,2
120.160000,119.910000,120.380000,119.910000,-0.250000,0.470000,1
119.850000,120.070000,120.250000,119.780000,0.220000,0.470000,1
119.810000,119.900000,120.090000,119.730000,0.090000,0.360000,1
118.700000,119.210000,119.330000,118.290000,0.510000,1.040000,1
118.330000,118.740000,118.880000,118.310000,0.410000,0.570000,1
118.220000,118.350000,118.480000,118.123700,0.130000,0.356300,2
118.400000,118.220000,118.470000,118.100000,-0.180000,0.370000,1
118.400000,118.380000,118.540000,118.334900,-0.020000,0.205100,1
118.380000,118.390000,118.479900,118.310000,0.010000,0.169900,2
118.460000,118.380000,118.620000,118.360000,-0.080000,0.260000,2
119.070000,118.880000,119.588900,118.670000,-0.190000,0.918900,1
118.590000,119.050000,119.090000,118.530000,0.460000,0.560000,2
118.660000,118.595000,118.670000,118.350000,-0.065000,0.320000,2
118.810000,118.630000,118.830000,118.580000,-0.180000,0.250000,2
118.890000,118.840000,119.070000,118.818500,-0.050000,0.251500,1
118.620000,118.860000,118.870000,118.620000,0.240000,0.250000,2
118.870000,118.630000,118.870000,118.490000,-0.240000,0.380000,1
117.560000,118.000000,118.000000,117.370000,0.440000,0.630000,1
117.510000,117.520000,117.829200,117.270000,0.010000,0.559200,2
118.040000,117.520000,118.120000,117.500000,-0.520000,0.620000,2
118.480000,118.040000,118.490000,118.040000,-0.440000,0.450000,2
118.670000,118.460000,118.690000,118.420000,-0.210000,0.270000,2
118.770000,118.670000,118.870000,118.430000,-0.100000,0.440000,2
118.920000,118.770000,118.930000,118.640000,-0.150000,0.290000,1
117.610000,117.980000,118.500000,117.450000,0.370000,1.050000,1
116.720000,117.580000,117.580000,116.400000,0.860000,1.180000,1
116.060000,116.720000,116.740000,115.980000,0.660000,0.760000,1
115.500000,116.080000,116.150000,115.140000,0.580000,1.010000,1
115.370000,115.520000,115.670000,115.290000,0.150000,0.380000,2
115.540000,115.380000,115.700000,115.320000,-0.160000,0.380000,1
115.230000,115.540000,115.540000,115.200000,0.310000,0.340000,1
114.380000,114.450000,114.850000,113.410000,0.070000,1.440000,2
115.090000,114.390000,115.110000,114.310000,-0.700000,0.800000,1
114.200000,115.100000,115.332500,114.200000,0.900000,1.132500,1
114.160000,114.190000,114.410000,114.070000,0.030000,0.340000,2
114.370000,114.180000,114.370000,114.110000,-0.190000,0.260000,1
114.300000,114.320000,114.500000,114.170000,0.020000,0.330000,2
114.610000,114.320000,114.680000,114.270000,-0.290000,0.410000,2
114.820000,115.510000,115.690000,114.510000,0.690000,1.180000,2
115.090000,114.800000,115.196500,114.690000,-0.290000,0.506500,1
114.800000,115.100000,115.150000,114.695000,0.300000,0.455000,2
114.965000,114.820000,115.130000,114.770000,-0.145000,0.360000,1
114.950000,114.970000,114.970000,114.670000,0.020000,0.300000,1
114.790000,114.960000,115.020000,114.775000,0.170000,0.245000,1
114.480000,114.780000,114.780000,114.430000,0.300000,0.350000,2
115.260000,114.250000,115.570000,113.810000,-1.010000,1.760000,1
115.080000,115.300000,115.320000,114.810000,0.220000,0.510000,2
115.285000,115.110000,115.400000,114.920000,-0.175000,0.480000,2
115.620000,115.309700,115.720000,115.300000,-0.310300,0.420000,1
115.265000,115.615000,115.615000,115.180000,0.350000,0.435000,1
115.210000,115.250000,115.325000,115.110000,0.040000,0.215000,1
115.040000,115.200000,115.380000,114.980000,0.160000,0.400000,2
116.850000,116.430000,116.880000,116.150000,-0.420000,0.730000,2
117.160000,116.760000,117.470000,116.680000,-0.400000,0.790000,1
116.510000,117.219100,117.250000,116.259800,0.709100,0.990200,1
116.450000,116.515200,116.580000,116.200000,0.065200,0.380000,1
116.240000,116.460000,116.484000,116.182200,0.220000,0.301800,1
116.085000,116.260000,116.270000,116.000000,0.175000,0.270000,1
115.790000,116.080000,116.120000,115.770000,0.290000,0.350000,1
115.210000,115.980000,116.330000,115.100000,0.770000,1.230000,2
115.600000,115.270000,115.829000,115.121000,-0.330000,0.708000,2
116.475000,115.610000,116.515100,115.610000,-0.865000,0.905100,1
116.430000,116.440100,116.490000,116.260000,0.010100,0.230000,1
116.210000,116.420000,116.515000,116.190000,0.210000,0.325000,1
115.990000,116.210000,116.370000,115.990000,0.220000,0.380000,2
116.270000,115.990000,116.310000,115.970000,-0.280000,0.340000,2
116.770000,116.430000,117.200000,116.385000,-0.340000,0.815000,2
117.080000,116.790000,117.190000,116.670000,-0.290000,0.520000,2
117.400000,117.100000,117.600000,117.090000,-0.300000,0.510000,1
116.810000,117.420000,117.450000,116.730000,0.610000,0.720000,2
116.910000,116.810000,117.000000,116.790000,-0.100000,0.210000,2
117.370000,116.910000,117.395000,116.824300,-0.460000,0.570700,1
117.370000,117.360000,117.450000,117.280000,-0.010000,0.170000,2
118.340000,117.670000,118.680000,117.625000,-0.670000,1.055000,1
117.960000,118.380000,118.460000,117.820000,0.420000,0.640000,2
118.450000,118.350000,118.470000,118.040000,-0.100000,0.430000,1
118.110000,118.350000,118.350000,118.100000,0.240000,0.250000,2
118.450000,118.190000,118.470000,118.040000,-0.260000,0.430000,1
118.340000,118.510000,118.680000,118.280000,0.170000,0.400000,1
118.300000,118.380000,118.460000,118.230000,0.080000,0.230000,1
118.010000,118.280000,118.310000,118.010000,0.270000,0.300000,1
117.870000,118.030000,118.030000,117.820000,0.160000,0.210000,2
117.960000,117.940000,118.100000,117.940000,-0.020000,0.160000,1
117.800000,118.000000,118.000000,117.800000,0.200000,0.200000,1
117.750000,117.720000,117.810000,117.610000,-0.030000,0.200000,1
117.630000,117.790000,117.790000,117.580000,0.160000,0.210000,1
117.630000,117.610000,117.700000,117.570000,-0.020000,0.130000,1
117.460000,117.620000,117.620000,117.420000,0.160000,0.200000,2
117.535000,117.480000,117.535000,117.380000,-0.055000,0.155000,2
117.540000,117.540000,117.630000,117.470000,0.000000,0.160000,1
117.430100,117.555900,117.600000,117.430100,0.125800,0.169900,2
117.610000,117.430000,117.610000,117.400000,-0.180000,0.210000,2
117.630000,117.620000,117.680000,117.570000,-0.010000,0.110000,2
117.700000,117.680000,117.757400,117.650000,-0.020000,0.107400,1
117.580000,117.730000,117.730000,117.540000,0.150000,0.190000,1
117.470000,117.560000,117.590000,117.460000,0.090000,0.130000,1
117.320000,117.450100,117.455000,117.310000,0.130100,0.145000,2
117.410000,117.333300,117.470000,117.310000,-0.076700,0.160000,1
117.360000,117.430000,117.465000,117.280000,0.070000,0.185000,2
117.485000,117.350000,117.485000,117.335000,-0.135000,0.150000,2
117.570000,117.500000,117.600000,117.480000,-0.070000,0.120000,2
118.620000,118.620000,118.810000,118.480000,0.000000,0.330000,2
118.780000,118.540000,118.880000,118.540000,-0.240000,0.340000,1
118.470000,118.780000,118.820000,118.320000,0.310000,0.500000,2
118.510000,118.440000,118.590000,118.440000,-0.070000,0.150000,1
118.509000,118.500000,118.560000,118.330000,-0.009000,0.230000,2
118.570000,118.470000,118.610000,118.400000,-0.100000,0.210000,2
118.660000,118.570000,118.660000,118.320000,-0.090000,0.340000,1
118.490000,118.610000,118.610000,118.344400,0.120000,0.265600,1
118.450000,118.490000,118.510000,118.440000,0.040000,0.070000,1
118.240000,118.440000,118.480000,118.210000,0.200000,0.270000,1
118.210000,118.290000,118.310000,118.170000,0.080000,0.140000,1
118.180000,118.210000,118.270000,118.170000,0.030000,0.100000,2
118.310000,118.220000,118.370000,118.220000,-0.090000,0.150000,1
118.200000,118.329900,118.400000,118.200000,0.129900,0.200000,1
118.180000,118.210000,118.220000,118.130000,0.030000,0.090000,2
118.220000,118.200000,118.290000,118.200000,-0.020000,0.090000,1
118.210000,118.200000,118.300000,118.150000,-0.010000,0.150000,2
118.260000,118.220000,118.370000,118.189800,-0.040000,0.180200,1
118.190000,118.270000,118.300000,118.120000,0.080000,0.180000,2
118.210000,118.180000,118.220000,118.080000,-0.030000,0.140000,2
118.240000,118.230000,118.260000,118.180000,-0.010000,0.080000,1
118.170000,118.260000,118.260000,118.100000,0.090000,0.160000,1
118.130000,118.140000,118.140000,117.980000,0.010000,0.160000,2
118.160100,118.150000,118.210000,118.123000,-0.010100,0.087000,2
118.190000,118.180000,118.340000,118.180000,-0.010000,0.160000,1
118.140000,118.170000,118.255000,118.122500,0.030000,0.132500,2
118.940000,118.270000,118.940000,118.270000,-0.670000,0.670000,2
119.000000,118.880000,119.050000,118.840000,-0.120000,0.210000,2
119.100000,118.990000,119.180000,118.970000,-0.110000,0.210000,2
119.140000,119.150000,119.373300,119.070000,0.010000,0.303300,2
119.595000,119.145000,119.595000,119.120000,-0.450000,0.475000,2
119.630000,119.545000,119.690000,119.420000,-0.085000,0.270000,2
119.850000,119.649900,119.880000,119.546100,-0.200100,0.333900,1
119.700000,119.860000,119.860000,119.641000,0.160000,0.219000,2
119.730000,119.710000,119.770000,119.660000,-0.020000,0.110000,1
119.640000,119.710000,119.830000,119.580000,0.070000,0.250000,2
119.830000,119.660000,119.830000,119.660000,-0.170000,0.170000,2
119.885000,119.870000,119.970000,119.756200,-0.015000,0.213800,1
119.800000,119.915000,119.940000,119.790000,0.115000,0.150000,2
119.980000,119.800000,120.030000,119.780000,-0.180000,0.250000,1
119.840000,119.970000,120.040000,119.823500,0.130000,0.216500,1
119.740000,119.870000,119.880000,119.700000,0.130000,0.180000,2
119.860000,119.760000,119.920000,119.750000,-0.100000,0.170000,2
119.880000,119.880000,119.950000,119.840000,0.000000,0.110000,1
119.830000,119.875000,119.875000,119.770000,0.045000,0.105000,1
119.750000,119.830000,119.845000,119.680000,0.080000,0.165000,1
119.739900,119.750000,119.750000,119.670000,0.010100,0.080000,2
119.820000,119.750000,119.830000,119.689900,-0.070000,0.140100,1
119.741000,119.840000,119.840000,119.710000,0.099000,0.130000,2
119.820000,119.755000,119.900000,119.745000,-0.065000,0.155000,1
119.730000,119.800000,119.880000,119.720000,0.070000,0.160000,1
119.500000,119.720000,119.770000,119.490000,0.220000,0.280000,2
120.190000,120.300000,121.270000,120.190000,0.110000,1.080000,2
120.410000,120.240000,120.470000,120.220000,-0.170000,0.250000,1
120.091000,120.380000,120.380000,120.066300,0.289000,0.313700,1
119.830000,120.060000,120.210000,119.830000,0.230000,0.380000,2
119.910000,119.763800,119.910000,119.630000,-0.146200,0.280000,2
119.950000,119.875000,120.195000,119.860000,-0.075000,0.335000,1
119.930000,119.968600,120.020000,119.860000,0.038600,0.160000,1
119.570000,119.950000,119.950000,119.550000,0.380000,0.400000,1
119.550000,119.560000,119.605000,119.455700,0.010000,0.149300,1
119.330000,119.540000,119.560000,119.180000,0.210000,0.380000,1
119.250000,119.331600,119.340000,119.120000,0.081600,0.220000,2
119.300000,119.230000,119.350000,119.150000,-0.070000,0.200000,2
119.530000,119.280000,119.530000,119.280000,-0.250000,0.250000,1
119.410000,119.560000,119.560000,119.400000,0.150000,0.160000,2
119.420000,119.420100,119.520000,119.400000,0.000100,0.120000,1
119.320000,119.420000,119.460000,119.320000,0.100000,0.140000,1
119.310000,119.310000,119.320000,119.160000,0.000000,0.160000,2
119.410000,119.340000,119.480000,119.300000,-0.070000,0.180000,1
119.290000,119.400000,119.410000,119.245000,0.110000,0.165000,2
119.320000,119.320000,119.410000,119.300000,0.000000,0.110000,1
119.230000,119.320000,119.320000,119.145000,0.090000,0.175000,1
119.170000,119.205900,119.230000,119.140000,0.035900,0.090000,2
119.350000,119.170000,119.350000,119.125000,-0.180000,0.225000,2
119.430000,119.370000,119.450000,119.350000,-0.060000,0.100000,1
119.395000,119.425000,119.480000,119.370000,0.030000,0.110000,2
119.450000,119.385000,119.610000,119.360000,-0.065000,0.250000,2
119.900000,119.960000,120.030000,119.495000,0.060000,0.535000,2
120.180000,119.920000,120.420000,119.810000,-0.260000,0.610000,2
120.470000,120.270000,120.600000,120.265000,-0.200000,0.335000,2
120.550000,120.440000,120.590000,120.370000,-0.110000,0.220000,2
120.670000,120.580000,120.720000,120.490000,-0.090000,0.230000,1
120.090000,120.680000,120.690000,120.070000,0.590000,0.620000,2
120.180000,120.180000,120.230000,119.990000,0.000000,0.240000,2
120.230000,120.160000,120.250000,120.030000,-0.070000,0.220000,1
120.179900,120.250000,120.250000,120.100000,0.070100,0.150000,1
120.051000,120.110000,120.140000,120.020000,0.059000,0.120000,2
120.330000,120.067700,120.330000,120.005000,-0.262300,0.325000,2
120.340000,120.345000,120.440000,120.315000,0.005000,0.125000,1
120.310000,120.370000,120.460000,120.250000,0.060000,0.210000,2
120.435000,120.320000,120.450000,120.310000,-0.115000,0.140000,2
120.578200,120.460000,120.630000,120.420000,-0.118200,0.210000,1
120.440000,120.570000,120.600000,120.340000,0.130000,0.260000,2
120.460000,120.410000,120.510000,120.370000,-0.050000,0.140000,1
120.390000,120.446600,120.446600,120.282000,0.056600,0.164600,2
120.430000,120.380000,120.440000,120.348200,-0.050000,0.091800,2
120.450000,120.470000,120.500000,120.360000,0.020000,0.140000,2
120.500000,120.440000,120.520000,120.390000,-0.060000,0.130000,1
120.405000,120.485000,120.510000,120.405000,0.080000,0.105000,2
120.520000,120.380000,120.530000,120.370000,-0.140000,0.160000,2
120.700000,120.520000,120.700000,120.470000,-0.180000,0.230000,2
121.150000,120.695000,121.220000,120.680000,-0.455000,0.540000,1
121.060000,121.160000,121.250000,120.800100,0.100000,0.449900,2
122.710000,122.000000,122.980000,122.000000,-0.710000,0.980000,1
122.480000,122.696200,122.820000,122.400000,0.216200,0.420000,1
122.410000,122.440000,122.660000,122.380000,0.030000,0.280000,1
122.150000,122.340000,122.390000,122.090000,0.190000,0.300000,1
121.780000,122.130000,122.180000,121.780000,0.350000,0.400000,2
121.910000,121.770000,121.910000,121.620000,-0.140000,0.290000,1
121.660000,121.917500,121.950000,121.630000,0.257500,0.320000,2
121.772400,121.675000,121.840000,121.650000,-0.097400,0.190000,2
121.921600,121.790000,122.000000,121.780000,-0.131600,0.220000,1
121.890000,122.000000,122.000000,121.890000,0.110000,0.110000,2
121.970000,121.900000,122.000000,121.900000,-0.070000,0.100000,2
122.209600,121.955000,122.240000,121.950000,-0.254600,0.290000,1
122.100000,122.190000,122.210000,122.080000,0.090000,0.130000,1
122.000000,122.094000,122.120000,121.890000,0.094000,0.230000,1
121.811400,121.991600,121.991600,121.800000,0.180200,0.191600,2
121.830000,121.794100,121.920000,121.780000,-0.035900,0.140000,2
122.050000,121.850000,122.090000,121.840000,-0.200000,0.250000,2
122.100000,122.060000,122.145000,122.060000,-0.040000,0.085000,2
122.370000,122.120000,122.370000,122.120000,-0.250000,0.250000,2
122.630000,122.355000,122.640000,122.265000,-0.275000,0.375000,1
122.560000,122.630000,122.670000,122.540000,0.070000,0.130000,1
122.490000,122.540000,122.585000,122.490000,0.050000,0.095000,2
122.600000,122.510000,122.640000,122.510000,-0.090000,0.130000,2
122.655000,122.600000,122.670000,122.560000,-0.055000,0.110000,1
122.520000,122.650000,122.650000,122.490000,0.130000,0.160000,2
122.610000,122.545000,122.710000,122.530000,-0.065000,0.180000,2
123.690000,123.610000,124.219900,123.600100,-0.080000,0.619800,1
123.170000,123.650000,123.650000,123.170000,0.480000,0.480000,2
123.690000,123.160000,123.690000,123.120000,-0.530000,0.570000,1
123.600000,123.650000,123.860000,123.600000,0.050000,0.260000,1
123.570000,123.640000,123.640000,123.390000,0.070000,0.250000,1
123.240000,123.565000,123.630000,123.240000,0.325000,0.390000,2
123.250000,123.220000,123.250000,122.960000,-0.030000,0.290000,2
123.390000,123.250000,123.400000,123.080000,-0.140000,0.320000,1
123.330000,123.370000,123.399900,123.280000,0.040000,0.119900,1
123.085000,123.330000,123.335000,123.050000,0.245000,0.285000,2
123.290000,123.110000,123.290000,123.100000,-0.180000,0.190000,2
123.404700,123.300000,123.410000,123.300000,-0.104700,0.110000,2
123.490000,123.410000,123.490000,123.278900,-0.080000,0.211100,2
123.620000,123.490000,123.670000,123.450000,-0.130000,0.220000,1
123.380000,123.590000,123.590000,123.353100,0.210000,0.236900,1
123.287500,123.350000,123.350000,123.260000,0.062500,0.090000,1
123.126500,123.270000,123.280000,123.110000,0.143500,0.170000,2
123.230000,123.115000,123.230100,123.115000,-0.115000,0.115100,2
123.300000,123.240000,123.340000,123.180000,-0.060000,0.160000,2
123.445000,123.290000,123.490000,123.280000,-0.155000,0.210000,1
123.418700,123.390000,123.440000,123.285000,-0.028700,0.155000,1
123.400000,123.420000,123.460000,123.380000,0.020000,0.080000,2
123.440000,123.400000,123.470000,123.330000,-0.040000,0.140000,2
123.480000,123.460000,123.520000,123.390000,-0.020000,0.130000,1
123.450000,123.490000,123.530000,123.390000,0.040000,0.140000,1
123.380000,123.440000,123.519900,123.230000,0.060000,0.289900,1
123.220000,122.820000,123.220000,122.600000,-0.400000,0.620000,1
123.170000,123.270000,123.400000,123.000000,0.100000,0.400000,1
123.030000,123.150000,123.210000,122.950000,0.120000,0.260000,2
123.240000,123.050000,123.350000,123.020000,-0.190000,0.330000,2
123.270000,123.150000,123.320000,123.050000,-0.120000,0.270000,2
123.290000,123.280000,123.370000,123.240000,-0.010000,0.130000,1
122.920000,123.300000,123.300000,122.870000,0.380000,0.430000,2
123.062000,122.942900,123.090000,122.890000,-0.119100,0.200000,1
122.940000,123.070000,123.120000,122.830000,0.130000,0.290000,1
122.870000,122.940000,122.980000,122.820000,0.070000,0.160000,2
122.970000,122.897700,122.970000,122.897700,-0.072300,0.072300,2
122.980000,122.990000,123.020000,122.940000,0.010000,0.080000,1
122.970000,122.980000,123.070000,122.950000,0.010000,0.120000,2
123.102000,122.980000,123.110000,122.960000,-0.122000,0.150000,1
123.009900,123.110000,123.110000,123.009900,0.100100,0.100100,2
123.060000,123.010000,123.090000,123.001000,-0.050000,0.089000,1
122.880000,123.050000,123.050000,122.850000,0.170000,0.200000,1
122.710000,122.860000,122.860000,122.710000,0.150000,0.150000,2
122.740000,122.750000,122.960000,122.650100,0.010000,0.309900,1
122.620000,122.760000,122.830000,122.565600,0.140000,0.264400,1
122.400000,122.620000,122.660000,122.350000,0.220000,0.310000,2
122.490000,122.380000,122.490000,122.355000,-0.110000,0.135000,1
122.350000,122.447800,122.450000,122.320000,0.097800,0.130000,1
122.288000,122.360000,122.540000,122.288000,0.072000,0.252000,1
122.100000,122.300000,122.370000,122.100000,0.200000,0.270000,1
122.000000,122.070000,122.070000,121.760000,0.070000,0.310000,2
122.190000,122.445000,122.730000,122.070000,0.255000,0.660000,1
121.780000,122.180000,122.320000,121.780000,0.400000,0.540000,2
121.810000,121.770000,122.070000,121.770000,-0.040000,0.300000,2
121.820000,121.840000,121.877500,121.765000,0.020000,0.112500,2
122.480000,121.910000,122.480000,121.820000,-0.570000,0.660000,1
122.190000,122.490000,122.490000,122.190000,0.300000,0.300000,2
122.260000,122.210000,122.290000,122.200000,-0.050000,0.090000,2
122.440000,122.300000,122.486100,122.281000,-0.140000,0.205100,2
122.586600,122.430000,122.590000,122.330000,-0.156600,0.260000,2
122.630000,122.590000,122.670000,122.580000,-0.040000,0.090000,2
122.805000,122.673600,122.865000,122.650000,-0.131400,0.215000,2
122.853100,122.830000,122.920000,122.780000,-0.023100,0.140000,2
122.930000,122.870000,123.000000,122.800000,-0.060000,0.200000,1
122.790000,122.950000,122.950000,122.790000,0.160000,0.160000,1
122.660000,122.770000,122.770000,122.630000,0.110000,0.140000,2
122.664100,122.677300,122.690900,122.596000,0.013200,0.094900,2
122.760000,122.630000,122.780000,122.620000,-0.130000,0.160000,2
122.780000,122.750000,122.855000,122.730000,-0.030000,0.125000,1
122.720000,122.800000,122.820000,122.630000,0.080000,0.190000,2
122.870000,122.715000,122.881900,122.700000,-0.155000,0.181900,1
122.810000,122.884300,122.950000,122.810000,0.074300,0.140000,1
122.690000,122.820000,122.820000,122.600000,0.130000,0.220000,2
122.790000,122.680000,122.840000,122.680000,-0.110000,0.160000,1
122.710000,122.784400,122.830000,122.680000,0.074400,0.150000,1
122.440000,122.700000,122.700000,122.400000,0.260000,0.300000,2
122.460000,122.440000,122.600000,122.400000,-0.020000,0.200000,1
122.380000,121.780000,122.380000,121.780000,-0.600000,0.600000,2
122.470000,122.290000,122.530000,122.250000,-0.180000,0.280000,1
122.200000,122.440000,122.520000,122.160000,0.240000,0.360000,2
122.779400,122.200000,122.800000,122.161600,-0.579400,0.638400,2
122.820000,122.810000,122.950000,122.790100,-0.010000,0.159900,2
123.070000,122.830000,123.137700,122.810000,-0.240000,0.327700,1
122.980000,123.090000,123.125000,122.930000,0.110000,0.195000,2
123.010000,122.950000,123.035000,122.910000,-0.060000,0.125000,1
122.950000,122.980000,123.200000,122.950000,0.030000,0.250000,2
123.100000,122.929800,123.100000,122.890000,-0.170200,0.210000,2
123.110000,123.120000,123.120000,122.990000,0.010000,0.130000,1
123.100000,123.120000,123.170000,123.050000,0.020000,0.120000,2
123.120000,123.110000,123.180000,123.080000,-0.010000,0.100000,1
123.040000,123.120000,123.120000,122.840000,0.080000,0.280000,1
122.920000,123.040000,123.040000,122.900000,0.120000,0.140000,2
123.050000,122.930000,123.110000,122.930000,-0.120000,0.180000,1
122.930000,123.055000,123.069900,122.930000,0.125000,0.139900,1
122.865000,122.920000,123.020000,122.860000,0.055000,0.160000,1
122.817000,122.850000,122.870000,122.680000,0.033000,0.190000,1
122.710000,122.800000,122.800000,122.610000,0.090000,0.190000,1
122.625000,122.690000,122.710000,122.600000,0.065000,0.110000,2
122.690000,122.620000,122.770000,122.550000,-0.070000,0.220000,1
122.440000,122.700000,122.770000,122.430000,0.260000,0.340000,2
122.560000,122.465000,122.624800,122.460000,-0.095000,0.164800,1
122.540000,122.570000,122.675000,122.440000,0.030000,0.235000,1
122.270000,122.500000,122.580000,122.260000,0.230000,0.320000,2
123.960000,123.170000,123.990000,123.170000,-0.790000,0.820000,2
124.290000,123.960000,124.290000,123.770000,-0.330000,0.520000,2
124.450000,124.360000,124.580000,124.250000,-0.090000,0.330000,1
124.330000,124.460000,124.460000,124.190000,0.130000,0.270000,1
124.280000,124.366600,124.430000,124.210000,0.086600,0.220000,2
124.440000,124.330000,124.460000,124.330000,-0.110000,0.130000,1
124.440000,124.395000,124.480000,124.290000,-0.045000,0.190000,2
124.450000,124.490000,124.580000,124.360000,0.040000,0.220000,2
124.530000,124.370000,124.530000,124.240000,-0.160000,0.290000,2
124.690000,124.540000,124.860000,124.540000,-0.150000,0.320000,1
124.480000,124.690000,124.690000,124.430000,0.210000,0.260000,1
124.400000,124.480000,124.600000,124.350000,0.080000,0.250000,1
124.360000,124.430000,124.430000,124.240000,0.070000,0.190000,1
124.350000,124.320000,124.520000,124.228200,-0.030000,0.291800,1
124.300000,124.360000,124.390000,124.210000,0.060000,0.180000,1
124.300000,124.290000,124.305000,124.190000,-0.010000,0.115000,2
124.475000,124.310000,124.520000,124.310000,-0.165000,0.210000,1
124.100000,124.495000,124.500000,124.100000,0.395000,0.400000,2
124.200000,124.100000,124.242100,124.020000,-0.100000,0.222100,2
124.430000,124.240000,124.490000,124.200000,-0.190000,0.290000,2
124.440000,124.410000,124.460000,124.350000,-0.030000,0.110000,2
124.550000,124.459900,124.590000,124.390000,-0.090100,0.200000,1
124.420000,124.570000,124.590000,124.365400,0.150000,0.224600,1
124.290000,124.435000,124.450000,124.220000,0.145000,0.230000,1
124.130000,124.260000,124.260000,124.080000,0.130000,0.180000,2
124.430000,124.120000,124.520000,124.120000,-0.310000,0.400000,2
125.440000,125.130000,125.750000,124.820000,-0.310000,0.930000,1
124.690000,125.454200,125.520000,124.510000,0.764200,1.010000,1
124.520000,124.620000,124.750000,124.440000,0.100000,0.310000,1
124.520000,124.540000,124.740000,124.450000,0.020000,0.290000,1
124.390000,124.560000,124.660000,124.330000,0.170000,0.330000,2
124.800000,124.400000,124.980000,124.400000,-0.400000,0.580000,2
125.040000,124.830000,125.160000,124.780000,-0.210000,0.380000,1
124.840000,124.970000,125.020000,124.740000,0.130000,0.280000,2
125.220000,124.872900,125.290000,124.780000,-0.347100,0.510000,2
125.265000,125.230000,125.320000,125.150000,-0.035000,0.170000,2
125.280000,125.311000,125.461300,125.280000,0.031000,0.181300,2
125.480000,125.280000,125.480000,125.220000,-0.200000,0.260000,2
125.560000,125.477200,125.700000,125.461900,-0.082800,0.238100,1
125.270000,125.529000,125.529000,125.240000,0.259000,0.289000,1
125.175000,125.270000,125.310000,125.156000,0.095000,0.154000,1
125.060000,125.175000,125.240000,125.050000,0.115000,0.190000,1
125.040000,125.070000,125.150000,125.030000,0.030000,0.120000,1
125.010000,125.015000,125.015000,124.800000,0.005000,0.215000,1
124.915000,124.990000,125.070000,124.890000,0.075000,0.180000,2
124.985100,124.915000,125.020000,124.915000,-0.070100,0.105000,1
124.940000,125.020000,125.020000,124.880000,0.080000,0.140000,1
124.880000,124.940000,124.990000,124.840000,0.060000,0.150000,1
124.780000,124.890000,124.900000,124.779200,0.110000,0.120800,2
124.880000,124.810000,124.880000,124.740000,-0.070000,0.140000,1
124.783000,124.920000,124.920000,124.750000,0.137000,0.170000,1
124.760000,124.800000,124.870000,124.695000,0.040000,0.175000,2
125.050000,125.010000,125.350000,124.900000,-0.040000,0.450000,1
125.010000,125.070000,125.070000,124.820000,0.060000,0.250000,2
125.630000,124.970000,125.630000,124.830000,-0.660000,0.800000,1
125.560000,125.580000,125.770000,125.539600,0.020000,0.230400,1
125.440000,125.470000,125.470000,125.010000,0.030000,0.460000,2
125.470000,125.560000,125.630000,125.470000,0.090000,0.160000,2
125.765000,125.510000,125.830000,125.400000,-0.255000,0.430000,1
125.380000,125.730000,125.760000,125.335000,0.350000,0.425000,1
125.275000,125.378000,125.380000,125.120800,0.103000,0.259200,2
125.320000,125.260000,125.370000,125.260000,-0.060000,0.110000,1
125.120000,125.385000,125.385000,125.050000,0.265000,0.335000,2
125.125000,125.120000,125.150000,124.980000,-0.005000,0.170000,2
125.190000,125.150100,125.300000,125.105000,-0.039900,0.195000,2
125.400000,125.200000,125.400000,125.122900,-0.200000,0.277100,1
125.360000,125.380000,125.450000,125.330000,0.020000,0.120000,1
125.360000,125.310000,125.360000,125.244500,-0.050000,0.115500,2
125.450000,125.420000,125.580000,125.390000,-0.030000,0.190000,2
125.583100,125.450000,125.619800,125.400000,-0.133100,0.219800,1
125.340000,125.590000,125.630000,125.320000,0.250000,0.310000,1
125.290000,125.340000,125.340000,125.180000,0.050000,0.160000,1
125.000000,125.286700,125.290000,124.910000,0.286700,0.380000,2
125.050000,125.000000,125.080000,124.880000,-0.050000,0.200000,2
125.080000,125.100000,125.100000,124.950000,0.020000,0.150000,1
125.060000,125.070000,125.110000,124.930000,0.010000,0.180000,2
125.180000,125.060000,125.190000,125.030000,-0.120000,0.160000,2
125.300000,125.190000,125.360000,125.190000,-0.110000,0.170000,1
124.830000,124.800000,125.190000,124.800000,-0.030000,0.390000,1
124.800000,124.770000,125.139900,124.770000,-0.030000,0.369900,1
124.640000,124.820000,124.820000,124.590000,0.180000,0.230000,2
125.070000,124.630000,125.130000,124.600000,-0.440000,0.530000,1
124.860000,125.050000,125.239900,124.810000,0.190000,0.429900,2
125.080000,124.900000,125.280000,124.890000,-0.180000,0.390000,2
125.336600,125.170000,125.590000,125.170000,-0.166600,0.420000,1
125.240000,125.355000,125.480000,125.240000,0.115000,0.240000,1
125.050000,125.240000,125.340000,124.940000,0.190000,0.400000,1
124.935000,125.030000,125.080000,124.935000,0.095000,0.145000,1
124.890000,124.920000,124.970000,124.700000,0.030000,0.270000,1
124.690000,124.860000,124.870000,124.530000,0.170000,0.340000,2
125.000000,124.690000,125.060000,124.650000,-0.310000,0.410000,1
124.905000,124.940000,125.060000,124.890000,0.035000,0.170000,1
124.710000,124.890000,124.890000,124.710000,0.180000,0.180000,2
124.715000,124.745000,124.770000,124.600000,0.030000,0.170000,1
124.390000,124.710000,124.710000,124.225000,0.320000,0.485000,1
124.332800,124.420000,124.430000,124.230000,0.087200,0.200000,2
124.370000,124.322500,124.380000,124.200000,-0.047500,0.180000,2
124.450000,124.370000,124.460000,124.270000,-0.080000,0.190000,2
124.620000,124.450000,124.795000,124.370000,-0.170000,0.425000,2
124.850000,124.629900,124.861600,124.590000,-0.220100,0.271600,1
124.840000,124.840000,124.960000,124.810000,0.000000,0.150000,1
124.770000,124.820000,124.972800,124.765000,0.050000,0.207800,2
124.800000,124.750000,124.810000,124.640000,-0.050000,0.170000,2
124.940000,124.800000,125.080000,124.800000,-0.140000,0.280000,1
124.770000,125.000000,125.450000,124.770000,0.230000,0.680000,2
125.192000,124.900000,125.192000,124.820000,-0.292000,0.372000,2
125.580000,125.290000,125.705000,125.290000,-0.290000,0.415000,2
125.610000,125.510000,125.730000,125.470000,-0.100000,0.260000,2
125.760000,125.670000,125.890000,125.640000,-0.090000,0.250000,1
125.270000,125.650000,125.650000,125.104000,0.380000,0.546000,1
125.260700,125.210000,125.330000,125.100000,-0.050700,0.230000,2
125.480000,125.270000,125.545000,125.270000,-0.210000,0.275000,1
125.210000,125.420000,125.450200,125.140000,0.210000,0.310200,1
124.890200,125.180000,125.220000,124.890000,0.289800,0.330000,2
125.035000,124.870000,125.110000,124.870000,-0.165000,0.240000,1
124.900000,125.010000,125.030000,124.870000,0.110000,0.160000,2
124.970000,124.870000,125.040000,124.770000,-0.100000,0.270000,2
125.070000,124.950000,125.270000,124.830000,-0.120000,0.440000,2
125.190000,125.060000,125.200000,125.040000,-0.130000,0.160000,2
125.210000,125.220000,125.229000,125.010000,0.010000,0.219000,2
125.270000,125.230000,125.270000,124.990000,-0.040000,0.280000,1
125.170000,125.290000,125.328300,125.150000,0.120000,0.178300,1
124.915000,125.190000,125.190000,124.865000,0.275000,0.325000,2
124.960000,124.910000,125.135000,124.910000,-0.050000,0.225000,1
124.920000,124.960000,125.050000,124.856500,0.040000,0.193500,2
125.070000,124.910000,125.070000,124.910000,-0.160000,0.160000,1
124.990000,125.090000,125.110000,124.920000,0.100000,0.190000,2
125.020000,124.970000,125.040000,124.870000,-0.050000,0.170000,2
125.040000,125.010000,125.040000,124.830000,-0.030000,0.210000,2
125.380000,125.060000,125.380000,125.060000,-0.320000,0.320000,1
124.480000,124.040000,124.490000,123.910000,-0.440000,0.580000,1
124.290000,124.130100,124.350000,124.110000,-0.159900,0.240000,2
124.480000,124.398400,124.500000,124.290300,-0.081600,0.209700,2
124.740000,124.500000,124.740000,124.493500,-0.240000,0.246500,2
124.910000,124.770000,124.910000,124.736000,-0.140000,0.174000,2
124.920000,124.920000,124.960000,124.825000,0.000000,0.135000,2
125.160000,125.030000,125.180000,125.030000,-0.130000,0.150000,2
125.280000,125.100000,125.280000,125.100000,-0.180000,0.180000,2
125.310000,125.240000,125.350000,125.240000,-0.070000,0.110000,1
125.110000,125.310000,125.350000,125.110000,0.200000,0.240000,1
124.690000,125.070000,125.120000,124.690000,0.380000,0.430000,2
124.780000,124.720000,124.780000,124.680000,-0.060000,0.100000,2
125.000000,124.760000,125.000000,124.760000,-0.240000,0.240000,1
124.967000,124.970000,125.009900,124.920000,0.003000,0.089900,2
124.980000,125.040000,125.060000,124.919700,0.060000,0.140300,1
124.880000,125.050000,125.050000,124.860000,0.170000,0.190000,2
125.090000,124.910000,125.090000,124.860000,-0.180000,0.230000,1
125.050000,125.160000,125.160000,125.050000,0.110000,0.110000,1
124.860000,125.069000,125.069000,124.860000,0.209000,0.209000,2
124.910000,124.840000,124.930000,124.770000,-0.070000,0.160000,2
125.100000,124.960000,125.100000,124.940000,-0.140000,0.160000,2
125.300000,125.080000,125.300000,125.070000,-0.220000,0.230000,1
125.240000,125.256000,125.256000,125.190000,0.016000,0.066000,2
125.400000,125.290000,125.400000,125.290000,-0.110000,0.110000,1
125.270000,125.440000,125.440000,125.270000,0.170000,0.170000,2
125.460000,125.330000,125.460000,125.260000,-0.130000,0.200000,1
125.240000,125.370000,125.420000,125.230000,0.130000,0.190000,1
124.875000,125.230000,125.240900,124.870000,0.355000,0.370900,1
124.770000,124.870000,124.900000,124.750000,0.100000,0.150000,1
124.720000,124.760000,124.780000,124.640000,0.040000,0.140000,1
124.690000,124.670000,124.715000,124.595600,-0.020000,0.119400,1
124.600000,124.650000,124.720000,124.580000,0.050000,0.140000,2
124.700000,124.565000,124.700000,124.565000,-0.135000,0.135000,2
124.720000,124.710000,124.750000,124.660000,-0.010000,0.090000,2
124.750000,124.740000,124.760000,124.650000,-0.010000,0.110000,1
124.730000,124.760000,124.760000,124.660000,0.030000,0.100000,1
124.600000,124.730400,124.731300,124.600000,0.130400,0.131300,2
124.639600,124.620000,124.640000,124.610000,-0.019600,0.030000,2
124.670000,124.610000,124.721100,124.600000,-0.060000,0.121100,1
124.670000,124.670000,124.710000,124.670000,0.000000,0.040000,1
124.610000,124.680000,124.710000,124.610000,0.070000,0.100000,1
124.550000,124.630000,124.660000,124.550000,0.080000,0.110000,2
124.610000,124.520000,124.640000,124.520000,-0.090000,0.120000,2
124.730000,124.610000,124.780000,124.570000,-0.120000,0.210000,1
124.670000,124.700000,124.700000,124.620000,0.030000,0.080000,1
124.590000,124.680000,124.720000,124.590000,0.090000,0.130000,2
124.680000,124.600000,124.680000,124.570000,-0.080000,0.110000,1
124.655000,124.710000,124.720000,124.655000,0.055000,0.065000,2
124.760000,124.650000,124.800000,124.650000,-0.110000,0.150000,1
124.660000,124.780000,124.800000,124.655000,0.120000,0.145000,2
124.720000,124.660000,124.760000,124.660000,-0.060000,0.100000,1
124.620000,124.680000,124.680000,124.620000,0.060000,0.060000,2
124.650000,124.650000,124.680000,124.619100,0.000000,0.060900,2
124.695000,124.680000,124.700000,124.660000,-0.015000,0.040000,2
124.930000,124.680000,124.930000,124.680000,-0.250000,0.250000,2
124.970000,124.960000,124.990000,124.900000,-0.010000,0.090000,1
124.840000,124.969300,124.969300,124.840000,0.129300,0.129300,2
124.890000,124.850000,124.900000,124.820000,-0.040000,0.080000,2
124.910000,124.883400,124.910000,124.880000,-0.026600,0.030000,1
124.910000,124.905000,125.005000,124.896500,-0.005000,0.108500,1
124.877500,124.910000,124.960000,124.877500,0.032500,0.082500,1
124.800000,124.890000,124.905000,124.785000,0.090000,0.120000,2
124.850000,124.770000,124.880000,124.770000,-0.080000,0.110000,1
124.840000,124.839000,124.850000,124.805000,-0.001000,0.045000,2
124.847500,124.850000,124.880000,124.820000,0.002500,0.060000,1
124.830000,124.880000,124.890000,124.830000,0.050000,0.060000,2
124.855000,124.820000,124.900000,124.820000,-0.035000,0.080000,1
124.855000,124.850000,124.865000,124.765700,-0.005000,0.099300,2
124.873400,124.855000,124.905000,124.820000,-0.018400,0.085000,1
124.823200,124.880000,124.902500,124.780000,0.056800,0.122500,1
124.820000,124.840000,124.840000,124.750000,0.020000,0.090000,2
125.100000,124.830000,125.140000,124.830000,-0.270000,0.310000,1
124.960000,125.110000,125.130000,124.960000,0.150000,0.170000,2
125.020000,124.950000,125.020000,124.890000,-0.070000,0.130000,1
124.950000,125.035000,125.050000,124.950000,0.085000,0.100000,2
124.970000,124.950000,125.040000,124.950000,-0.020000,0.090000,1
124.900000,124.960000,124.970000,124.890000,0.060000,0.080000,1
124.850000,124.900000,125.170000,124.850000,0.050000,0.320000,2
126.043500,125.580000,126.210000,125.580000,-0.463500,0.630000,1
125.630000,126.000000,126.020000,125.446200,0.370000,0.573800,2
125.700000,125.595000,125.700000,125.425000,-0.105000,0.275000,1
125.480000,125.640000,125.640000,125.380000,0.160000,0.260000,2
125.890000,125.460000,125.890000,125.340000,-0.430000,0.550000,2
126.060000,125.910000,126.180000,125.910000,-0.150000,0.270000,2
126.170000,126.110000,126.170000,125.990000,-0.060000,0.180000,1
126.030000,126.060000,126.190000,126.010000,0.030000,0.180000,1
125.700000,126.050000,126.145000,125.680000,0.350000,0.465000,2
125.850000,125.720000,125.850000,125.533000,-0.130000,0.317000,1
125.750000,125.840000,125.910000,125.700000,0.090000,0.210000,2
125.950000,125.780000,125.960000,125.690000,-0.170000,0.270000,2
126.050000,125.945000,126.150000,125.945000,-0.105000,0.205000,2
126.110000,126.135000,126.200000,126.070000,0.025000,0.130000,2
126.265200,126.220000,126.265200,126.180000,-0.045200,0.085200,1
126.230000,126.230000,126.300000,126.050000,0.000000,0.250000,1
125.950000,126.200000,126.200000,125.940000,0.250000,0.260000,2
125.995500,125.970000,126.170000,125.960000,-0.025500,0.210000,1
125.905000,125.930000,125.970000,125.830000,0.025000,0.140000,1
125.830000,125.900000,125.930000,125.830000,0.070000,0.100000,2
125.990000,125.850000,126.010000,125.850000,-0.140000,0.160000,2
126.170000,126.020000,126.240000,126.020000,-0.150000,0.220000,2
126.230000,126.210000,126.250000,126.170000,-0.020000,0.080000,2
126.260000,126.240000,126.330000,126.140000,-0.020000,0.190000,2
126.390000,126.200000,126.420000,126.180000,-0.190000,0.240000,1
126.170000,126.425000,126.440000,126.160000,0.255000,0.280000,1
126.109900,126.160000,126.230000,126.095000,0.050100,0.135000,2
126.260000,126.250000,126.310000,126.190000,-0.010000,0.120000,2
126.472200,126.285000,126.472200,126.285000,-0.187200,0.187200,2
126.520000,126.500000,126.520000,126.400000,-0.020000,0.120000,1
126.520000,126.540000,126.640000,126.490000,0.020000,0.150000,1
126.480000,126.560000,126.680000,126.480000,0.080000,0.200000,1
126.450000,126.500000,126.605700,126.440000,0.050000,0.165700,2
126.590000,126.475000,126.610000,126.450000,-0.115000,0.160000,2
126.730000,126.550000,126.800000,126.550000,-0.180000,0.250000,2
126.810000,126.715000,126.860000,126.715000,-0.095000,0.145000,1
126.720000,126.860000,126.860000,126.680000,0.140000,0.180000,1
126.621500,126.680000,126.710000,126.580000,0.058500,0.130000,1
126.440000,126.640000,126.680000,126.440000,0.200000,0.240000,2
126.500000,126.420000,126.530000,126.260000,-0.080000,0.270000,2
126.585400,126.520000,126.680000,126.520000,-0.065400,0.160000,2
126.709200,126.570000,126.770000,126.570000,-0.139200,0.200000,1
126.350000,126.680000,126.760000,126.340000,0.330000,0.420000,1
126.300000,126.330000,126.350000,126.250000,0.030000,0.100000,2
126.430000,126.320000,126.430000,126.300000,-0.110000,0.130000,2
126.440000,126.430000,126.550000,126.430000,-0.010000,0.120000,2
126.545000,126.450000,126.580000,126.420000,-0.095000,0.160000,2
126.680000,126.590000,126.740000,126.590000,-0.090000,0.150000,2
126.720000,126.700000,126.720000,126.540000,-0.020000,0.180000,1
126.660000,126.690000,126.720000,126.630000,0.030000,0.090000,2
126.824400,126.683600,126.830000,126.683600,-0.140800,0.146400,2
127.180000,126.795000,127.180000,126.795000,-0.385000,0.385000,1
127.150000,127.150000,127.190000,127.080100,0.000000,0.109900,1
127.120000,127.170000,127.227800,127.060000,0.050000,0.167800,1
126.910000,127.100000,127.100000,126.890000,0.190000,0.210000,2
126.960000,126.920000,127.010000,126.880000,-0.040000,0.130000,2
127.080000,126.971000,127.080000,126.890000,-0.109000,0.190000,2
127.180000,127.100000,127.230000,127.100000,-0.080000,0.130000,2
127.275000,127.150000,127.300000,127.150000,-0.125000,0.150000,2
127.320000,127.270000,127.360000,127.260000,-0.050000,0.100000,1
127.300000,127.340000,127.430000,127.290000,0.040000,0.140000,1
127.200000,127.270000,127.270000,127.110000,0.070000,0.160000,1
127.042000,127.200000,127.210000,127.040000,0.158000,0.170000,1
126.900000,127.100000,127.150000,126.860100,0.200000,0.289900,2
126.970000,126.880000,127.050000,126.880000,-0.090000,0.170000,1
126.890000,126.930000,126.930000,126.830000,0.040000,0.100000,1
126.780000,126.900000,126.950000,126.710000,0.120000,0.240000,2
126.820000,126.790000,126.870000,126.750000,-0.030000,0.120000,1
126.745000,126.830000,126.890000,126.720000,0.085000,0.170000,1
126.630200,126.740000,126.780000,126.630200,0.109800,0.149800,1
126.410000,126.630000,126.630000,126.410000,0.220000,0.220000,2
126.540000,126.440000,126.585000,126.430000,-0.100000,0.155000,2
126.560000,126.540000,126.690000,126.510000,-0.020000,0.180000,2
126.620000,126.570000,126.710000,126.550000,-0.050000,0.160000,1
126.618600,126.570000,126.670000,126.555000,-0.048600,0.115000,2
126.870000,126.640000,126.880000,126.640000,-0.230000,0.240000,2
126.905000,126.880000,126.905000,126.630000,-0.025000,0.275000,1
126.830000,126.890000,126.940000,126.809900,0.060000,0.130100,2
127.336000,127.385000,127.490000,127.030000,0.049000,0.460000,1
127.030000,127.400000,127.560000,126.710000,0.370000,0.850000,1
126.728600,127.100000,127.230000,126.710000,0.371400,0.520000,1
126.470000,126.800000,126.800000,126.470000,0.330000,0.330000,2
126.780000,126.550000,126.780000,126.400000,-0.230000,0.380000,1
126.650000,126.720000,126.800000,126.610000,0.070000,0.190000,1
126.400000,126.570000,126.654300,126.400000,0.170000,0.254300,2
126.630000,126.487400,126.630000,126.440000,-0.142600,0.190000,1
126.225000,126.655000,126.683000,126.200000,0.430000,0.483000,1
126.020000,126.200000,126.235000,126.010000,0.180000,0.225000,2
126.300000,126.280000,126.380000,126.150000,-0.020000,0.230000,2
126.385000,126.330000,126.385000,126.329900,-0.055000,0.055100,1
125.520000,125.500000,125.520000,125.500000,-0.020000,0.020000,1
125.120700,125.450000,125.460000,125.120700,0.329300,0.339300,1
125.027500,125.170000,125.320000,124.970000,0.142500,0.350000,1
124.980000,124.956000,125.000000,124.850000,-0.024000,0.150000,1
124.550000,124.890000,124.915000,124.550000,0.340000,0.365000,1
124.530000,124.560000,124.670000,124.440000,0.030000,0.230000,1
124.530000,124.495000,124.600000,124.420000,-0.035000,0.180000,1
124.520000,124.450000,124.610000,124.370000,-0.070000,0.240000,1
124.480000,124.516000,124.516000,124.180000,0.036000,0.336000,2
