25402.839800,25342.060500,25405.900400,25327.890600,-60.779300,78.009800,1
25395.029300,25400.550800,25420.050800,25367.380900,5.521500,52.669900,2
25413.029300,25392.300800,25417.259800,25375.380900,-20.728500,41.878900,2
25429.820300,25413.310500,25434.230500,25410.750000,-16.509800,23.480500,1
25420.080100,25430.779300,25432.910200,25413.439500,10.699200,19.470700,2
25448.210900,25420.810500,25467.330100,25415.939500,-27.400400,51.390600,2
25459.730500,25446.220700,25459.730500,25436.929700,-13.509800,22.800800,1
25391.019500,25428.919900,25428.919900,25381.679700,37.900400,47.240200,2
25456.140600,25388.929700,25459.089800,25388.929700,-67.210900,70.160100,2
25532.330100,25457.669900,25538.960900,25451.400400,-74.660200,87.560500,1
25503.570300,25532.230500,25539.369100,25500.769500,28.660200,38.599600,2
25508.199200,25504.800800,25509.830100,25462.310500,-3.398400,47.519600,1
25496.070300,25507.490200,25521.609400,25486.080100,11.419900,35.529300,2
25499.369100,25496.169900,25502.519500,25487.669900,-3.199200,14.849600,2
25661.750000,25575.400400,25664.949200,25573.560500,-86.349600,91.388700,1
25655.000000,25668.269500,25687.980500,25652.380900,13.269500,35.599600,2
25665.779300,25654.990200,25676.279300,25648.789100,-10.789100,27.490200,1
25659.609400,25665.750000,25678.779300,25653.599600,6.140600,25.179700,2
25667.609400,25659.589800,25672.689500,25642.599600,-8.019600,30.089900,1
25657.769500,25665.769500,25667.410200,25647.000000,8.000000,20.410200,1
25628.240200,25655.330100,25656.439500,25617.859400,27.089900,38.580100,1
25582.910200,25617.009800,25631.070300,25569.980500,34.099600,61.089800,2
25608.300800,25578.289100,25614.410200,25558.070300,-30.011700,56.339900,1
25568.779300,25608.810500,25619.789100,25563.160200,40.031200,56.628900,2
25586.380900,25568.890600,25594.300800,25568.890600,-17.490300,25.410200,2
25600.289100,25587.830100,25605.410200,25580.089800,-12.459000,25.320400,2
25619.429700,25601.060500,25619.779300,25594.419900,-18.369200,25.359400,1
25583.339800,25620.490200,25627.220700,25583.339800,37.150400,43.880900,2
25594.400400,25576.240200,25604.500000,25561.919900,-18.160200,42.580100,1
25583.960900,25596.619100,25613.310500,25562.019500,12.658200,51.291000,1
25549.070300,25584.800800,25584.800800,25523.410200,35.730500,61.390600,2
25573.179700,25548.300800,25577.449200,25547.240200,-24.878900,30.209000,1
25571.130900,25574.160200,25583.619100,25560.599600,3.029300,23.019500,1
25562.210900,25572.589800,25582.699200,25560.220700,10.378900,22.478500,1
25515.910200,25561.449200,25564.640600,25492.910200,45.539000,71.730400,1
25285.330100,25385.480500,25385.480500,25264.419900,100.150400,121.060600,2
25335.580100,25287.660200,25349.179700,25279.250000,-47.919900,69.929700,1
25332.240200,25338.599600,25371.890600,25314.029300,6.359400,57.861300,1
25314.000000,25334.710900,25343.919900,25295.179700,20.710900,48.740200,1
25226.439500,25314.039100,25316.349600,25224.869100,87.599600,91.480500,2
25329.500000,25224.419900,25348.410200,25223.419900,-105.080100,124.990300,1
25323.269500,25332.189500,25334.470700,25294.679700,8.920000,39.791000,2
25353.810500,25333.919900,25379.550800,25314.169900,-19.890600,65.380900,1
25266.669900,25356.230500,25359.439500,25259.619100,89.560600,99.820400,1
25195.900400,25265.990200,25275.269500,25181.439500,70.089800,93.830000,2
25225.359400,25196.060500,25225.359400,25154.269500,-29.298900,71.089900,2
25268.089800,25234.419900,25274.339800,25211.890600,-33.669900,62.449200,1
25216.429700,25270.320300,25273.210900,25211.460900,53.890600,61.750000,1
25187.169900,25217.609400,25228.779300,25184.390600,30.439500,44.388700,2
25271.949200,25230.589800,25285.679700,25205.740200,-41.359400,79.939500,2
25302.890600,25271.789100,25320.730500,25261.279300,-31.101500,59.451200,2
25309.119100,25296.169900,25309.119100,25270.330100,-12.949200,38.789000,1
25305.640600,25309.599600,25323.990200,25286.189500,3.959000,37.800700,2
25312.109400,25302.519500,25336.470700,25296.630900,-9.589900,39.839800,2
25322.050800,25313.050800,25339.509800,25311.480500,-9.000000,28.029300,1
25292.539100,25318.519500,25323.300800,25290.390600,25.980400,32.910200,1
25012.970700,25164.419900,25178.039100,25006.599600,151.449200,171.439500,2
25057.810500,25002.919900,25074.560500,24969.570300,-54.890600,104.990200,2
25080.619100,25069.470700,25096.570300,25023.519500,-11.148400,73.050800,1
25080.519500,25082.460900,25123.220700,25067.240200,1.941400,55.980500,1
25013.890600,25080.310500,25085.009800,25004.039100,66.419900,80.970700,2
25125.859400,25013.970700,25136.960900,25008.740200,-111.888700,128.220700,2
25163.560500,25127.720700,25194.250000,25127.720700,-35.839800,66.529300,2
25490.289100,25403.630900,25494.169900,25403.560500,-86.658200,90.609400,2
25520.130900,25495.699200,25520.730500,25487.140600,-24.431700,33.589900,2
25572.970700,25519.439500,25594.650400,25507.050800,-53.531200,87.599600,2
25578.960900,25571.609400,25584.580100,25545.640600,-7.351500,38.939500,2
25581.960900,25581.000000,25606.669900,25559.289100,-0.960900,47.380800,2
25598.369100,25580.710900,25600.609400,25555.619100,-17.658200,44.990300,1
25558.730500,25592.880900,25592.880900,25537.000000,34.150400,55.880900,1
25533.910200,25547.099600,25578.919900,25522.199200,13.189400,56.720700,2
25595.720700,25531.779300,25596.650400,25531.779300,-63.941400,64.871100,2
25637.009800,25596.960900,25666.390600,25593.839800,-40.048900,72.550800,1
25593.230500,25637.519500,25637.519500,25590.859400,44.289000,46.660100,2
25702.410200,25592.369100,25713.019500,25592.369100,-110.041100,120.650400,1
25687.099600,25701.390600,25726.849600,25677.849600,14.291000,49.000000,1
25662.060500,25685.720700,25696.810500,25662.060500,23.660200,34.750000,2
25781.119100,25734.240200,25789.919900,25716.910200,-46.878900,73.009700,1
25755.060500,25779.730500,25779.730500,25724.929700,24.670000,54.800800,2
25776.320300,25751.910200,25785.650400,25749.019500,-24.410100,36.630900,1
25770.369100,25775.400400,25778.789100,25758.289100,5.031300,20.500000,2
25780.460900,25770.470700,25782.210900,25761.179700,-9.990200,21.031200,1
25772.880900,25781.900400,25784.199200,25756.230500,9.019500,27.968700,1
25757.300800,25769.750000,25780.189500,25754.750000,12.449200,25.439500,2
25830.480500,25792.740200,25855.179700,25790.970700,-37.740300,64.209000,1
25817.109400,25831.630900,25842.570300,25804.000000,14.521500,38.570300,2
25870.699200,25818.720700,25874.750000,25815.429700,-51.978500,59.320300,2
25877.220700,25871.070300,25888.589800,25860.039100,-6.150400,28.550700,2
25877.500000,25877.429700,25886.599600,25860.140600,-0.070300,26.459000,1
25857.380900,25873.689500,25873.689500,25839.980500,16.308600,33.709000,1
25822.490200,25856.460900,25860.439500,25812.289100,33.970700,48.150400,1
25774.460900,25814.759800,25835.359400,25774.460900,40.298900,60.898500,2
25820.789100,25775.220700,25829.390600,25769.390600,-45.568400,60.000000,1
25789.490200,25817.859400,25823.269500,25789.490200,28.369200,33.779300,1
25780.550800,25792.820300,25797.939500,25769.550800,12.269500,28.388700,1
25742.560500,25779.890600,25790.859400,25722.630900,37.330100,68.228500,2
25749.810500,25745.330100,25759.990200,25736.000000,-4.480400,23.990200,1
25734.919900,25750.669900,25768.130900,25734.919900,15.750000,33.211000,2
25745.539100,25702.980500,25750.380900,25664.539100,-42.558600,85.841800,1
25632.240200,25745.910200,25759.699200,25630.330100,113.670000,129.369100,2
25672.630900,25633.130900,25674.439500,25608.339800,-39.500000,66.099700,1
25659.080100,25673.519500,25687.589800,25633.800800,14.439400,53.789000,2
25665.419900,25659.480500,25668.630900,25639.929700,-5.939400,28.701200,2
25680.160200,25665.820300,25687.279300,25656.570300,-14.339900,30.709000,1
25654.880900,25681.220700,25681.660200,25635.859400,26.339800,45.800800,2
25742.830100,25715.660200,25754.519500,25711.750000,-27.169900,42.769500,2
25783.359400,25743.089800,25807.339800,25741.070300,-40.269600,66.269500,2
25821.359400,25784.410200,25824.410200,25784.050800,-36.949200,40.359400,1
25795.369100,25819.080100,25821.689500,25788.119100,23.711000,33.570400,2
25804.380900,25795.000000,25806.750000,25769.369100,-9.380900,37.380900,1
25789.710900,25803.500000,25805.789100,25777.279300,13.789100,28.509800,2
25790.009800,25788.789100,25801.529300,25780.449200,-1.220700,21.080100,2
26011.980500,25922.000000,26016.859400,25922.000000,-89.980500,94.859400,2
26014.500000,26004.449200,26019.109400,25976.349600,-10.050800,42.759800,2
26057.710900,26014.679700,26063.890600,25992.160200,-43.031200,71.730400,1
26043.699200,26057.980500,26066.599600,26041.230500,14.281300,25.369100,2
26051.480500,26043.019500,26058.990200,26038.869100,-8.461000,20.121100,1
26044.929700,26051.439500,26067.029300,26022.919900,6.509800,44.109400,2
26050.560500,26041.320300,26055.490200,26030.039100,-9.240200,25.451100,2
26088.500000,26109.970700,26122.240200,26076.140600,21.470700,46.099600,2
26099.349600,26086.269500,26111.240200,26077.240200,-13.080100,34.000000,1
26065.380900,26100.080100,26100.080100,26046.449200,34.699200,53.630900,2
26066.169900,26066.460900,26090.150400,26059.849600,0.291000,30.300800,2
26090.730500,26066.480500,26097.199200,26059.509800,-24.250000,37.689400,1
26072.589800,26089.529300,26096.630900,26068.240200,16.939500,28.390700,1
26064.289100,26072.599600,26078.519500,26038.289100,8.310500,40.230400,2
26069.369100,26083.750000,26083.750000,26036.460900,14.380900,47.289100,2
26151.240200,26074.750000,26154.009800,26065.800800,-76.490200,88.209000,1
26146.660200,26148.160200,26167.619100,26139.859400,1.500000,27.759700,1
26131.320300,26146.220700,26156.250000,26129.800800,14.900400,26.449200,1
26119.330100,26129.330100,26134.160200,26112.929700,10.000000,21.230500,2
26134.050800,26119.109400,26135.259800,26113.519500,-14.941400,21.740300,1
26123.250000,26132.179700,26144.080100,26112.900400,8.929700,31.179700,1
26055.080100,26090.869100,26102.099600,26042.369100,35.789000,59.730500,1
26014.259800,26056.070300,26072.630900,26004.419900,41.810500,68.211000,2
26033.390600,26016.480500,26034.750000,26003.199200,-16.910100,31.550800,2
26068.640600,26034.119100,26076.029300,26032.119100,-34.521500,43.910200,1
25969.769500,26068.539100,26082.589800,25959.279300,98.769600,123.310500,2
25975.240200,25970.900400,26016.589800,25936.369100,-4.339800,80.220700,2
25987.199200,25977.589800,26000.490200,25960.779300,-9.609400,39.710900,2
25994.660200,25954.900400,26027.300800,25934.689500,-39.759800,92.611300,1
25944.060500,25996.589800,26010.419900,25944.060500,52.529300,66.359400,1
25912.410200,25949.009800,25957.660200,25888.640600,36.599600,69.019600,2
25917.160200,25911.210900,25931.339800,25880.880900,-5.949300,50.458900,1
25897.029300,25917.179700,25930.650400,25886.539100,20.150400,44.111300,2
25903.289100,25897.859400,25935.769500,25892.599600,-5.429700,43.169900,2
25960.410200,25903.630900,25977.529300,25903.630900,-56.779300,73.898400,1
25892.720700,25900.570300,25921.589800,25806.400400,7.849600,115.189400,2
25898.029300,25895.519500,25935.589800,25880.750000,-2.509800,54.839800,1
25851.619100,25893.210900,25918.689500,25824.939500,41.591800,93.750000,2
25898.250000,25851.439500,25902.640600,25841.919900,-46.810500,60.720700,2
25956.279300,25902.640600,25958.039100,25895.179700,-53.638700,62.859400,1
25938.429700,25949.980500,25971.740200,25933.529300,11.550800,38.210900,2
25954.070300,25939.429700,25954.070300,25917.869100,-14.640600,36.201200,1
25918.640600,25906.609400,25971.310500,25874.199200,-12.031200,97.111300,1
25912.750000,25912.369100,25966.630900,25885.689500,-0.380900,80.941400,2
25962.619100,25908.279300,25979.199200,25900.439500,-54.339800,78.759700,2
25996.890600,25965.330100,25998.890600,25949.900400,-31.560500,48.990200,1
25969.509800,25995.660200,26010.810500,25953.199200,26.150400,57.611300,1
25954.550800,25969.640600,25984.859400,25939.640600,15.089800,45.218800,2
25970.009800,25953.880900,25985.310500,25937.419900,-16.128900,47.890600,2
26013.839800,25971.859400,26068.519500,25971.859400,-41.980400,96.660100,1
25921.070300,26019.279300,26019.279300,25882.279300,98.209000,137.000000,2
25963.179700,25918.470700,25980.339800,25917.160200,-44.709000,63.179600,1
25957.740200,25962.189500,25972.740200,25911.839800,4.449300,60.900400,2
25982.779300,25956.349600,26005.380900,25954.009800,-26.429700,51.371100,2
26047.449200,25982.990200,26051.269500,25982.990200,-64.459000,68.279300,1
25998.279300,26048.289100,26048.289100,25992.839800,50.009800,55.449300,1
25944.720700,25920.429700,25978.070300,25890.470700,-24.291000,87.599600,2
25972.830100,25947.390600,25984.009800,25938.509800,-25.439500,45.500000,1
25846.439500,25975.330100,26000.710900,25839.519500,128.890600,161.191400,2
25866.980500,25843.240200,25879.150400,25818.390600,-23.740300,60.759800,2
25945.560500,25866.839800,25945.560500,25848.460900,-78.720700,97.099600,1
25942.099600,25944.560500,25959.710900,25921.789100,2.460900,37.921800,1
25916.640600,25946.359400,25955.779300,25898.289100,29.718800,57.490200,2
25952.390600,26006.560500,26034.179700,25948.689500,54.169900,85.490200,2
25956.140600,25955.689500,25967.519500,25902.939500,-0.451100,64.580000,1
25889.890600,25957.300800,25957.789100,25885.300800,67.410200,72.488300,2
25898.509800,25889.439500,25901.179700,25870.550800,-9.070300,30.628900,2
25902.259800,25898.730500,25902.259800,25878.779300,-3.529300,23.480500,1
25894.630900,25901.199200,25919.890600,25893.720700,6.568300,26.169900,1
25860.699200,25894.859400,25897.800800,25854.730500,34.160200,43.070300,2
25890.310500,25800.900400,25891.400400,25757.480500,-89.410100,133.919900,2
25922.070300,25887.939500,25929.330100,25858.349600,-34.130800,70.980500,2
25987.890600,25920.810500,26006.800800,25920.810500,-67.080100,85.990300,2
26007.490200,25988.480500,26019.289100,25988.179700,-19.009700,31.109400,1
25995.490200,26003.560500,26012.349600,25981.470700,8.070300,30.878900,1
25980.769500,25995.130900,26005.160200,25974.849600,14.361400,30.310600,1
25970.099600,25978.800800,25988.919900,25961.619100,8.701200,27.300800,2
25974.900400,25989.089800,26030.679700,25963.630900,14.189400,67.048800,2
26113.199200,25973.740200,26113.199200,25946.519500,-139.459000,166.679700,1
26049.890600,26125.970700,26144.509800,26014.009800,76.080100,130.500000,1
26027.240200,26050.470700,26076.529300,26025.640600,23.230500,50.888700,1
25952.519500,26031.730500,26041.220700,25942.710900,79.211000,98.509800,2
26017.189500,25953.429700,26017.429700,25931.150400,-63.759800,86.279300,1
25998.179700,26019.779300,26029.630900,25992.619100,21.599600,37.011800,2
26128.839800,26106.830100,26187.669900,26106.830100,-22.009700,80.839800,1
26079.710900,26131.230500,26136.599600,26071.259800,51.519600,65.339800,2
26138.740200,26083.330100,26167.820300,26070.419900,-55.410100,97.400400,1
26124.830100,26141.179700,26143.060500,26112.029300,16.349600,31.031200,1
26121.359400,26125.830100,26135.490200,26103.339800,4.470700,32.150400,1
26120.529300,26120.130900,26141.900400,26117.160200,-0.398400,24.740200,2
26141.660200,26123.150400,26142.369100,26101.699200,-18.509800,40.669900,2
26151.570300,26165.839800,26199.669900,26136.470700,14.269500,63.199200,2
26196.439500,26157.519500,26201.529300,26156.009800,-38.920000,45.519500,1
26105.980500,26197.970700,26210.349600,26083.539100,91.990200,126.810500,2
26106.240200,26102.279300,26110.869100,26069.710900,-3.960900,41.158200,2
26121.560500,26106.750000,26129.839800,26101.099600,-14.810500,28.740200,2
26137.169900,26120.460900,26146.740200,26113.269500,-16.709000,33.470700,2
26147.990200,26135.890600,26163.320300,26135.740200,-12.099600,27.580100,2
26162.130900,26137.900400,26170.230500,26113.039100,-24.230500,57.191400,1
26140.660200,26157.529300,26183.669900,26117.220700,16.869100,66.449200,2
26168.349600,26132.740200,26168.349600,26113.039100,-35.609400,55.310500,1
26118.679700,26132.740200,26145.169900,26113.039100,14.060500,32.130800,2
26168.349600,26126.390600,26168.349600,26120.429700,-41.959000,47.919900,1
26162.130900,26164.419900,26170.230500,26153.019500,2.289000,17.211000,2
26176.080100,26157.529300,26179.029300,26157.529300,-18.550800,21.500000,1
26120.310500,26175.820300,26183.669900,26120.310500,55.509800,63.359400,2
26152.000000,26117.220700,26152.570300,26117.220700,-34.779300,35.349600,1
26140.660200,26153.900400,26156.189500,26138.400400,13.240200,17.789100,1
26140.160200,26142.330100,26148.199200,26133.300800,2.169900,14.898400,1
26134.039100,26138.970700,26142.070300,26130.419900,4.931600,11.650400,1
26131.970700,26136.259800,26138.230500,26129.429700,4.289100,8.800800,2
26146.320300,26132.099600,26156.539100,26128.539100,-14.220700,28.000000,1
26140.429700,26148.750000,26151.080100,26138.960900,8.320300,12.119200,1
26133.619100,26140.910200,26150.580100,26114.800800,7.291100,35.779300,1
26109.910200,26131.949200,26138.650400,26109.910200,22.039000,28.740200,1
26102.650400,26107.320300,26107.919900,26099.179700,4.669900,8.740200,1
26086.089800,26101.849600,26101.849600,26076.900400,15.759800,24.949200,2
26113.839800,26088.980500,26120.750000,26083.980500,-24.859300,36.769500,2
26116.490200,26113.699200,26118.000000,26107.050800,-2.791000,10.949200,2
26119.490200,26113.650400,26124.380900,26109.179700,-5.839800,15.201200,1
26117.390600,26118.980500,26126.410200,26114.310500,1.589900,12.099700,1
26083.289100,26117.330100,26117.650400,26075.810500,34.041000,41.839900,1
26080.279300,26089.000000,26095.960900,26078.259800,8.720700,17.701100,1
26062.029300,26079.919900,26082.800800,26051.820300,17.890600,30.980500,1
26051.169900,26061.880900,26066.919900,26030.349600,10.711000,36.570300,2
26059.330100,26058.080100,26069.949200,26036.560500,-1.250000,33.388700,2
26159.109400,26083.330100,26162.140600,26083.330100,-75.779300,78.810500,1
26130.820300,26154.830100,26165.550800,26130.820300,24.009800,34.730500,1
26122.310500,26129.980500,26129.980500,26085.359400,7.670000,44.621100,2
26147.800800,26124.349600,26155.849600,26124.349600,-23.451200,31.500000,1
26145.970700,26149.150400,26152.679700,26125.080100,3.179700,27.599600,2
26153.050800,26145.750000,26153.050800,26133.060500,-7.300800,19.990300,2
26170.189500,26167.220700,26170.189500,26140.359400,-2.968800,29.830100,2
26189.160200,26170.060500,26189.160200,26167.160200,-19.099700,22.000000,2
26200.289100,26193.060500,26200.289100,26183.330100,-7.228600,16.959000,2
26204.750000,26203.990200,26205.509800,26196.710900,-0.759800,8.798900,2
26228.779300,26210.519500,26235.580100,26210.519500,-18.259800,25.060600,1
26218.019500,26229.429700,26229.429700,26214.890600,11.410200,14.539100,2
26220.710900,26216.519500,26236.310500,26216.519500,-4.191400,19.791000,1
26211.789100,26221.179700,26222.320300,26210.019500,9.390600,12.300800,2
26229.160200,26213.160200,26232.779300,26211.119100,-16.000000,21.660200,1
26225.359400,26233.970700,26239.730500,26225.359400,8.611300,14.371100,2
26237.880900,26227.330100,26240.250000,26221.480500,-10.550800,18.769500,2
26254.320300,26236.650400,26260.380900,26233.580100,-17.669900,26.800800,2
26265.919900,26253.570300,26266.679700,26251.650400,-12.349600,15.029300,2
26293.769500,26265.919900,26298.550800,26265.919900,-27.849600,32.630900,2
26315.830100,26296.099600,26315.830100,26293.369100,-19.730500,22.461000,1
26286.400400,26311.169900,26317.089800,26285.009800,24.769500,32.080000,1
26285.029300,26286.369100,26291.220700,26276.150400,1.339800,15.070300,1
26283.349600,26284.259800,26297.919900,26273.740200,0.910200,24.179700,1
26271.880900,26283.460900,26285.000000,26268.009800,11.580000,16.990200,1
26254.150400,26259.189500,26267.740200,26247.080100,5.039100,20.660100,2
26373.839800,26285.630900,26373.839800,26280.759800,-88.208900,93.080000,2
26375.630900,26372.330100,26381.009800,26358.919900,-3.300800,22.089900,2
26378.710900,26379.789100,26405.400400,26369.050800,1.078200,36.349600,2
26390.339800,26374.439500,26416.199200,26370.460900,-15.900300,45.738300,2
26429.669900,26390.750000,26429.669900,26390.750000,-38.919900,38.919900,1
26417.619100,26429.259800,26436.150400,26416.900400,11.640700,19.250000,2
26454.710900,26418.429700,26461.839800,26411.630900,-36.281200,50.208900,1
26438.470700,26457.300800,26461.810500,26434.070300,18.830100,27.740200,1
26438.339800,26437.080100,26454.410200,26431.519500,-1.259700,22.890700,2
26441.199200,26442.390600,26447.720700,26429.130900,1.191400,18.589800,1
26440.609400,26442.279300,26452.089800,26435.750000,1.669900,16.339800,2
26446.330100,26442.900400,26449.400400,26436.080100,-3.429700,13.320300,1
26439.480500,26446.449200,26449.390600,26426.869100,6.968700,22.521500,2
26456.439500,26439.500000,26456.439500,26434.660200,-16.939500,21.779300,1
26441.880900,26457.560500,26462.019500,26441.880900,15.679600,20.138600,1
26436.349600,26444.990200,26451.460900,26434.279300,8.640600,17.181600,2
26442.369100,26435.000000,26451.169900,26430.949200,-7.369100,20.220700,2
26445.939500,26445.029300,26453.150400,26440.550800,-0.910200,12.599600,2
26447.460900,26443.650400,26448.410200,26438.099600,-3.810500,10.310600,1
26440.150400,26448.509800,26454.269500,26437.890600,8.359400,16.378900,1
26427.589800,26440.349600,26440.349600,26424.449200,12.759800,15.900400,1
26413.730500,26428.480500,26432.060500,26413.730500,14.750000,18.330000,2
26418.960900,26415.009800,26425.980500,26413.839800,-3.951100,12.140700,1
26414.519500,26419.619100,26423.339800,26404.720700,5.099600,18.619100,2
26425.140600,26413.699200,26425.789100,26413.519500,-11.441400,12.269600,1
26407.759800,26425.349600,26425.349600,26407.759800,17.589800,17.589800,2
26606.429700,26555.480500,26650.109400,26555.480500,-50.949200,94.628900,2
26608.250000,26614.640600,26620.230500,26599.400400,6.390600,20.830100,2
26616.429700,26609.669900,26626.060500,26607.400400,-6.759800,18.660100,1
26583.800800,26613.929700,26622.349600,26583.800800,30.128900,38.548800,2
26625.660200,26583.289100,26626.689500,26580.230500,-42.371100,46.459000,2
26627.910200,26626.580100,26636.660200,26618.210900,-1.330100,18.449300,2
26633.890600,26629.070300,26644.699200,26629.070300,-4.820300,15.628900,2
26646.769500,26638.970700,26646.769500,26625.859400,-7.798800,20.910100,1
26642.859400,26645.669900,26653.009800,26632.099600,2.810500,20.910200,2
26660.519500,26642.970700,26661.949200,26638.410200,-17.548800,23.539000,1
26651.669900,26663.660200,26666.669900,26645.580100,11.990300,21.089800,1
26651.539100,26653.839800,26665.419900,26651.539100,2.300700,13.880800,2
26666.029300,26652.160200,26666.029300,26644.369100,-13.869100,21.660200,1
26665.279300,26670.859400,26670.859400,26658.160200,5.580100,12.699200,2
26667.089800,26665.480500,26679.900400,26664.689500,-1.609300,15.210900,1
26644.339800,26665.800800,26665.800800,26644.339800,21.461000,21.461000,2
26647.390600,26643.109400,26649.089800,26638.500000,-4.281200,10.589800,2
26652.919900,26647.480500,26655.990200,26640.250000,-5.439400,15.740200,1
26651.470700,26651.810500,26655.789100,26646.830100,0.339800,8.959000,2
26660.470700,26653.349600,26660.470700,26645.550800,-7.121100,14.919900,1
26655.609400,26660.919900,26662.259800,26640.449200,5.310500,21.810600,2
26676.869100,26658.939500,26679.289100,26658.939500,-17.929600,20.349600,2
26684.970700,26677.009800,26689.119100,26667.810500,-7.960900,21.308600,1
26682.689500,26684.939500,26697.369100,26677.869100,2.250000,19.500000,1
26662.740200,26679.199200,26681.160200,26661.240200,16.459000,19.920000,2
26662.869100,26661.109400,26678.009800,26654.449200,-1.759700,23.560600,2
26718.869100,26740.539100,26760.070300,26712.519500,21.670000,47.550800,1
26713.669900,26716.949200,26736.439500,26713.669900,3.279300,22.769600,1
26711.779300,26706.720700,26713.089800,26692.939500,-5.058600,20.150300,1
26696.779300,26713.470700,26718.490200,26686.619100,16.691400,31.871100,2
26708.730500,26692.009800,26712.419900,26685.619100,-16.720700,26.800800,2
26710.410200,26706.339800,26715.240200,26699.550800,-4.070400,15.689400,2
26720.650400,26710.310500,26725.140600,26698.599600,-10.339900,26.541000,2
26728.570300,26723.720700,26733.669900,26719.289100,-4.849600,14.380800,2
26736.509800,26733.679700,26736.509800,26722.419900,-2.830100,14.089900,2
26761.029300,26733.839800,26761.029300,26733.839800,-27.189500,27.189500,2
26763.410200,26761.449200,26768.900400,26752.410200,-1.961000,16.490200,1
26740.570300,26763.789100,26763.789100,26738.259800,23.218800,25.529300,1
26727.599600,26743.570300,26746.019500,26722.640600,15.970700,23.378900,2
26734.089800,26728.599600,26744.470700,26728.279300,-5.490200,16.191400,1
26729.240200,26730.289100,26736.949200,26724.849600,1.048900,12.099600,2
26736.980500,26727.199200,26745.070300,26727.199200,-9.781300,17.871100,2
26741.910200,26736.880900,26741.910200,26728.070300,-5.029300,13.839900,1
26741.490200,26741.650400,26741.650400,26724.539100,0.160200,17.111300,1
26712.439500,26740.890600,26742.390600,26712.439500,28.451100,29.951100,2
26734.449200,26711.349600,26734.560500,26711.349600,-23.099600,23.210900,2
26734.880900,26734.560500,26741.980500,26729.980500,-0.320400,12.000000,1
26716.019500,26735.810500,26738.380900,26712.720700,19.791000,25.660200,2
26738.509800,26716.009800,26741.349600,26716.009800,-22.500000,25.339800,1
26724.750000,26737.500000,26737.500000,26724.000000,12.750000,13.500000,2
26728.160200,26725.279300,26732.880900,26723.019500,-2.880900,9.861400,1
26727.730500,26738.119100,26744.000000,26706.080100,10.388600,37.919900,1
26679.580100,26701.369100,26701.369100,26648.509800,21.789000,52.859300,1
26648.589800,26682.099600,26688.349600,26646.259800,33.509800,42.089800,1
26632.060500,26650.410200,26650.410200,26615.519500,18.349700,34.890700,1
26607.279300,26634.220700,26635.529300,26594.990200,26.941400,40.539100,1
26594.609400,26605.449200,26629.019500,26574.150400,10.839800,54.869100,2
26607.300800,26593.470700,26609.470700,26586.130900,-13.830100,23.339800,1
26585.939500,26613.580100,26614.939500,26584.080100,27.640600,30.859400,2
26593.869100,26593.640600,26610.289100,26583.529300,-0.228500,26.759800,1
26571.560500,26593.580100,26596.810500,26571.560500,22.019600,25.250000,1
26563.919900,26574.169900,26583.199200,26560.839800,10.250000,22.359400,1
26551.810500,26564.039100,26573.550800,26551.810500,12.228600,21.740300,2
26561.380900,26550.960900,26567.000000,26550.960900,-10.420000,16.039100,2
26564.490200,26562.169900,26565.070300,26553.099600,-2.320300,11.970700,1
26559.439500,26566.210900,26573.599600,26552.160200,6.771400,21.439400,2
26560.750000,26557.580100,26567.439500,26549.029300,-3.169900,18.410200,1
26558.429700,26560.710900,26576.369100,26553.019500,2.281200,23.349600,2
26578.900400,26558.789100,26582.130900,26558.789100,-20.111300,23.341800,1
26568.070300,26579.429700,26581.970700,26568.009800,11.359400,13.960900,2
26585.230500,26568.330100,26585.230500,26568.330100,-16.900400,16.900400,1
26574.490200,26584.660200,26586.830100,26566.800800,10.170000,20.029300,2
26577.949200,26574.609400,26585.830100,26569.369100,-3.339800,16.461000,1
26576.019500,26576.900400,26590.230500,26575.130900,0.880900,15.099600,2
26593.339800,26573.830100,26601.410200,26572.449200,-19.509700,28.961000,1
26585.490200,26590.300800,26594.630900,26583.640600,4.810600,10.990300,1
26574.169900,26586.189500,26587.269500,26569.189500,12.019600,18.080000,1
26565.240200,26575.929700,26581.000000,26563.259800,10.689500,17.740200,2
26618.640600,26612.410200,26632.619100,26603.939500,-6.230400,28.679600,1
26598.689500,26615.439500,26615.630900,26596.500000,16.750000,19.130900,1
26597.710900,26600.640600,26612.429700,26581.210900,2.929700,31.218800,1
26593.460900,26602.849600,26607.949200,26591.109400,9.388700,16.839800,1
26583.480500,26595.250000,26595.750000,26570.750000,11.769500,25.000000,1
26553.550800,26588.310500,26597.199200,26553.550800,34.759700,43.648400,2
26579.250000,26546.490200,26579.250000,26523.939500,-32.759800,55.310500,2
26597.189500,26577.990200,26597.189500,26573.310500,-19.199300,23.879000,1
26595.060500,26598.330100,26602.500000,26592.349600,3.269600,10.150400,1
26587.240200,26597.910200,26597.910200,26586.970700,10.670000,10.939500,2
26605.630900,26589.029300,26612.050800,26589.029300,-16.601600,23.021500,1
26603.039100,26605.580100,26607.529300,26600.689500,2.541000,6.839800,1
26588.070300,26603.230500,26604.250000,26587.919900,15.160200,16.330100,1
26577.460900,26587.710900,26587.710900,26569.089800,10.250000,18.621100,1
26565.630900,26576.919900,26578.359400,26557.289100,11.289000,21.070300,1
26553.009800,26566.380900,26566.380900,26552.769500,13.371100,13.611400,1
26517.529300,26552.359400,26552.359400,26510.410200,34.830100,41.949200,1
26517.509800,26516.820300,26522.289100,26507.529300,-0.689500,14.759800,1
26511.779300,26511.429700,26519.300800,26508.650400,-0.349600,10.650400,2
26522.830100,26511.650400,26529.949200,26511.650400,-11.179700,18.298800,1
26504.820300,26523.369100,26523.369100,26504.269500,18.548800,19.099600,1
26503.439500,26505.039100,26508.599600,26490.369100,1.599600,18.230500,1
26500.650400,26503.400400,26512.609400,26495.890600,2.750000,16.718800,2
26511.630900,26502.199200,26514.560500,26494.550800,-9.431700,20.009700,1
26500.550800,26513.140600,26517.050800,26500.550800,12.589800,16.500000,1
26491.019500,26501.330100,26512.150400,26478.029300,10.310600,34.121100,2
26535.029300,26516.130900,26554.220700,26504.080100,-18.898400,50.140600,2
26537.779300,26533.400400,26549.369100,26533.400400,-4.378900,15.968700,1
26514.539100,26539.390600,26544.109400,26501.230500,24.851500,42.878900,2
26531.880900,26517.750000,26540.109400,26516.580100,-14.130900,23.529300,1
26529.369100,26533.390600,26539.460900,26520.380900,4.021500,19.080000,2
26551.390600,26531.830100,26553.929700,26531.830100,-19.560500,22.099600,1
26539.890600,26550.580100,26554.210900,26539.890600,10.689500,14.320300,2
26553.519500,26540.169900,26553.519500,26539.310500,-13.349600,14.209000,1
26541.160200,26555.919900,26555.919900,26540.199200,14.759700,15.720700,2
26543.390600,26542.410200,26549.150400,26532.150400,-0.980400,17.000000,1
26542.320300,26542.929700,26543.990200,26533.910200,0.609400,10.080000,2
26552.970700,26543.539100,26554.359400,26540.949200,-9.431600,13.410200,2
26557.509800,26553.710900,26564.359400,26553.580100,-3.798900,10.779300,2
26573.609400,26558.250000,26576.480500,26556.570300,-15.359400,19.910200,1
26566.609400,26573.500000,26575.779300,26563.960900,6.890600,11.818400,1
26554.609400,26566.580100,26568.080100,26551.699200,11.970700,16.380900,1
26551.240200,26554.669900,26557.929700,26548.250000,3.429700,9.679700,1
26542.179700,26552.050800,26552.050800,26539.320300,9.871100,12.730500,2
26562.289100,26544.339800,26586.769500,26538.449200,-17.949300,48.320300,2
26578.609400,26568.060500,26603.580100,26568.060500,-10.548900,35.519600,1
26544.109400,26572.679700,26584.689500,26544.109400,28.570300,40.580100,1
26529.140600,26542.949200,26545.839800,26516.830100,13.808600,29.009700,1
26519.359400,26524.199200,26524.199200,26497.410200,4.839800,26.789000,2
26529.529300,26517.519500,26547.359400,26516.240200,-12.009800,31.119200,1
26440.609400,26529.599600,26529.599600,26440.609400,88.990200,88.990200,1
26372.939500,26431.119100,26434.669900,26363.320300,58.179600,71.349600,2
26427.589800,26447.009800,26468.529300,26381.369100,19.420000,87.160200,1
26418.960900,26438.429700,26441.869100,26408.320300,19.468800,33.548800,2
26447.140600,26425.259800,26464.689500,26425.259800,-21.880800,39.429700,2
26472.560500,26447.960900,26473.410200,26434.960900,-24.599600,38.449300,2
26508.220700,26477.759800,26510.210900,26471.119100,-30.460900,39.091800,1
26486.599600,26503.189500,26506.400400,26479.339800,16.589900,27.060600,2
26491.310500,26496.740200,26512.779300,26484.400400,5.429700,28.378900,2
26501.919900,26493.050800,26506.330100,26489.560500,-8.869100,16.769600,2
26517.960900,26502.089800,26517.960900,26489.750000,-15.871100,28.210900,2
26535.839800,26520.460900,26536.199200,26514.910200,-15.378900,21.289000,2
26540.519500,26538.460900,26554.839800,26532.289100,-2.058600,22.550700,2
26547.500000,26542.679700,26555.949200,26539.519500,-4.820300,16.429700,1
26545.230500,26550.109400,26551.800800,26540.380900,4.878900,11.419900,2
26545.789100,26545.240200,26555.890600,26542.279300,-0.548900,13.611300,1
26523.359400,26543.509800,26543.509800,26518.480500,20.150400,25.029300,1
26519.179700,26525.210900,26527.949200,26507.289100,6.031200,20.660100,1
26515.949200,26519.789100,26523.490200,26507.089800,3.839900,16.400400,1
26514.250000,26517.140600,26519.119100,26508.650400,2.890600,10.468700,1
26495.150400,26514.339800,26515.560500,26483.960900,19.189400,31.599600,2
26503.349600,26496.359400,26512.490200,26495.560500,-6.990200,16.929700,1
26477.419900,26503.070300,26507.269500,26477.419900,25.650400,29.849600,1
26466.330100,26477.890600,26483.779300,26466.259800,11.560500,17.519500,1
26462.769500,26466.580100,26478.449200,26446.400400,3.810600,32.048800,1
26452.750000,26463.009800,26473.740200,26444.470700,10.259800,29.269500,1
26433.070300,26452.369100,26452.369100,26424.009800,19.298800,28.359300,2
26444.490200,26430.949200,26469.730500,26430.949200,-13.541000,38.781300,1
26406.279300,26404.759800,26421.929700,26383.570300,-1.519500,38.359400,2
26428.759800,26396.730500,26431.839800,26386.029300,-32.029300,45.810500,1
26411.410200,26432.990200,26447.519500,26410.359400,21.580000,37.160100,2
26455.630900,26412.160200,26456.039100,26412.160200,-43.470700,43.878900,2
26463.800800,26454.369100,26471.289100,26442.310500,-9.431700,28.978600,2
26474.599600,26462.949200,26485.470700,26462.339800,-11.650400,23.130900,2
26496.580100,26481.130900,26500.539100,26473.269500,-15.449200,27.269600,1
26488.400400,26498.429700,26501.529300,26486.500000,10.029300,15.029300,1
26485.460900,26489.240200,26498.960900,26480.560500,3.779300,18.400400,1
26484.529300,26485.089800,26490.869100,26479.140600,0.560500,11.728500,2
26491.570300,26483.830100,26497.949200,26482.189500,-7.740200,15.759700,1
26483.759800,26492.089800,26497.560500,26481.830100,8.330000,15.730400,1
26480.550800,26484.019500,26493.839800,26480.550800,3.468700,13.289000,1
26466.759800,26481.919900,26483.320300,26430.000000,15.160100,53.320300,2
26468.220700,26465.660200,26473.289100,26457.109400,-2.560500,16.179700,2
26497.529300,26467.939500,26497.529300,26467.939500,-29.589800,29.589800,2
26501.820300,26497.509800,26515.500000,26497.509800,-4.310500,17.990200,1
26495.220700,26502.349600,26513.279300,26493.699200,7.128900,19.580100,1
26469.699200,26493.929700,26496.820300,26455.169900,24.230500,41.650400,2
26471.519500,26469.429700,26477.189500,26458.230500,-2.089800,18.959000,1
26465.429700,26472.669900,26479.869100,26460.490200,7.240200,19.378900,1
26442.880900,26465.910200,26466.240200,26440.830100,23.029300,25.410100,1
26437.830100,26441.609400,26452.359400,26432.769500,3.779300,19.589900,2
26445.910200,26436.300800,26454.560500,26425.619100,-9.609400,28.941400,1
26428.820300,26443.609400,26453.320300,26416.500000,14.789100,36.820300,2
26461.839800,26442.070300,26462.509800,26433.330100,-19.769500,29.179700,2
26658.349600,26616.050800,26660.390600,26611.630900,-42.298800,48.759700,2
26680.470700,26664.769500,26680.470700,26660.519500,-15.701200,19.951200,2
26712.679700,26688.859400,26716.599600,26683.439500,-23.820300,33.160100,1
26711.119100,26704.560500,26719.119100,26692.839800,-6.558600,26.279300,1
26706.390600,26713.220700,26724.789100,26701.789100,6.830100,23.000000,2
26724.179700,26709.400400,26724.179700,26703.699200,-14.779300,20.480500,2
26733.529300,26715.919900,26736.929700,26715.919900,-17.609400,21.009800,1
26715.400400,26732.650400,26732.650400,26715.400400,17.250000,17.250000,2
26727.800800,26713.669900,26728.990200,26698.810500,-14.130900,30.179700,1
26718.710900,26726.669900,26735.029300,26707.789100,7.959000,27.240200,1
26701.109400,26719.509800,26720.880900,26697.900400,18.400400,22.980500,1
26660.910200,26701.699200,26701.699200,26656.300800,40.789000,45.398400,1
26660.259800,26660.619100,26664.289100,26653.310500,0.359300,10.978600,1
26657.839800,26650.779300,26662.779300,26644.939500,-7.060500,17.839800,2
26671.009800,26658.470700,26676.900400,26654.150400,-12.539100,22.750000,2
26674.240200,26674.859400,26680.859400,26668.529300,0.619200,12.330100,2
26683.220700,26674.800800,26686.080100,26663.359400,-8.419900,22.720700,1
26665.000000,26683.529300,26683.849600,26660.630900,18.529300,23.218700,1
26663.789100,26663.880900,26669.720700,26638.560500,0.091800,31.160200,2
26673.990200,26665.339800,26679.029300,26658.330100,-8.650400,20.699200,1
26662.970700,26676.140600,26676.140600,26653.859400,13.169900,22.281200,2
26670.000000,26663.869100,26678.480500,26661.890600,-6.130900,16.589900,1
26667.789100,26673.259800,26682.390600,26659.269500,5.470700,23.121100,1
26634.970700,26668.990200,26681.390600,26622.449200,34.019500,58.941400,1
26597.830100,26636.929700,26636.929700,26596.560500,39.099600,40.369200,2
26670.150400,26600.990200,26671.089800,26600.990200,-69.160200,70.099600,2
26672.570300,26645.429700,26672.630900,26631.070300,-27.140600,41.560600,1
26672.509800,26680.179700,26690.369100,26657.039100,7.669900,33.330000,1
26666.730500,26673.119100,26674.919900,26651.240200,6.388600,23.679700,2
26685.689500,26664.599600,26685.689500,26653.400400,-21.089900,32.289100,1
26667.779300,26687.679700,26687.679700,26660.349600,19.900400,27.330100,2
26728.140600,26667.660200,26741.289100,26667.660200,-60.480400,73.628900,2
26767.859400,26728.539100,26767.859400,26722.009800,-39.320300,45.849600,1
26749.160200,26766.810500,26770.509800,26749.160200,17.650300,21.349600,2
26760.949200,26749.880900,26764.369100,26743.419900,-11.068300,20.949200,2
26777.250000,26763.300800,26782.400400,26763.300800,-13.949200,19.099600,1
26772.779300,26778.779300,26793.130900,26771.880900,6.000000,21.250000,2
26784.330100,26772.839800,26784.330100,26766.699200,-11.490300,17.630900,2
26788.810500,26785.289100,26799.480500,26779.830100,-3.521400,19.650400,1
26761.570300,26788.269500,26789.919900,26750.400400,26.699200,39.519500,2
26778.150400,26760.500000,26780.919900,26760.500000,-17.650400,20.419900,2
26790.560500,26777.789100,26794.410200,26777.789100,-12.771400,16.621100,2
26817.250000,26790.080100,26820.679700,26788.259800,-27.169900,32.419900,1
26811.250000,26817.720700,26818.130900,26803.570300,6.470700,14.560600,2
26817.269500,26808.310500,26820.419900,26805.210900,-8.959000,15.209000,2
26819.220700,26817.490200,26823.810500,26811.419900,-1.730500,12.390600,1
26803.199200,26818.550800,26822.570300,26799.439500,15.351600,23.130800,1
26788.099600,26799.939500,26806.900400,26784.380900,11.839900,22.519500,1
26751.800800,26785.640600,26785.800800,26749.630900,33.839800,36.169900,1
26745.179700,26751.400400,26755.480500,26729.589800,6.220700,25.890700,2
26768.279300,26754.339800,26776.619100,26750.220700,-13.939500,26.398400,2
26782.019500,26768.810500,26795.900400,26768.810500,-13.209000,27.089900,2
26889.630900,26872.050800,26918.429700,26871.109400,-17.580100,47.320300,2
26893.509800,26887.660200,26897.220700,26868.490200,-5.849600,28.730500,2
26933.210900,26893.210900,26933.210900,26891.490200,-40.000000,41.720700,2
26933.919900,26935.070300,26950.929700,26918.980500,1.150400,31.949200,1
26917.259800,26935.109400,26935.109400,26902.539100,17.849600,32.570300,2
26928.039100,26920.820300,26936.419900,26920.820300,-7.218800,15.599600,1
26904.439500,26932.519500,26932.519500,26898.869100,28.080000,33.650400,2
26918.330100,26900.539100,26918.330100,26898.410200,-17.791000,19.919900,1
26891.070300,26919.130900,26920.589800,26881.720700,28.060600,38.869100,2
26926.460900,26887.880900,26926.460900,26884.990200,-38.580000,41.470700,1
26922.220700,26929.960900,26931.869100,26913.560500,7.740200,18.308600,2
26935.449200,26926.230500,26938.320300,26925.410200,-9.218700,12.910100,1
26916.800800,26934.980500,26940.650400,26912.070300,18.179700,28.580100,2
26928.980500,26919.119100,26930.750000,26918.300800,-9.861400,12.449200,1
26924.410200,26928.789100,26936.380900,26920.390600,4.378900,15.990300,1
26918.990200,26924.250000,26927.000000,26902.849600,5.259800,24.150400,1
26913.109400,26920.179700,26926.199200,26910.580100,7.070300,15.619100,2
26922.779300,26913.580100,26931.699200,26913.169900,-9.199200,18.529300,2
26935.710900,26924.029300,26939.289100,26921.769500,-11.681600,17.519600,1
26914.820300,26937.199200,26937.460900,26906.359400,22.378900,31.101500,1
26853.419900,26913.419900,26915.050800,26840.380900,60.000000,74.669900,1
26848.480500,26854.820300,26858.949200,26822.640600,6.339800,36.308600,1
26841.789100,26852.949200,26856.460900,26830.380900,11.160100,26.080000,1
26811.169900,26841.089800,26843.269500,26790.859400,29.919900,52.410100,2
26824.119100,26812.759800,26830.019500,26806.000000,-11.359300,24.019500,2
26833.990200,26833.460900,26853.380900,26822.759800,-0.529300,30.621100,1
26745.589800,26781.029300,26786.740200,26732.800800,35.439500,53.939400,1
26716.390600,26743.939500,26766.179700,26708.519500,27.548900,57.660200,1
26649.439500,26717.910200,26717.910200,26646.300800,68.470700,71.609400,1
26601.679700,26641.019500,26652.599600,26579.910200,39.339800,72.689400,2
26606.150400,26597.990200,26615.949200,26577.099600,-8.160200,38.849600,1
26594.470700,26610.990200,26624.470700,26594.470700,16.519500,30.000000,2
26635.349600,26594.630900,26655.529300,26594.630900,-40.718700,60.898400,1
26618.269500,26635.310500,26650.949200,26618.269500,17.041000,32.679700,1
26601.390600,26623.550800,26632.650400,26588.580100,22.160200,44.070300,1
26581.550800,26600.289100,26620.179700,26581.259800,18.738300,38.919900,1
26546.650400,26581.009800,26581.009800,26535.769500,34.359400,45.240300,1
26543.570300,26546.880900,26546.880900,26499.210900,3.310600,47.670000,2
26577.269500,26541.339800,26609.230500,26541.339800,-35.929700,67.890700,1
26560.789100,26573.369100,26593.419900,26553.750000,12.580000,39.669900,1
26517.019500,26556.750000,26561.750000,26514.070300,39.730500,47.679700,2
26518.750000,26519.660200,26529.109400,26490.099600,0.910200,39.009800,2
26525.839800,26517.019500,26525.839800,26471.919900,-8.820300,53.919900,1
26497.820300,26525.050800,26527.009800,26481.919900,27.230500,45.089900,2
26508.160200,26496.429700,26517.179700,26486.580100,-11.730500,30.599600,1
26497.810500,26506.019500,26506.019500,26474.140600,8.209000,31.878900,2
26540.849600,26495.550800,26563.560500,26488.980500,-45.298800,74.580000,2
26591.500000,26539.330100,26596.830100,26534.650400,-52.169900,62.179700,2
26604.630900,26590.699200,26624.990200,26581.380900,-13.931700,43.609300,1
26576.990200,26610.029300,26618.380900,26576.990200,33.039100,41.390700,2
26589.609400,26576.230500,26589.609400,26557.609400,-13.378900,32.000000,2
26622.669900,26592.699200,26648.679700,26592.699200,-29.970700,55.980500,2
26648.470700,26636.900400,26674.730500,26634.429700,-11.570300,40.300800,1
26611.259800,26656.179700,26666.289100,26605.720700,44.919900,60.568400,1
26573.960900,26613.439500,26635.500000,26573.960900,39.478600,61.539100,2
26611.060500,26574.060500,26620.279300,26570.070300,-37.000000,50.209000,1
26575.179700,26612.650400,26612.650400,26575.179700,37.470700,37.470700,1
26526.169900,26573.539100,26573.539100,26521.859400,47.369200,51.679700,1
26506.220700,26528.810500,26528.810500,26482.630900,22.589800,46.179600,1
26461.060500,26507.689500,26507.689500,26461.060500,46.629000,46.629000,1
26429.380900,26460.949200,26474.679700,26420.509800,31.568300,54.169900,1
26360.400400,26419.240200,26419.240200,26355.429700,58.839800,63.810500,2
26376.650400,26356.660200,26408.789100,26356.660200,-19.990200,52.128900,2
26401.060500,26375.550800,26415.460900,26365.630900,-25.509700,49.830000,1
26355.609400,26399.769500,26399.769500,26339.759800,44.160100,60.009700,2
26359.599600,26353.119100,26384.660200,26350.910200,-6.480500,33.750000,1
26342.609400,26362.699200,26362.699200,26329.460900,20.089800,33.238300,1
26320.859400,26349.289100,26361.519500,26311.740200,28.429700,49.779300,2
26379.669900,26325.689500,26379.669900,26304.099600,-53.980400,75.570300,2
26389.609400,26377.839800,26404.740200,26366.849600,-11.769600,37.890600,1
26363.509800,26388.939500,26404.189500,26362.269500,25.429700,41.920000,2
26419.109400,26362.929700,26421.689500,26359.539100,-56.179700,62.150400,2
26434.679700,26420.849600,26449.660200,26408.439500,-13.830100,41.220700,2
26441.949200,26438.179700,26443.919900,26412.910200,-3.769500,31.009700,2
26463.230500,26442.429700,26473.890600,26428.400400,-20.800800,45.490200,1
26447.890600,26460.689500,26467.849600,26440.230500,12.798900,27.619100,2
26449.359400,26448.070300,26449.359400,26400.339800,-1.289100,49.019600,1
26440.880900,26447.419900,26485.869100,26432.130900,6.539000,53.738200,1
26381.310500,26363.759800,26383.900400,26321.169900,-17.550700,62.730500,1
26362.880900,26338.939500,26362.880900,26329.339800,-23.941400,33.541100,2
26381.310500,26362.269500,26383.900400,26349.529300,-19.041000,34.371100,2
26409.199200,26386.859400,26414.369100,26386.859400,-22.339800,27.509700,2
26431.000000,26401.529300,26434.589800,26401.529300,-29.470700,33.060500,1
26425.650400,26425.640600,26428.939500,26419.769500,-0.009800,9.170000,2
26441.310500,26435.939500,26441.310500,26430.000000,-5.371000,11.310500,2
26443.890600,26441.410200,26443.890600,26424.070300,-2.480400,19.820300,2
26453.789100,26450.550800,26462.669900,26443.970700,-3.238300,18.699200,1
26450.929700,26455.310500,26455.970700,26450.109400,4.380800,5.861300,2
26458.099600,26450.650400,26458.400400,26445.769500,-7.449200,12.630900,1
26453.080100,26455.380900,26466.710900,26452.869100,2.300800,13.841800,2
26457.199200,26455.380900,26465.039100,26450.609400,-1.818300,14.429700,1
26436.939500,26457.349600,26457.349600,26432.419900,20.410100,24.929700,1
26421.720700,26435.849600,26441.509800,26421.720700,14.128900,19.789100,1
26404.310500,26427.619100,26427.619100,26401.890600,23.308600,25.728500,2
26410.070300,26404.480500,26411.439500,26402.810500,-5.589800,8.629000,2
26414.000000,26411.230500,26418.429700,26401.660200,-2.769500,16.769500,1
26388.560500,26413.189500,26413.189500,26388.560500,24.629000,24.629000,1
26375.949200,26389.339800,26389.339800,26375.949200,13.390600,13.390600,2
26387.050800,26378.470700,26388.169900,26378.000000,-8.580100,10.169900,1
26386.320300,26386.039100,26390.359400,26373.289100,-0.281200,17.070300,1
26381.500000,26383.390600,26384.980500,26379.189500,1.890600,5.791000,1
26362.769500,26376.750000,26381.019500,26360.900400,13.980500,20.119100,1
26334.939500,26357.380900,26358.640600,26331.580100,22.441400,27.060500,1
26310.589800,26329.039100,26337.710900,26307.580100,18.449300,30.130800,1
26280.669900,26308.179700,26308.179700,26276.699200,27.509800,31.480500,1
26237.689500,26266.300800,26266.300800,26223.509800,28.611300,42.791000,2
26272.849600,26239.849600,26273.140600,26239.849600,-33.000000,33.291000,2
26274.750000,26268.339800,26274.750000,26245.130900,-6.410200,29.619100,2
26284.490200,26273.970700,26286.599600,26259.470700,-10.519500,27.128900,2
26287.550800,26280.230500,26292.220700,26278.189500,-7.320300,14.031200,2
26290.359400,26288.250000,26290.359400,26273.169900,-2.109400,17.189500,2
26293.849600,26288.570300,26303.980500,26288.570300,-5.279300,15.410200,2
26332.519500,26290.490200,26332.519500,26287.029300,-42.029300,45.490200,2
26342.859400,26334.970700,26342.859400,26329.019500,-7.888700,13.839900,1
26318.830100,26341.740200,26341.740200,26317.269500,22.910100,24.470700,2
26320.929700,26318.550800,26327.519500,26312.359400,-2.378900,15.160100,2
26325.500000,26319.179700,26334.449200,26316.310500,-6.320300,18.138700,2
26329.199200,26326.490200,26333.660200,26317.220700,-2.709000,16.439500,1
26305.910200,26327.949200,26334.380900,26304.710900,22.039000,29.670000,1
26278.519500,26308.689500,26309.740200,26278.519500,30.170000,31.220700,2
26310.179700,26275.839800,26310.179700,26275.410200,-34.339900,34.769500,2
26349.369100,26309.089800,26349.429700,26300.890600,-40.279300,48.539100,1
26338.619100,26352.519500,26352.519500,26331.980500,13.900400,20.539000,1
26300.720700,26333.250000,26333.529300,26296.580100,32.529300,36.949200,1
26297.140600,26303.900400,26309.199200,26294.779300,6.759800,14.419900,2
26305.169900,26303.419900,26322.070300,26303.419900,-1.750000,18.650400,2
26331.650400,26303.289100,26333.849600,26303.289100,-28.361300,30.560500,2
26344.130900,26332.519500,26347.529300,26332.519500,-11.611400,15.009800,2
26355.429700,26346.269500,26361.750000,26346.269500,-9.160200,15.480500,1
26352.490200,26355.599600,26367.750000,26348.050800,3.109400,19.699200,2
26366.529300,26355.339800,26371.050800,26355.339800,-11.189500,15.711000,1
26349.919900,26365.529300,26365.529300,26349.919900,15.609400,15.609400,2
26400.919900,26347.910200,26409.529300,26346.619100,-53.009700,62.910200,2
26453.160200,26402.259800,26461.429700,26401.929700,-50.900400,59.500000,1
26436.609400,26449.939500,26467.859400,26429.679700,13.330100,38.179700,1
26425.890600,26437.650400,26448.490200,26425.140600,11.759800,23.349600,2
26431.929700,26426.330100,26453.449200,26426.130900,-5.599600,27.318300,2
26436.449200,26432.750000,26447.220700,26429.199200,-3.699200,18.021500,2
26464.140600,26436.150400,26471.929700,26436.150400,-27.990200,35.779300,1
26459.529300,26466.250000,26466.250000,26447.980500,6.720700,18.269500,2
26466.009800,26455.970700,26468.269500,26452.250000,-10.039100,16.019500,2
26475.429700,26470.460900,26482.269500,26459.150400,-4.968800,23.119100,1
26451.349600,26474.960900,26480.619100,26451.349600,23.611300,29.269500,2
26453.720700,26448.460900,26466.779300,26448.460900,-5.259800,18.318400,2
26489.640600,26450.189500,26490.279300,26450.189500,-39.451100,40.089800,1
26488.820300,26489.550800,26493.070300,26468.480500,0.730500,24.589800,2
26489.089800,26486.949200,26498.480500,26481.699200,-2.140600,16.781300,2
26498.529300,26487.039100,26504.759800,26487.039100,-11.490200,17.720700,1
26478.439500,26498.560500,26503.279300,26477.929700,20.121000,25.349600,2
26483.509800,26476.869100,26493.720700,26476.869100,-6.640700,16.851600,2
26492.060500,26493.800800,26500.820300,26483.009800,1.740300,17.810500,2
26511.609400,26491.210900,26512.990200,26485.539100,-20.398500,27.451100,2
26516.480500,26516.109400,26524.650400,26510.240200,-0.371100,14.410200,2
26527.980500,26525.310500,26528.990200,26511.759800,-2.670000,17.230400,1
26510.650400,26526.380900,26526.380900,26508.500000,15.730500,17.880900,1
26496.410200,26510.539100,26513.800800,26495.060500,14.128900,18.740300,1
26459.169900,26449.189500,26459.169900,26430.800800,-9.980400,28.369100,1
26409.890600,26464.509800,26464.509800,26407.490200,54.619200,57.019600,1
26373.099600,26399.710900,26399.710900,26373.099600,26.611300,26.611300,1
26336.949200,26370.390600,26370.390600,26326.919900,33.441400,43.470700,2
26403.529300,26335.470700,26403.529300,26335.470700,-68.058600,68.058600,2
26439.679700,26406.980500,26439.679700,26406.980500,-32.699200,32.699200,2
26449.970700,26441.189500,26456.669900,26441.189500,-8.781200,15.480400,1
26442.300800,26453.220700,26453.220700,26440.939500,10.919900,12.281200,1
26436.080100,26437.179700,26446.210900,26420.300800,1.099600,25.910100,2
26454.500000,26440.160200,26466.519500,26440.160200,-14.339800,26.359300,2
26479.080100,26457.169900,26479.080100,26457.169900,-21.910200,21.910200,2
26497.269500,26477.949200,26503.830100,26466.080100,-19.320300,37.750000,2
26506.279300,26499.160200,26525.230500,26497.390600,-7.119100,27.839900,2
26510.830100,26509.839800,26521.000000,26504.609400,-0.990300,16.390600,2
26517.429700,26512.099600,26525.380900,26511.130900,-5.330100,14.250000,1
26508.019500,26520.580100,26523.759800,26495.169900,12.560600,28.589900,1
26465.759800,26505.150400,26511.500000,26465.759800,39.390600,45.740200,1
26434.429700,26469.769500,26472.000000,26434.429700,35.339800,37.570300,1
26427.630900,26433.630900,26441.400400,26410.289100,6.000000,31.111300,1
26385.619100,26427.240200,26427.240200,26385.619100,41.621100,41.621100,2
26422.849600,26392.839800,26422.849600,26386.060500,-30.009800,36.789100,1
26422.109400,26426.929700,26439.849600,26414.990200,4.820300,24.859400,2
26458.250000,26431.490200,26460.400400,26431.490200,-26.759800,28.910200,2
26490.830100,26464.400400,26496.240200,26464.400400,-26.429700,31.839800,1
26466.470700,26495.529300,26495.529300,26466.470700,29.058600,29.058600,2
26474.140600,26463.269500,26482.070300,26463.269500,-10.871100,18.800800,2
26481.009800,26476.960900,26490.820300,26476.960900,-4.048900,13.859400,1
26478.580100,26481.050800,26489.490200,26466.009800,2.470700,23.480400,2
26509.939500,26477.210900,26514.179700,26477.210900,-32.728600,36.968800,2
26513.869100,26510.509800,26520.910200,26509.550800,-3.359300,11.359400,2
26520.000000,26514.330100,26534.869100,26510.220700,-5.669900,24.648400,2
26520.279300,26516.060500,26537.689500,26516.060500,-4.218800,21.629000,1
26494.650400,26515.910200,26521.910200,26494.650400,21.259800,27.259800,1
26482.019500,26491.650400,26495.779300,26481.990200,9.630900,13.789100,1
26467.859400,26479.050800,26483.880900,26467.859400,11.191400,16.021500,2
26471.970700,26463.800800,26477.269500,26463.800800,-8.169900,13.468700,1
26460.460900,26468.380900,26472.230500,26455.269500,7.920000,16.961000,2
26479.560500,26463.570300,26487.039100,26463.570300,-15.990200,23.468800,1
26432.330100,26480.679700,26481.019500,26432.330100,48.349600,48.689400,1
26417.449200,26431.390600,26433.689500,26403.960900,13.941400,29.728600,1
26413.210900,26420.679700,26426.669900,26411.099600,7.468800,15.570300,2
26424.490200,26412.990200,26435.529300,26412.609400,-11.500000,22.919900,1
26400.589800,26418.740200,26419.810500,26392.820300,18.150400,26.990200,2
26414.740200,26398.230500,26418.330100,26392.099600,-16.509700,26.230500,2
26444.880900,26411.400400,26446.199200,26411.400400,-33.480500,34.798800,1
26442.240200,26443.289100,26454.439500,26442.240200,1.048900,12.199300,2
26472.890600,26442.250000,26479.609400,26441.099600,-30.640600,38.509800,1
26469.029300,26473.650400,26474.339800,26465.619100,4.621100,8.720700,1
26462.490200,26469.400400,26469.400400,26457.080100,6.910200,12.320300,1
26432.539100,26457.580100,26457.580100,26426.019500,25.041000,31.560600,1
26425.320300,26431.750000,26447.160200,26417.259800,6.429700,29.900400,2
26438.910200,26425.369100,26445.519500,26419.619100,-13.541100,25.900400,2
26442.250000,26434.750000,26443.769500,26430.160200,-7.500000,13.609300,2
26471.949200,26443.830100,26473.980500,26443.830100,-28.119100,30.150400,1
26453.039100,26465.539100,26467.050800,26448.529300,12.500000,18.521500,2
26457.269500,26452.570300,26457.570300,26442.599600,-4.699200,14.970700,2
26472.000000,26462.439500,26475.320300,26454.410200,-9.560500,20.910100,1
26467.640600,26481.169900,26488.759800,26466.349600,13.529300,22.410200,2
26484.429700,26468.630900,26486.269500,26468.560500,-15.798800,17.709000,1
26481.560500,26480.480500,26492.130900,26472.890600,-1.080000,19.240300,1
26470.830100,26484.380900,26486.460900,26470.740200,13.550800,15.720700,2
26479.970700,26468.710900,26480.849600,26462.000000,-11.259800,18.849600,1
26479.380900,26482.259800,26484.919900,26473.750000,2.878900,11.169900,1
26461.160200,26478.589800,26478.589800,26449.599600,17.429600,28.990200,2
26491.910200,26460.929700,26498.380900,26459.609400,-30.980500,38.771500,2
26498.029300,26492.130900,26501.570300,26491.320300,-5.898400,10.250000,1
26488.289100,26498.339800,26501.619100,26488.060500,10.050700,13.558600,2
26494.460900,26487.169900,26495.039100,26485.259800,-7.291000,9.779300,1
26485.699200,26493.269500,26498.000000,26479.849600,7.570300,18.150400,1
26478.419900,26486.150400,26491.470700,26475.779300,7.730500,15.691400,1
26431.960900,26477.810500,26477.810500,26431.960900,45.849600,45.849600,2
26450.130900,26434.349600,26451.460900,26434.349600,-15.781300,17.111300,1
26445.259800,26448.150400,26448.669900,26435.869100,2.890600,12.800800,2
26448.150400,26442.740200,26452.130900,26437.589800,-5.410200,14.541100,1
26438.560500,26445.759800,26445.759800,26431.009800,7.199300,14.750000,2
26480.109400,26443.789100,26486.179700,26443.789100,-36.320300,42.390600,1
26454.099600,26469.189500,26469.189500,26437.560500,15.089900,31.629000,1
26433.289100,26458.400400,26458.400400,26432.099600,25.111300,26.300800,1
26346.810500,26422.750000,26422.750000,26346.810500,75.939500,75.939500,1
26323.269500,26359.310500,26359.310500,26305.949200,36.041000,53.361300,1
26308.779300,26326.130900,26338.160200,26308.779300,17.351600,29.380900,1
26291.859400,26324.730500,26330.859400,26291.859400,32.871100,39.000000,1
26276.589800,26288.419900,26307.150400,26276.589800,11.830100,30.560600,1
26228.169900,26273.830100,26285.429700,26223.359400,45.660200,62.070300,1
26167.220700,26235.199200,26252.439500,26163.419900,67.978500,89.019600,2
26206.980500,26172.890600,26206.980500,26159.390600,-34.089900,47.589900,1
26162.119100,26196.439500,26200.250000,26162.119100,34.320400,38.130900,2
26178.369100,26163.140600,26178.369100,26134.570300,-15.228500,43.798800,2
26206.169900,26175.230500,26206.169900,26175.230500,-30.939400,30.939400,1
26197.589800,26203.150400,26210.839800,26189.830100,5.560600,21.009700,1
26151.609400,26196.539100,26209.560500,26151.609400,44.929700,57.951100,1
26145.929700,26151.779300,26169.070300,26145.929700,5.849600,23.140600,2
26146.650400,26150.560500,26167.359400,26138.070300,3.910100,29.289100,1
26115.349600,26142.130900,26162.289100,26115.349600,26.781300,46.939500,2
26132.410200,26122.220700,26161.699200,26122.220700,-10.189500,39.478500,1
26123.419900,26123.140600,26123.419900,26101.250000,-0.279300,22.169900,1
26088.019500,26117.619100,26127.550800,26088.019500,29.599600,39.531300,1
26071.919900,26086.769500,26090.939500,26070.710900,14.849600,20.228600,1
26062.500000,26067.359400,26075.509800,26045.169900,4.859400,30.339900,1
