81.150000,80.565000,81.215000,80.340000,-0.585000,0.875000,2
81.425000,81.210000,81.700000,81.110000,-0.215000,0.590000,2
81.480000,81.380000,81.560000,81.238800,-0.100000,0.321200,2
81.650000,81.490000,81.680000,81.440000,-0.160000,0.240000,1
81.600000,81.680000,81.690000,81.360000,0.080000,0.330000,1
81.500000,81.600000,81.635300,81.400000,0.100000,0.235300,2
81.570000,81.494400,81.700000,81.470000,-0.075600,0.230000,2
81.710000,81.605000,82.210000,81.580000,-0.105000,0.630000,2
81.790000,81.680000,81.900000,81.610000,-0.110000,0.290000,2
81.880000,81.770000,81.880000,81.640000,-0.110000,0.240000,1
81.850000,81.890000,82.090000,81.750000,0.040000,0.340000,1
81.375000,81.870000,81.950000,81.375000,0.495000,0.575000,1
80.920000,81.360000,81.360000,80.810000,0.440000,0.550000,2
81.110000,80.910000,81.125000,80.830000,-0.200000,0.295000,1
80.065000,81.050000,81.050000,80.027500,0.985000,1.022500,2
80.510000,80.040000,80.615000,80.010000,-0.470000,0.605000,2
80.710000,80.450000,80.720000,80.300000,-0.260000,0.420000,1
80.700000,80.690000,80.790000,80.540000,-0.010000,0.250000,2
80.760000,80.720000,80.810000,80.640000,-0.040000,0.170000,2
80.835000,80.790000,80.971000,80.785000,-0.045000,0.186000,2
80.870000,80.830000,80.941700,80.760000,-0.040000,0.181700,1
80.650000,80.430000,80.880000,80.305000,-0.220000,0.575000,1
80.633100,80.660000,80.680000,80.400000,0.026900,0.280000,1
80.480000,80.620000,80.820000,80.480000,0.140000,0.340000,1
80.415000,80.490000,80.530000,80.350000,0.075000,0.180000,1
80.330000,80.410000,80.430000,80.306800,0.080000,0.123200,1
80.210000,80.340000,80.370000,80.180000,0.130000,0.190000,2
80.440000,80.210000,80.570000,80.210000,-0.230000,0.360000,2
80.540000,80.810000,80.810000,80.290000,0.270000,0.520000,1
80.530000,80.490000,80.730000,80.435000,-0.040000,0.295000,2
80.660000,80.560000,80.710000,80.540000,-0.100000,0.170000,2
80.750000,80.670000,80.770000,80.600000,-0.080000,0.170000,1
80.730000,80.740000,80.810000,80.673400,0.010000,0.136600,2
80.800000,80.760000,80.800000,80.660000,-0.040000,0.140000,1
80.790000,80.820000,80.860000,80.690000,0.030000,0.170000,2
81.470000,81.080000,81.750000,80.970000,-0.390000,0.780000,1
81.400000,81.440000,81.460000,81.080000,0.040000,0.380000,1
81.100000,81.400000,81.480000,81.050000,0.300000,0.430000,1
81.010000,81.110000,81.160000,80.955300,0.100000,0.204700,2
81.230000,81.020000,81.240000,81.000000,-0.210000,0.240000,1
81.050000,81.245000,81.246600,80.850000,0.195000,0.396600,1
80.900000,81.050000,81.050000,80.860100,0.150000,0.189900,1
80.765000,80.920000,81.100000,80.630000,0.155000,0.470000,2
80.870000,80.740000,80.909700,80.610000,-0.130000,0.299700,1
80.720000,80.890000,80.940000,80.530000,0.170000,0.410000,2
80.810000,80.700000,80.860000,80.580000,-0.110000,0.280000,2
80.830000,80.820000,80.940000,80.780000,-0.010000,0.160000,2
81.020000,80.839000,81.090000,80.839000,-0.181000,0.251000,1
80.950000,81.000000,81.100000,80.920000,0.050000,0.180000,2
81.280000,80.811200,81.430000,80.780000,-0.468800,0.650000,1
81.150000,81.280000,81.370000,81.130000,0.130000,0.240000,2
81.360500,81.190000,81.520000,81.170000,-0.170500,0.350000,2
81.380000,81.370000,81.416000,81.230000,-0.010000,0.186000,1
81.315000,81.370000,81.410000,81.240000,0.055000,0.170000,1
81.230000,81.315000,81.380000,81.210000,0.085000,0.170000,1
81.200000,81.250000,81.290000,81.180000,0.050000,0.110000,2
82.120000,81.430000,82.120000,81.350000,-0.690000,0.770000,1
82.120000,82.120000,82.410000,82.020000,0.000000,0.390000,1
82.090000,82.124600,82.160000,81.960000,0.034600,0.200000,1
81.660000,82.076600,82.076600,81.570000,0.416600,0.506600,2
81.730000,81.680000,81.810000,81.560000,-0.050000,0.250000,1
81.640000,81.710000,81.765000,81.440000,0.070000,0.325000,2
81.850000,81.640000,81.990000,81.640000,-0.210000,0.350000,1
80.900000,80.830000,81.080000,80.581000,-0.070000,0.499000,2
81.250000,80.901900,81.260000,80.901900,-0.348100,0.358100,2
81.330000,81.250000,81.410000,81.150000,-0.080000,0.260000,2
81.506600,81.360000,81.550000,81.320000,-0.146600,0.230000,2
81.580000,81.510000,81.638400,81.420000,-0.070000,0.218400,2
81.760000,81.580000,81.785000,81.540000,-0.180000,0.245000,2
81.790000,81.740000,81.840000,81.600000,-0.050000,0.240000,2
82.510000,81.760000,82.522000,81.605000,-0.750000,0.917000,1
82.490000,82.500000,82.710000,82.190000,0.010000,0.520000,1
82.260000,82.480000,82.503300,82.140000,0.220000,0.363300,2
82.350000,82.260000,82.370000,82.170000,-0.090000,0.200000,1
82.260100,82.340000,82.520000,82.190000,0.079900,0.330000,2
82.285000,82.300000,82.390000,82.230000,0.015000,0.160000,1
82.280000,82.295000,82.318600,82.160000,0.015000,0.158600,1
82.091400,82.330000,82.550000,82.055000,0.238600,0.495000,1
81.850000,82.104700,82.220000,81.850000,0.254700,0.370000,2
81.970000,81.820000,82.027300,81.740000,-0.150000,0.287300,1
81.890000,81.980000,82.020000,81.830000,0.090000,0.190000,1
81.720000,81.910000,82.010000,81.720000,0.190000,0.290000,2
81.750000,81.720000,81.900000,81.625000,-0.030000,0.275000,2
81.810000,81.770000,81.885000,81.760000,-0.040000,0.125000,1
81.140000,81.600000,81.740000,81.140000,0.460000,0.600000,2
81.190000,81.200000,81.240000,80.850000,0.010000,0.390000,1
80.970000,81.220000,81.220000,80.889400,0.250000,0.330600,2
81.100000,81.010000,81.217000,80.986500,-0.090000,0.230500,2
81.170000,81.110000,81.170000,80.970000,-0.060000,0.200000,2
81.410000,81.160000,81.420000,81.130000,-0.250000,0.290000,1
81.300000,81.400000,81.400000,81.230000,0.100000,0.170000,1
80.960000,81.330000,81.800000,80.960000,0.370000,0.840000,1
80.780000,80.970000,80.970000,80.595000,0.190000,0.375000,1
80.750000,80.794600,80.870000,80.600000,0.044600,0.270000,2
80.860000,80.760000,80.940000,80.730000,-0.100000,0.210000,2
80.880000,80.857500,81.135000,80.837300,-0.022500,0.297700,1
80.560000,80.890000,80.890000,80.550000,0.330000,0.340000,2
80.825000,80.560000,80.874500,80.545000,-0.265000,0.329500,2
80.980000,80.920000,81.110000,80.800000,-0.060000,0.310000,1
80.970000,80.950000,81.171300,80.750000,-0.020000,0.421300,1
80.800000,81.018900,81.445000,80.745600,0.218900,0.699400,2
80.880000,80.820000,80.890000,80.740000,-0.060000,0.150000,1
80.760000,80.870000,80.890000,80.670000,0.110000,0.220000,2
80.905000,80.800000,80.930000,80.730000,-0.105000,0.200000,1
80.890000,80.905000,80.950000,80.740000,0.015000,0.210000,2
81.000000,81.030000,81.270000,80.678700,0.030000,0.591300,2
81.090000,80.983800,81.120000,80.898000,-0.106200,0.222000,2
81.150000,81.130000,81.310000,81.080000,-0.020000,0.230000,1
81.120000,81.170000,81.320000,81.100000,0.050000,0.220000,1
81.105000,81.130000,81.239000,81.080000,0.025000,0.159000,2
81.360000,81.110000,81.370000,81.090000,-0.250000,0.280000,2
81.400000,81.370000,81.490000,81.320000,-0.030000,0.170000,1
80.460000,81.500000,81.534000,80.440000,1.040000,1.094000,1
80.410000,80.420000,80.606400,80.320000,0.010000,0.286400,1
80.380000,80.450000,80.530000,80.350000,0.070000,0.180000,1
80.375000,80.400000,80.480000,80.350000,0.025000,0.130000,2
80.640000,80.369000,80.730000,80.330000,-0.271000,0.400000,1
80.610000,80.640000,80.750000,80.595000,0.030000,0.155000,1
80.590000,80.610000,80.710000,80.560000,0.020000,0.150000,1
80.240000,80.350000,80.600000,80.200000,0.110000,0.400000,2
80.334900,80.310000,80.390000,80.190000,-0.024900,0.200000,2
80.470000,80.350000,80.491000,80.320000,-0.120000,0.171000,1
80.460000,80.460000,80.620000,80.400000,0.000000,0.220000,1
80.300000,80.440000,80.466900,80.290000,0.140000,0.176900,1
80.185000,80.320000,80.357900,80.185000,0.135000,0.172900,2
80.360000,80.190000,80.360000,80.165000,-0.170000,0.195000,2
80.410000,80.510000,80.690000,80.270000,0.100000,0.420000,2
80.570000,80.420000,80.570000,80.190000,-0.150000,0.380000,1
80.510000,80.610000,80.659600,80.470000,0.100000,0.189600,2
80.550000,80.530000,80.600000,80.420000,-0.020000,0.180000,1
80.425000,80.520000,80.520000,80.320000,0.095000,0.200000,2
80.590000,80.430000,80.590000,80.380000,-0.160000,0.210000,2
80.750000,80.590000,80.770000,80.556900,-0.160000,0.213100,2
81.200000,80.860000,81.438300,80.660000,-0.340000,0.778300,1
81.190000,81.160000,81.250000,80.980000,-0.030000,0.270000,2
81.230000,81.160000,81.330000,81.160000,-0.070000,0.170000,1
81.190200,81.220000,81.280000,81.110000,0.029800,0.170000,1
81.120000,81.180000,81.250100,80.910000,0.060000,0.340100,1
81.110000,81.120200,81.230000,81.035000,0.010200,0.195000,2
81.320000,81.123000,81.320000,81.110000,-0.197000,0.210000,2
81.730000,81.420000,81.780000,81.320000,-0.310000,0.460000,1
81.280000,81.760000,81.760000,81.280000,0.480000,0.480000,1
80.990000,81.290000,81.380000,80.980000,0.300000,0.400000,2
81.006400,80.990000,81.075000,80.880000,-0.016400,0.195000,2
81.100000,81.000000,81.170000,80.900000,-0.100000,0.270000,2
81.170000,81.080000,81.210000,81.000000,-0.090000,0.210000,2
81.240000,81.180000,81.270000,81.088400,-0.060000,0.181600,2
81.710000,81.400000,81.790000,81.390000,-0.310000,0.400000,1
81.510000,81.760000,81.870000,81.500000,0.250000,0.370000,2
81.600000,81.460000,81.660000,81.420000,-0.140000,0.240000,1
81.530000,81.620000,81.690000,81.490000,0.090000,0.200000,1
81.400000,81.550000,81.620000,81.313900,0.150000,0.306100,1
81.350000,81.415000,81.450000,81.270000,0.065000,0.180000,2
81.440000,81.345000,81.450000,81.330000,-0.095000,0.120000,2
82.190000,81.648000,82.290000,81.600000,-0.542000,0.690000,2
82.420000,82.190000,82.595000,82.190000,-0.230000,0.405000,1
82.404600,82.450000,82.705000,82.320000,0.045400,0.385000,2
82.490000,82.410000,82.740000,82.360000,-0.080000,0.380000,2
82.880000,82.490000,82.920000,82.460000,-0.390000,0.460000,2
83.095000,82.910000,83.110000,82.870000,-0.185000,0.240000,2
83.200000,83.110000,83.290000,83.055000,-0.090000,0.235000,1
82.930000,82.790000,83.260000,82.740000,-0.140000,0.520000,2
83.180000,82.965000,83.400000,82.948000,-0.215000,0.452000,2
83.310000,83.210000,83.360900,83.055000,-0.100000,0.305900,2
83.460000,83.317500,83.470000,83.260000,-0.142500,0.210000,2
83.580000,83.480000,83.620000,83.410000,-0.100000,0.210000,2
83.700000,83.590000,83.760000,83.540000,-0.110000,0.220000,1
83.470000,83.695000,83.715000,83.460000,0.225000,0.255000,1
82.310000,82.953000,83.120000,81.960000,0.643000,1.160000,2
82.730000,82.350000,82.770000,82.170000,-0.380000,0.600000,2
82.820000,82.730000,82.820000,82.520000,-0.090000,0.300000,1
82.560000,82.820000,82.850000,82.552100,0.260000,0.297900,1
82.499900,82.550000,82.640000,82.435000,0.050100,0.205000,1
82.465000,82.510000,82.550000,82.360000,0.045000,0.190000,2
82.495000,82.460000,82.650000,82.429900,-0.035000,0.220100,2
82.920000,82.775000,83.190000,82.770000,-0.145000,0.420000,1
82.640000,82.920000,82.920000,82.570000,0.280000,0.350000,1
82.540000,82.640000,82.670000,82.380000,0.100000,0.290000,2
82.550000,82.560000,82.600000,82.360000,0.010000,0.240000,2
82.590000,82.550000,82.760000,82.500000,-0.040000,0.260000,1
82.490000,82.600000,82.610000,82.370000,0.110000,0.240000,1
82.320000,82.480000,82.520000,82.270000,0.160000,0.250000,1
82.190000,82.460000,82.790000,82.120000,0.270000,0.670000,2
82.255000,82.190000,82.460000,82.190000,-0.065000,0.270000,1
81.582500,82.260000,82.270000,81.582500,0.677500,0.687500,2
81.630000,81.580000,81.690000,81.475000,-0.050000,0.215000,1
81.567500,81.650000,81.660000,81.400000,0.082500,0.260000,1
81.540000,81.560000,81.710000,81.470000,0.020000,0.240000,1
81.390000,81.530000,81.530000,81.280000,0.140000,0.250000,1
81.160000,81.190000,81.420000,80.820000,0.030000,0.600000,1
80.750000,81.170000,81.480000,80.630000,0.420000,0.850000,2
80.780000,80.760000,81.050000,80.640000,-0.020000,0.410000,1
80.660000,80.785000,80.840000,80.640000,0.125000,0.200000,2
80.731000,80.655000,80.900000,80.620000,-0.076000,0.280000,2
80.830000,80.730000,80.860000,80.669900,-0.100000,0.190100,2
80.910000,80.840000,80.985000,80.840000,-0.070000,0.145000,2
81.610000,80.910000,81.630000,80.580000,-0.700000,1.050000,2
82.080000,81.657200,82.130000,81.480000,-0.422800,0.650000,2
82.177200,82.080000,82.210000,81.900000,-0.097200,0.310000,1
82.085000,82.170000,82.170000,82.000000,0.085000,0.170000,2
82.120000,82.080000,82.200000,82.040000,-0.040000,0.160000,2
82.195000,82.140000,82.200000,82.080000,-0.055000,0.120000,1
82.160000,82.195000,82.200000,82.085000,0.035000,0.115000,1
81.150000,81.930000,81.930000,81.070000,0.780000,0.860000,2
81.546500,81.170000,81.650000,81.170000,-0.376500,0.480000,2
81.665000,81.560000,81.800000,81.560000,-0.105000,0.240000,2
81.770000,81.670000,81.850000,81.580000,-0.100000,0.270000,1
81.510000,81.740000,81.780000,81.490000,0.230000,0.290000,2
81.650000,81.520000,81.680000,81.450000,-0.130000,0.230000,2
81.700000,81.665000,81.750000,81.625000,-0.035000,0.125000,2
81.750000,81.730000,82.060000,81.480000,-0.020000,0.580000,1
81.500000,81.780000,81.780000,81.350000,0.280000,0.430000,2
81.820000,81.740000,82.060000,81.650000,-0.080000,0.410000,1
81.780000,81.720000,81.900000,81.650000,-0.060000,0.250000,2
81.810000,81.840000,82.060000,81.810000,0.030000,0.250000,1
81.740000,81.820000,81.900000,81.730000,0.080000,0.170000,1
81.630000,81.750000,81.770000,81.540000,0.120000,0.230000,1
81.550000,81.675000,81.700000,81.460000,0.125000,0.240000,1
81.410000,81.510000,81.510000,81.360000,0.100000,0.150000,2
81.500000,81.350000,81.520000,81.350000,-0.150000,0.170000,2
81.550000,81.480000,81.610000,81.480000,-0.070000,0.130000,2
81.600000,81.540000,81.660000,81.540000,-0.060000,0.120000,1
81.480000,81.570000,81.640000,81.470000,0.090000,0.170000,2
81.525000,81.490000,81.550000,81.440000,-0.035000,0.110000,1
81.420000,81.565000,81.565000,81.360000,0.145000,0.205000,1
81.350000,81.400000,81.410000,81.260000,0.050000,0.150000,2
81.470000,81.403400,81.490000,81.370000,-0.066600,0.120000,2
81.480000,81.470000,81.490000,81.400000,-0.010000,0.090000,2
81.580000,81.500000,81.600000,81.500000,-0.080000,0.100000,1
81.480000,81.560000,81.620000,81.460000,0.080000,0.160000,2
81.590000,81.510000,81.610000,81.510000,-0.080000,0.100000,1
81.570000,81.610000,81.610000,81.529000,0.040000,0.081000,1
81.535000,81.580000,81.580000,81.520000,0.045000,0.060000,2
81.710000,81.540000,81.710000,81.525000,-0.170000,0.185000,2
81.855600,81.690000,81.870000,81.685000,-0.165600,0.185000,2
81.960000,81.850000,81.990000,81.840000,-0.110000,0.150000,2
82.060000,81.960000,82.130000,81.930000,-0.100000,0.200000,2
82.080000,82.080000,82.100000,81.985000,0.000000,0.115000,1
82.030000,82.390000,82.410000,81.950000,0.360000,0.460000,2
82.083100,82.060000,82.083100,81.900000,-0.023100,0.183100,1
82.050000,82.200000,82.455000,82.005000,0.150000,0.450000,2
82.180000,82.050000,82.180000,81.860000,-0.130000,0.320000,1
82.010000,82.200000,82.287500,82.010000,0.190000,0.277500,2
82.100000,81.960000,82.220000,81.890000,-0.140000,0.330000,2
82.180000,82.095000,82.200000,82.000000,-0.085000,0.200000,1
82.030000,82.170000,82.190000,82.030000,0.140000,0.160000,1
81.930000,82.040000,82.070000,81.930000,0.110000,0.140000,1
81.800000,81.930000,81.930000,81.760000,0.130000,0.170000,1
81.790000,81.780000,81.810000,81.740000,-0.010000,0.070000,2
81.800000,81.790100,81.810000,81.760000,-0.009900,0.050000,1
81.730000,81.770000,81.809000,81.730000,0.040000,0.079000,2
81.770000,81.705000,81.800000,81.665400,-0.065000,0.134600,1
81.770000,81.760000,81.790000,81.717600,-0.010000,0.072400,2
81.960000,81.750000,81.970000,81.750000,-0.210000,0.220000,2
82.005000,81.930000,82.005000,81.930000,-0.075000,0.075000,1
81.910000,82.010000,82.010000,81.900000,0.100000,0.110000,2
81.950000,81.930000,81.965000,81.920000,-0.020000,0.045000,2
81.980000,81.960000,81.985000,81.901800,-0.020000,0.083200,1
81.960000,81.985000,82.020000,81.955000,0.025000,0.065000,2
82.000000,81.950000,82.000000,81.920000,-0.050000,0.080000,2
82.020000,81.970000,82.030000,81.960000,-0.050000,0.070000,2
82.110000,82.005000,82.110000,82.005000,-0.105000,0.105000,1
81.997700,82.100000,82.100000,81.975000,0.102300,0.125000,1
81.920000,82.000000,82.030000,81.900000,0.080000,0.130000,1
81.290000,81.899600,81.899600,81.290000,0.609600,0.609600,1
81.140000,81.260000,81.260000,81.085000,0.120000,0.175000,2
81.150000,81.155000,81.230000,80.980000,0.005000,0.250000,2
81.340000,81.180000,81.350000,81.130000,-0.160000,0.220000,1
81.020000,81.340000,81.370000,80.940000,0.320000,0.430000,1
80.935000,81.020000,81.067100,80.910000,0.085000,0.157100,1
80.806300,80.930000,81.060000,80.770000,0.123700,0.290000,1
80.710000,80.810000,80.840000,80.690000,0.100000,0.150000,1
80.565300,80.650000,80.680000,80.480000,0.084700,0.200000,2
80.590000,80.545000,80.685000,80.545000,-0.045000,0.140000,1
80.570000,80.600000,80.630000,80.517200,0.030000,0.112800,1
80.450000,80.545000,80.580000,80.450000,0.095000,0.130000,1
80.420000,80.470000,80.472500,80.410000,0.050000,0.062500,1
80.330000,80.420000,80.440000,80.330000,0.090000,0.110000,1
80.160000,80.320000,80.345000,80.160000,0.160000,0.185000,1
80.060000,80.140000,80.140000,80.050000,0.080000,0.090000,1
79.900000,80.060000,80.090000,79.900000,0.160000,0.190000,1
79.780000,79.900000,79.930000,79.760000,0.120000,0.170000,1
79.750000,79.770000,79.820000,79.730000,0.020000,0.090000,2
79.800000,79.730000,79.960000,79.730000,-0.070000,0.230000,1
79.740000,79.810000,79.910000,79.725000,0.070000,0.185000,2
79.746400,79.725000,79.770000,79.720000,-0.021400,0.050000,2
80.010000,79.730000,80.010000,79.620000,-0.280000,0.390000,1
79.950000,80.005000,80.025000,79.860000,0.055000,0.165000,1
79.905000,79.960000,80.030000,79.900000,0.055000,0.130000,2
80.090000,79.900000,80.110000,79.900000,-0.190000,0.210000,1
79.860000,79.960000,79.970000,79.331400,0.100000,0.638600,2
79.970000,79.910000,80.000000,79.786000,-0.060000,0.214000,1
79.855000,79.990000,80.025000,79.710000,0.135000,0.315000,2
80.190000,79.850000,80.190000,79.820000,-0.340000,0.370000,2
80.350000,80.210000,80.540000,80.210000,-0.140000,0.330000,2
80.490000,80.360000,80.490000,80.330000,-0.130000,0.160000,2
80.600000,80.507500,80.600000,80.400000,-0.092500,0.200000,1
80.550000,80.540000,80.635000,80.470000,-0.010000,0.165000,1
80.455000,80.480000,80.510000,80.410000,0.025000,0.100000,2
80.640000,80.420000,80.660000,80.420000,-0.220000,0.240000,2
80.650000,80.610000,80.720000,80.600000,-0.040000,0.120000,2
80.720000,80.620000,80.730000,80.590000,-0.100000,0.140000,1
80.562500,80.705000,80.730000,80.550000,0.142500,0.180000,1
80.560000,80.570000,80.620000,80.540000,0.010000,0.080000,2
80.660200,80.588900,80.680000,80.580000,-0.071300,0.100000,1
80.660000,80.650000,80.700000,80.600000,-0.010000,0.100000,1
80.580000,80.670000,80.680000,80.555000,0.090000,0.125000,1
80.461700,80.610000,80.635000,80.460000,0.148300,0.175000,2
80.470000,80.460000,80.480000,80.420000,-0.010000,0.060000,1
80.435400,80.470000,80.520000,80.435400,0.034600,0.084600,2
80.440000,80.450000,80.510000,80.440000,0.010000,0.070000,2
80.505000,80.423800,80.520000,80.420000,-0.081200,0.100000,1
80.500000,80.510000,80.540000,80.480000,0.010000,0.060000,2
80.580000,80.500000,80.605000,80.500000,-0.080000,0.105000,2
80.630100,80.580000,80.665000,80.570000,-0.050100,0.095000,1
80.630000,80.610000,80.640000,80.580000,-0.020000,0.060000,1
79.922500,80.370000,80.550000,79.840000,0.447500,0.710000,2
80.070000,79.920000,80.070000,79.729300,-0.150000,0.340700,2
80.380000,80.065000,80.390000,80.050000,-0.315000,0.340000,2
80.570000,80.380000,80.580000,80.320000,-0.190000,0.260000,2
80.690000,80.660000,80.860000,80.660000,-0.030000,0.200000,2
80.890000,80.660000,80.890000,80.620000,-0.230000,0.270000,1
80.805000,80.870000,80.910000,80.760000,0.065000,0.150000,1
80.725000,80.810000,80.890000,80.700000,0.085000,0.190000,1
79.395000,80.715000,80.790000,79.070000,1.320000,1.720000,1
78.910000,79.370000,79.570000,78.530000,0.460000,1.040000,2
79.560000,78.900000,79.820000,78.790000,-0.660000,1.030000,2
79.660000,79.520000,79.750000,79.460000,-0.140000,0.290000,2
79.835000,79.650000,80.050000,79.550000,-0.185000,0.500000,2
79.910000,79.857400,80.040100,79.820000,-0.052600,0.220100,1
79.894600,79.920100,79.950000,79.825000,0.025500,0.125000,1
79.860000,79.870000,79.935000,79.820000,0.010000,0.115000,1
79.800000,79.850000,79.875000,79.710000,0.050000,0.165000,2
79.970000,79.780000,79.970000,79.780000,-0.190000,0.190000,2
80.030000,79.985000,80.090000,79.970000,-0.045000,0.120000,1
79.970000,80.030000,80.040000,79.920000,0.060000,0.120000,2
79.990000,79.990000,80.050000,79.960000,0.000000,0.090000,1
79.775000,79.980000,79.990000,79.770000,0.205000,0.220000,1
79.750000,79.790000,79.823900,79.740000,0.040000,0.083900,2
79.925000,79.740000,79.940000,79.695000,-0.185000,0.245000,2
79.980000,79.910000,80.055000,79.840100,-0.070000,0.214900,1
79.820000,79.960000,79.980000,79.730000,0.140000,0.250000,1
79.590000,79.620000,79.900000,79.490000,0.030000,0.410000,1
79.520000,79.518000,79.590000,79.480000,-0.002000,0.110000,2
79.680000,79.510000,79.780000,79.510000,-0.170000,0.270000,1
79.650000,79.700000,79.760000,79.650000,0.050000,0.110000,2
79.700000,79.650000,79.770000,79.530100,-0.050000,0.239900,2
79.810000,79.720000,79.830000,79.670000,-0.090000,0.160000,2
79.820000,79.770000,79.960000,79.770000,-0.050000,0.190000,1
79.570000,79.835000,79.835000,79.540000,0.265000,0.295000,2
79.630000,79.560000,79.650000,79.560000,-0.070000,0.090000,1
79.490000,79.580000,79.600000,79.460000,0.090000,0.140000,2
79.614400,79.490000,79.630000,79.480000,-0.124400,0.150000,2
79.645000,79.610000,79.665000,79.560000,-0.035000,0.105000,1
79.590000,79.600000,79.635900,79.570000,0.010000,0.065900,2
79.620000,79.600000,79.690000,79.565000,-0.020000,0.125000,1
79.590000,79.630000,79.639900,79.570000,0.040000,0.069900,2
79.635000,79.610000,79.645000,79.530000,-0.025000,0.115000,1
79.570000,79.630000,79.690000,79.550000,0.060000,0.140000,1
79.510000,79.590000,79.590000,79.490000,0.080000,0.100000,2
79.600000,79.490000,79.600000,79.460000,-0.110000,0.140000,1
79.499900,79.580000,79.600000,79.450000,0.080100,0.150000,2
79.501000,79.500000,79.510000,79.429900,-0.001000,0.080100,2
79.520000,79.510000,79.530000,79.485000,-0.010000,0.045000,2
79.620000,79.523600,79.620000,79.475000,-0.096400,0.145000,1
79.535000,79.632000,79.645000,79.520000,0.097000,0.125000,2
79.630000,79.540000,79.630000,79.500000,-0.090000,0.130000,1
79.600000,79.650000,79.665000,79.480000,0.050000,0.185000,1
79.372000,79.485900,79.700000,79.320000,0.113900,0.380000,1
79.300000,79.370000,79.380000,79.220000,0.070000,0.160000,2
79.340000,79.370000,79.430000,79.250000,0.030000,0.180000,2
79.370000,79.320000,79.385000,79.250000,-0.050000,0.135000,1
79.370000,79.390000,79.410000,79.330000,0.020000,0.080000,1
79.360000,79.280000,79.360000,79.260000,-0.080000,0.100000,1
79.140000,79.370000,79.400000,79.140000,0.230000,0.260000,1
78.915000,79.120000,79.120000,78.880000,0.205000,0.240000,1
78.900000,78.930000,78.950000,78.830000,0.030000,0.120000,2
78.930000,78.910100,78.980000,78.865000,-0.019900,0.115000,1
78.745000,78.940000,78.940000,78.745000,0.195000,0.195000,1
78.700000,78.740000,78.802500,78.690000,0.040000,0.112500,1
78.638400,78.698700,78.740000,78.630000,0.060300,0.110000,2
78.640000,78.640000,78.665000,78.620000,0.000000,0.045000,2
78.670000,78.640000,78.720000,78.610000,-0.030000,0.110000,2
78.740000,78.670000,78.760000,78.670000,-0.070000,0.090000,2
78.765300,78.739900,78.790000,78.680000,-0.025400,0.110000,2
78.865000,78.770000,78.874400,78.770000,-0.095000,0.104400,1
78.834800,78.860000,78.860000,78.790000,0.025200,0.070000,2
78.850000,78.850000,78.930000,78.800000,0.000000,0.130000,1
78.793300,78.850000,78.910000,78.790800,0.056700,0.119200,2
78.860000,78.800000,78.890000,78.800000,-0.060000,0.090000,1
78.850000,78.840000,78.890000,78.815000,-0.010000,0.075000,1
78.735000,78.845000,78.850000,78.720000,0.110000,0.130000,1
78.700000,78.740000,78.760000,78.620000,0.040000,0.140000,2
78.810000,78.680000,78.840000,78.550000,-0.130000,0.290000,2
79.030000,78.869200,79.150000,78.775000,-0.160800,0.375000,1
78.975500,79.010000,79.105000,78.910000,0.034500,0.195000,2
79.220000,78.950000,79.230000,78.950000,-0.270000,0.280000,1
78.980000,79.230000,79.230000,78.960000,0.250000,0.270000,1
78.625000,78.990000,78.990000,78.625000,0.365000,0.365000,1
78.620000,78.620000,78.690000,78.545000,0.000000,0.145000,2
78.760000,78.680000,78.840000,78.670000,-0.080000,0.170000,1
78.710000,78.740000,78.770000,78.690000,0.030000,0.080000,2
78.850000,78.680000,78.864900,78.680000,-0.170000,0.184900,1
78.680000,78.870000,78.870000,78.680000,0.190000,0.190000,2
78.755000,78.693300,78.770000,78.693300,-0.061700,0.076700,1
78.710000,78.750000,78.760000,78.700000,0.040000,0.060000,1
78.700000,78.715000,78.787800,78.700000,0.015000,0.087800,2
78.715000,78.710000,78.760000,78.710000,-0.005000,0.050000,2
78.810000,78.725000,78.830000,78.700000,-0.085000,0.130000,1
78.800000,78.810000,78.840000,78.790000,0.010000,0.050000,2
78.850000,78.815000,78.900100,78.800000,-0.035000,0.100100,2
78.890000,78.850000,78.890000,78.810000,-0.040000,0.080000,1
78.790000,78.900000,79.070000,78.750000,0.110000,0.320000,2
78.890000,78.800000,78.900000,78.790000,-0.090000,0.110000,1
78.640000,78.890000,78.920000,78.600000,0.250000,0.320000,1
78.570000,78.640000,78.640000,78.420000,0.070000,0.220000,2
78.660000,78.560000,78.690000,78.545000,-0.100000,0.145000,1
78.500000,78.640000,78.680000,78.480000,0.140000,0.200000,1
78.380000,78.500000,78.500000,78.380000,0.120000,0.120000,1
78.100000,78.370000,78.370000,78.050000,0.270000,0.320000,2
78.489900,78.010000,78.489900,78.010000,-0.479900,0.479900,2
78.730000,78.500000,78.730000,78.500000,-0.230000,0.230000,2
78.810000,78.730000,78.820000,78.680000,-0.080000,0.140000,2
78.850000,78.825000,78.950000,78.770000,-0.025000,0.180000,1
78.800000,78.870000,78.890000,78.800000,0.070000,0.090000,1
78.750000,78.810000,78.880000,78.705000,0.060000,0.175000,2
78.800000,78.760000,78.830000,78.750000,-0.040000,0.080000,2
78.850000,78.822000,78.920000,78.790000,-0.028000,0.130000,1
78.840000,78.855000,78.920000,78.810000,0.015000,0.110000,2
78.960000,78.820000,78.960000,78.743100,-0.140000,0.216900,2
79.220000,79.000000,79.260000,78.990000,-0.220000,0.270000,1
79.210000,79.190000,79.270000,79.110000,-0.020000,0.160000,1
79.140000,79.210000,79.310000,79.130000,0.070000,0.180000,2
79.190000,79.140000,79.190000,79.125000,-0.050000,0.065000,1
79.110000,79.160000,79.173500,79.040000,0.050000,0.133500,1
79.050000,79.110000,79.110000,79.050000,0.060000,0.060000,1
78.965000,79.040000,79.078100,78.960000,0.075000,0.118100,1
78.920000,78.980000,79.010000,78.895000,0.060000,0.115000,2
79.024000,78.890000,79.030000,78.890000,-0.134000,0.140000,1
79.010000,79.010000,79.110000,78.964300,0.000000,0.145700,1
79.000000,79.005000,79.030000,78.975000,0.005000,0.055000,1
78.911800,78.995000,79.030000,78.895000,0.083200,0.135000,1
78.760000,78.915000,78.920000,78.730000,0.155000,0.190000,1
78.750000,78.735000,78.800000,78.680000,-0.015000,0.120000,1
78.740000,78.750000,78.795000,78.695000,0.010000,0.100000,2
78.950000,78.740000,78.990000,78.710000,-0.210000,0.280000,2
79.380000,79.190000,79.570000,79.190000,-0.190000,0.380000,1
79.360000,79.370000,79.530000,79.360000,0.010000,0.170000,2
79.420000,79.340000,79.450000,79.340000,-0.080000,0.110000,1
79.350000,79.410000,79.410000,79.270000,0.060000,0.140000,2
79.430000,79.370000,79.520000,79.370000,-0.060000,0.150000,1
79.420000,79.443300,79.570000,79.420000,0.023300,0.150000,1
79.240000,79.453200,79.480000,79.200000,0.213200,0.280000,2
79.380000,79.250000,79.400000,79.250000,-0.130000,0.150000,2
79.430000,79.370000,79.470000,79.370000,-0.060000,0.100000,1
79.370000,79.390000,79.419000,79.315000,0.020000,0.104000,1
79.370000,79.400000,79.470000,79.335400,0.030000,0.134600,2
79.430000,79.350000,79.430000,79.340000,-0.080000,0.090000,2
79.460000,79.420000,79.460000,79.360000,-0.040000,0.100000,1
79.460000,79.490000,79.550000,79.440000,0.030000,0.110000,2
79.585000,79.450000,79.590000,79.450000,-0.135000,0.140000,2
79.650000,79.580000,79.659300,79.550000,-0.070000,0.109300,2
79.800000,79.640000,79.800000,79.630000,-0.160000,0.170000,1
79.710000,79.790000,79.800000,79.710000,0.080000,0.090000,1
79.700000,79.730000,79.740000,79.690000,0.030000,0.050000,1
79.640000,79.700000,79.700000,79.620000,0.060000,0.080000,2
79.725000,79.670000,79.730000,79.670000,-0.055000,0.060000,2
79.740000,79.740000,79.750000,79.695000,0.000000,0.055000,2
79.750000,79.715000,79.760000,79.700000,-0.035000,0.060000,2
79.815000,79.750000,79.886600,79.750000,-0.065000,0.136600,1
79.790000,79.830000,79.885000,79.790000,0.040000,0.095000,2
80.020000,79.780000,80.050000,79.735000,-0.240000,0.315000,1
79.390000,80.000000,80.000000,79.350000,0.610000,0.650000,1
79.320000,79.420000,79.420000,79.200000,0.100000,0.220000,2
79.440000,79.325600,79.510000,79.325600,-0.114400,0.184400,2
79.530000,79.460000,79.530000,79.330000,-0.070000,0.200000,2
79.560000,79.580000,79.640000,79.520000,0.020000,0.120000,1
79.360000,79.580000,79.580000,79.330000,0.220000,0.250000,2
79.390000,79.410000,79.410000,79.310000,0.020000,0.100000,1
79.300000,79.380000,79.460000,79.300000,0.080000,0.160000,2
79.395000,79.300000,79.420000,79.300000,-0.095000,0.120000,2
79.410000,79.410000,79.460000,79.390000,0.000000,0.070000,1
79.320000,79.420000,79.420000,79.310000,0.100000,0.110000,1
79.280000,79.310000,79.330000,79.250000,0.030000,0.080000,1
79.280000,79.270000,79.310000,79.260000,-0.010000,0.050000,2
79.320000,79.300000,79.350000,79.270000,-0.020000,0.080000,2
79.350000,79.340000,79.360000,79.280000,-0.010000,0.080000,2
79.470000,79.330000,79.493100,79.330000,-0.140000,0.163100,2
79.531000,79.470000,79.580000,79.460000,-0.061000,0.120000,1
79.510000,79.520000,79.566000,79.490000,0.010000,0.076000,2
79.550000,79.510000,79.550000,79.490000,-0.040000,0.060000,1
79.550000,79.550000,79.560000,79.500000,0.000000,0.060000,2
79.600000,79.550000,79.620000,79.550000,-0.050000,0.070000,1
79.560000,79.591000,79.600000,79.530000,0.031000,0.070000,1
79.500000,79.550000,79.550000,79.490000,0.050000,0.060000,2
79.510000,79.505000,79.540000,79.500000,-0.005000,0.040000,1
79.350000,79.510000,79.510000,79.350000,0.160000,0.160000,2
79.550000,79.360000,79.580000,79.360000,-0.190000,0.220000,2
80.300000,79.965000,80.300000,79.965000,-0.335000,0.335000,1
80.260000,80.310000,80.310000,80.150000,0.050000,0.160000,2
80.526200,80.285000,80.540000,80.255000,-0.241200,0.285000,1
80.390000,80.490000,80.490000,80.330000,0.100000,0.160000,2
80.410000,80.410000,80.460000,80.330000,0.000000,0.130000,1
80.328000,80.387600,80.450000,80.328000,0.059600,0.122000,1
80.210000,80.295000,80.400000,80.182400,0.085000,0.217600,1
80.100000,80.190000,80.190000,80.093500,0.090000,0.096500,2
80.275400,80.120500,80.320000,80.120500,-0.154900,0.199500,2
80.450000,80.280000,80.490000,80.270000,-0.170000,0.220000,2
80.660000,80.470000,80.680000,80.470000,-0.190000,0.210000,1
80.570000,80.660000,80.660000,80.530000,0.090000,0.130000,1
80.570000,80.550000,80.605000,80.520000,-0.020000,0.085000,2
80.580000,80.560000,80.580000,80.450000,-0.020000,0.130000,2
80.600000,80.550000,80.610000,80.513900,-0.050000,0.096100,2
80.690000,80.595000,80.700000,80.595000,-0.095000,0.105000,1
80.680000,80.675000,80.690000,80.625000,-0.005000,0.065000,1
80.580000,80.680000,80.680000,80.520000,0.100000,0.160000,1
80.580000,80.550000,80.600000,80.530000,-0.030000,0.070000,2
80.620000,80.580000,80.660000,80.550000,-0.040000,0.110000,1
80.580000,80.640000,80.640000,80.555000,0.060000,0.085000,2
80.680000,80.590000,80.740000,80.590000,-0.090000,0.150000,1
80.670000,80.670100,80.710000,80.645000,0.000100,0.065000,1
80.635000,80.700000,80.720000,80.580000,0.065000,0.140000,1
80.495000,80.630000,80.630000,80.455000,0.135000,0.175000,1
80.430000,80.480000,80.550000,80.425000,0.050000,0.125000,1
80.370000,80.250000,80.370000,80.190000,-0.120000,0.180000,2
80.520000,80.410000,80.580000,80.410000,-0.110000,0.170000,1
80.480000,80.480000,80.540000,80.390000,0.000000,0.150000,1
80.340000,80.526700,80.526700,80.340000,0.186700,0.186700,2
80.450000,80.340000,80.450000,80.250000,-0.110000,0.200000,2
80.500000,80.480000,80.600000,80.440000,-0.020000,0.160000,1
80.335400,80.500000,80.500000,80.320000,0.164600,0.180000,1
80.010000,80.303300,80.350000,80.010000,0.293300,0.340000,1
79.746600,80.044300,80.050000,79.640000,0.297700,0.410000,1
79.590000,79.750000,79.770000,79.590000,0.160000,0.180000,1
79.510000,79.610000,79.620000,79.471600,0.100000,0.148400,1
79.510000,79.520000,79.640000,79.500000,0.010000,0.140000,1
79.390000,79.500000,79.540000,79.390000,0.110000,0.150000,1
79.310000,79.370000,79.370000,79.290000,0.060000,0.080000,2
79.335000,79.300000,79.370000,79.230000,-0.035000,0.140000,1
79.300000,79.360000,79.385000,79.300000,0.060000,0.085000,1
79.190000,79.270000,79.270000,79.149900,0.080000,0.120100,1
79.170000,79.200000,79.260000,79.170000,0.030000,0.090000,2
79.250000,79.140000,79.260000,79.133400,-0.110000,0.126600,1
79.070000,79.290000,79.330000,79.070000,0.220000,0.260000,1
78.660000,79.060000,79.060000,78.540500,0.400000,0.519500,2
78.840000,78.660000,78.860000,78.660000,-0.180000,0.200000,2
78.925000,78.880000,78.960000,78.830000,-0.045000,0.130000,2
78.959800,78.935000,79.030000,78.830000,-0.024800,0.200000,2
78.960000,78.970000,79.034500,78.860000,0.010000,0.174500,2
79.180000,78.970000,79.200000,78.925000,-0.210000,0.275000,1
78.810000,79.075000,79.110000,78.770000,0.265000,0.340000,1
78.800000,78.830000,78.990000,78.580000,0.030000,0.410000,2
78.840000,78.800000,78.910000,78.630000,-0.040000,0.280000,2
78.880000,78.830000,78.880000,78.700000,-0.050000,0.180000,2
79.252500,78.960000,79.270000,78.940000,-0.292500,0.330000,2
79.350000,79.280000,79.350000,79.160000,-0.070000,0.190000,2
79.360000,79.320000,79.360000,79.250000,-0.040000,0.110000,2
79.450000,79.330000,79.500000,79.300000,-0.120000,0.200000,1
79.260000,79.470100,79.480000,79.250000,0.210100,0.230000,2
79.720000,79.300000,79.740000,79.300000,-0.420000,0.440000,2
79.880000,79.750000,80.010000,79.750000,-0.130000,0.260000,1
79.770000,79.860000,79.950000,79.740000,0.090000,0.210000,2
79.870000,79.780000,79.920000,79.760000,-0.090000,0.160000,2
79.960000,79.930000,80.000000,79.920000,-0.030000,0.080000,1
79.776000,79.910000,79.940000,79.750000,0.134000,0.190000,1
79.760000,79.790000,79.870000,79.760000,0.030000,0.110000,2
79.800000,79.760000,79.820000,79.660000,-0.040000,0.160000,1
79.720000,79.840000,79.840000,79.670000,0.120000,0.170000,2
79.730000,79.745000,79.750000,79.680000,0.015000,0.070000,1
79.586600,79.720000,79.750000,79.586600,0.133400,0.163400,2
79.715000,79.580000,79.780000,79.580000,-0.135000,0.200000,2
79.900000,79.740100,79.915000,79.740000,-0.159900,0.175000,1
79.820000,79.900000,79.960000,79.820000,0.080000,0.140000,1
79.710000,79.830000,79.830000,79.710000,0.120000,0.120000,2
79.940000,79.715000,79.950000,79.715000,-0.225000,0.235000,2
79.950000,79.930000,80.030000,79.930000,-0.020000,0.100000,2
80.240000,79.990000,80.240000,79.890000,-0.250000,0.350000,2
80.440000,80.253300,80.488400,80.130000,-0.186700,0.358400,1
80.420000,80.430000,80.570000,80.390000,0.010000,0.180000,2
80.610000,80.410000,80.710000,80.410000,-0.200000,0.300000,1
80.470000,80.590000,80.590000,80.390000,0.120000,0.200000,2
80.710000,80.430000,80.840000,80.430000,-0.280000,0.410000,2
80.970000,80.690000,80.980000,80.620000,-0.280000,0.360000,1
80.840000,80.940000,81.070100,80.825000,0.100000,0.245100,2
81.130000,80.890000,81.130000,80.860000,-0.240000,0.270000,1
80.950000,81.090000,81.180000,80.950000,0.140000,0.230000,2
81.050000,80.990000,81.190000,80.950000,-0.060000,0.240000,2
81.070000,81.080000,81.220000,81.020000,0.010000,0.200000,2
81.175000,81.070000,81.190000,80.990000,-0.105000,0.200000,2
81.360000,81.145000,81.360000,81.140000,-0.215000,0.220000,2
81.380000,81.370000,81.409900,81.280000,-0.010000,0.129900,2
81.500000,81.400000,81.590000,81.350000,-0.100000,0.240000,2
81.630000,81.510000,81.660000,81.500000,-0.120000,0.160000,1
81.620000,81.620000,81.720000,81.600000,0.000000,0.120000,1
81.520000,81.610000,81.610000,81.460000,0.090000,0.150000,2
81.560000,81.500000,81.620000,81.497500,-0.060000,0.122500,1
81.480000,81.570000,81.600000,81.460000,0.090000,0.140000,2
81.550000,81.510000,81.570000,81.445000,-0.040000,0.125000,1
81.365000,81.570000,81.570000,81.365000,0.205000,0.205000,2
81.550000,81.340000,81.550000,81.315000,-0.210000,0.235000,1
81.430000,81.530000,81.565000,81.320100,0.100000,0.244900,1
81.390000,81.415000,81.535000,81.320000,0.025000,0.215000,2
82.090000,81.730000,82.330000,81.730000,-0.360000,0.600000,2
82.240000,82.065000,82.240000,82.000000,-0.175000,0.240000,1
82.090000,82.225000,82.330000,82.090000,0.135000,0.240000,1
81.770000,82.150000,82.150000,81.770000,0.380000,0.380000,1
81.540000,81.683900,81.760000,81.540000,0.143900,0.220000,1
81.460000,81.560000,81.560000,81.430000,0.100000,0.130000,2
81.660000,81.450000,81.660000,81.450000,-0.210000,0.210000,2
81.720000,81.640000,81.799800,81.630000,-0.080000,0.169800,1
81.720000,81.760000,81.760000,81.680000,0.040000,0.080000,1
81.500000,81.766900,81.766900,81.500000,0.266900,0.266900,1
81.430000,81.530000,81.540000,81.430000,0.100000,0.110000,2
81.440000,81.370000,81.460000,81.370000,-0.070000,0.090000,2
81.570000,81.450000,81.570000,81.450000,-0.120000,0.120000,2
81.690000,81.590000,81.730000,81.590000,-0.100000,0.140000,2
81.700000,81.679500,81.710000,81.600000,-0.020500,0.110000,2
81.820000,81.790000,81.920000,81.790000,-0.030000,0.130000,2
81.880000,81.790000,81.920000,81.790000,-0.090000,0.130000,1
81.860000,81.830000,81.890000,81.785000,-0.030000,0.105000,1
81.820000,81.830000,81.860000,81.770000,0.010000,0.090000,2
81.950000,81.840000,81.965000,81.810000,-0.110000,0.155000,2
82.020000,81.950000,82.030000,81.950000,-0.070000,0.080000,2
82.140000,82.020000,82.140000,82.020000,-0.120000,0.120000,1
82.120000,82.150000,82.160000,82.060000,0.030000,0.100000,2
82.280000,82.140000,82.280000,82.140000,-0.140000,0.140000,2
82.380000,82.210000,82.380000,82.140000,-0.170000,0.240000,2
82.460000,82.320200,82.460000,82.230000,-0.139800,0.230000,1
82.410000,82.480000,82.570000,82.390000,0.070000,0.180000,1
82.390000,82.410000,82.500000,82.380000,0.020000,0.120000,1
82.340000,82.360000,82.360000,82.290000,0.020000,0.070000,2
82.450000,82.380000,82.520000,82.370000,-0.070000,0.150000,2
82.520000,82.440000,82.530000,82.440000,-0.080000,0.090000,2
82.640000,82.525000,82.640000,82.500000,-0.115000,0.140000,2
82.665000,82.650000,82.700000,82.610000,-0.015000,0.090000,1
82.608300,82.620000,82.670000,82.585000,0.011700,0.085000,1
82.580000,82.650000,82.680000,82.550000,0.070000,0.130000,1
82.560000,82.565000,82.700000,82.480000,0.005000,0.220000,2
82.570000,82.555300,82.600000,82.530000,-0.014700,0.070000,1
82.510000,82.560000,82.560000,82.490000,0.050000,0.070000,1
82.500000,82.510000,82.535000,82.470000,0.010000,0.065000,2
82.680000,82.520000,82.680000,82.520000,-0.160000,0.160000,2
82.750000,82.660000,82.750000,82.640000,-0.090000,0.110000,2
82.920000,82.750000,82.920000,82.720000,-0.170000,0.200000,1
82.870000,82.890000,82.941000,82.790000,0.020000,0.151000,1
82.860000,82.865000,82.865000,82.760000,0.005000,0.105000,2
82.885800,82.830000,82.885800,82.800000,-0.055800,0.085800,1
82.810000,82.870000,82.870000,82.790000,0.060000,0.080000,1
82.800000,82.820000,82.824900,82.780000,0.020000,0.044900,1
82.700000,82.820000,82.840000,82.700000,0.120000,0.140000,1
82.620000,82.710000,82.730000,82.610000,0.090000,0.120000,1
82.590000,82.605300,82.650000,82.570000,0.015300,0.080000,2
82.600000,82.570000,82.620000,82.530000,-0.030000,0.090000,1
82.590000,82.640000,82.660000,82.570000,0.050000,0.090000,1
82.540000,82.590000,82.630000,82.540000,0.050000,0.090000,1
82.510000,82.560000,82.570000,82.510000,0.050000,0.060000,2
82.595000,82.530000,82.595000,82.510000,-0.065000,0.085000,1
82.520000,82.580000,82.615000,82.510000,0.060000,0.105000,2
82.530000,82.500000,82.530000,82.450000,-0.030000,0.080000,2
82.540000,82.500000,82.570000,82.470000,-0.040000,0.100000,1
82.520000,82.530000,82.580000,82.520000,0.010000,0.060000,2
82.610000,82.510000,82.610000,82.500000,-0.100000,0.110000,1
82.540000,82.640000,82.670000,82.520000,0.100000,0.150000,1
82.480000,82.550000,82.570000,82.480000,0.070000,0.090000,1
82.480000,82.515200,82.520000,82.480000,0.035200,0.040000,1
82.390000,82.490000,82.520000,82.380000,0.100000,0.140000,2
82.400000,82.364200,82.400000,82.320000,-0.035800,0.080000,1
82.340000,82.422000,82.422000,82.320000,0.082000,0.102000,1
82.270000,82.325000,82.370000,82.270000,0.055000,0.100000,1
82.230000,82.260000,82.290000,82.210000,0.030000,0.080000,1
82.230000,82.230000,82.310000,82.190000,0.000000,0.120000,1
82.215000,82.240000,82.270000,82.170000,0.025000,0.100000,2
82.310000,82.240000,82.380000,82.220000,-0.070000,0.160000,1
82.310000,82.338100,82.380000,82.310000,0.028100,0.070000,1
82.290000,82.320000,82.340000,82.270000,0.030000,0.070000,1
82.240000,82.290000,82.300000,82.195000,0.050000,0.105000,2
82.290000,82.210000,82.295000,82.170000,-0.080000,0.125000,1
82.215000,82.280000,82.305000,82.215000,0.065000,0.090000,1
82.110000,82.210000,82.220000,82.100000,0.100000,0.120000,2
82.160000,82.110000,82.160000,82.050000,-0.050000,0.110000,1
82.020000,82.170000,82.170000,81.930000,0.150000,0.240000,2
82.150000,81.880000,82.150000,81.880000,-0.270000,0.270000,2
82.250000,82.230000,82.380000,82.230000,-0.020000,0.150000,2
82.510000,82.220000,82.510000,82.220000,-0.290000,0.290000,1
82.430000,82.560000,82.620000,82.430000,0.130000,0.190000,1
82.380000,82.420000,82.510000,82.380000,0.040000,0.130000,2
82.390000,82.310000,82.399300,82.120000,-0.080000,0.279300,2
82.510000,82.380100,82.510000,82.340000,-0.129900,0.170000,2
82.650000,82.500000,82.660000,82.490000,-0.150000,0.170000,1
82.640000,82.680000,82.680000,82.510000,0.040000,0.170000,1
82.420000,82.650000,82.650000,82.420000,0.230000,0.230000,1
82.380000,82.380000,82.450000,82.310000,0.000000,0.140000,1
82.200000,82.400000,82.400000,82.170000,0.200000,0.230000,2
82.320000,82.210000,82.320000,82.190000,-0.110000,0.130000,1
82.210000,82.330000,82.330000,82.210000,0.120000,0.120000,1
82.180000,82.165000,82.180000,82.075000,-0.015000,0.105000,2
82.430000,82.220000,82.500000,82.220000,-0.210000,0.280000,1
82.330000,82.380000,82.430000,82.290000,0.050000,0.140000,2
82.370000,82.375500,82.410000,82.353600,0.005500,0.056400,2
82.420000,82.370000,82.420000,82.350000,-0.050000,0.070000,2
82.470000,82.450000,82.560000,82.435000,-0.020000,0.125000,1
82.400000,82.370000,82.400000,82.240000,-0.030000,0.160000,1
82.290000,82.330000,82.330000,82.260000,0.040000,0.070000,2
82.390000,82.270000,82.390000,82.270000,-0.120000,0.120000,1
82.330000,82.400000,82.460000,82.300000,0.070000,0.160000,1
82.270000,82.295600,82.300000,82.230000,0.025600,0.070000,1
82.245000,82.260000,82.330000,82.245000,0.015000,0.085000,1
82.210000,82.290000,82.290000,82.210000,0.080000,0.080000,1
82.020000,82.180000,82.180000,82.020000,0.160000,0.160000,2
82.120000,82.020000,82.162800,82.020000,-0.100000,0.142800,1
82.070000,82.120000,82.130000,82.070000,0.050000,0.060000,2
82.095000,82.050000,82.130000,82.000000,-0.045000,0.130000,2
82.200000,82.110000,82.200000,82.080000,-0.090000,0.120000,1
82.110000,82.220000,82.220000,82.080000,0.110000,0.140000,1
81.990000,82.070000,82.090000,81.990000,0.080000,0.100000,2
82.060000,82.040000,82.060000,81.995000,-0.020000,0.065000,1
82.050000,82.110000,82.110000,82.030000,0.060000,0.080000,2
82.090000,82.050000,82.110000,82.050000,-0.040000,0.060000,2
82.184800,82.105000,82.190000,82.105000,-0.079800,0.085000,1
82.130000,82.195000,82.195000,82.110000,0.065000,0.085000,1
82.090000,82.180000,82.190000,82.090000,0.090000,0.100000,1
82.070000,82.090000,82.110000,82.055000,0.020000,0.055000,1
82.040000,82.090000,82.100000,81.990000,0.050000,0.110000,1
81.990000,81.990000,82.050000,81.980000,0.000000,0.070000,1
81.983000,81.970000,81.990000,81.970000,-0.013000,0.020000,2
82.035000,82.010000,82.035000,81.970000,-0.025000,0.065000,1
81.990000,82.020000,82.040000,81.990000,0.030000,0.050000,2
82.040000,82.020000,82.080000,82.000000,-0.020000,0.080000,1
81.970000,82.020000,82.040000,81.970000,0.050000,0.070000,1
81.890000,81.950000,81.970000,81.890000,0.060000,0.080000,2
81.930000,81.865000,81.940000,81.865000,-0.065000,0.075000,2
81.970000,81.910000,81.970000,81.880000,-0.060000,0.090000,2
82.060000,81.970000,82.060000,81.970000,-0.090000,0.090000,2
82.200000,82.080000,82.200000,82.050000,-0.120000,0.150000,1
82.160000,82.170000,82.183700,82.140000,0.010000,0.043700,1
82.150000,82.150000,82.180000,82.150000,0.000000,0.030000,2
82.220000,82.120000,82.220000,82.090000,-0.100000,0.130000,1
82.210000,82.230000,82.300000,82.140000,0.020000,0.160000,2
82.220000,82.220000,82.290000,82.220000,0.000000,0.070000,1
82.210000,82.230000,82.245000,82.210000,0.020000,0.035000,1
82.190000,82.200000,82.220000,82.190000,0.010000,0.030000,2
82.280000,82.190000,82.280000,82.190000,-0.090000,0.090000,1
82.260000,82.270000,82.330000,82.260000,0.010000,0.070000,2
82.340000,82.270000,82.360000,82.270000,-0.070000,0.090000,2
82.380000,82.330000,82.390000,82.290000,-0.050000,0.100000,2
82.430000,82.390000,82.430000,82.320000,-0.040000,0.110000,1
82.414500,82.430000,82.450000,82.340000,0.015500,0.110000,1
82.385000,82.413200,82.413200,82.350000,0.028200,0.063200,1
82.350000,82.390000,82.430000,82.340000,0.040000,0.090000,1
82.280000,82.340000,82.360000,82.270000,0.060000,0.090000,2
82.330000,82.290000,82.330000,82.270000,-0.040000,0.060000,1
82.250000,82.300000,82.305000,82.250000,0.050000,0.055000,1
82.250000,82.270000,82.305000,82.220000,0.020000,0.085000,1
82.250000,82.240000,82.310000,82.240000,-0.010000,0.070000,2
82.290000,82.250000,82.295000,82.220000,-0.040000,0.075000,2
82.320000,82.290000,82.350000,82.260000,-0.030000,0.090000,2
82.330000,82.325000,82.340000,82.270000,-0.005000,0.070000,1
82.260000,82.340000,82.355000,82.260000,0.080000,0.095000,2
82.410000,82.220000,82.410000,82.190000,-0.190000,0.220000,2
82.570000,82.450000,82.710000,82.450000,-0.120000,0.260000,2
82.770000,82.630000,82.820000,82.430000,-0.140000,0.390000,2
82.850000,82.756800,82.900000,82.754000,-0.093200,0.146000,2
82.930000,82.910000,83.000000,82.806000,-0.020000,0.194000,2
83.160000,82.930000,83.220000,82.900000,-0.230000,0.320000,2
83.210000,83.170000,83.270000,83.170000,-0.040000,0.100000,1
83.070000,83.190000,83.253500,83.070000,0.120000,0.183500,1
82.750000,83.060000,83.070000,82.690000,0.310000,0.380000,2
82.880000,82.770000,82.880000,82.730000,-0.110000,0.150000,1
82.430000,82.650000,82.655000,82.395000,0.220000,0.260000,1
82.340000,82.435000,82.440000,82.340000,0.095000,0.100000,2
82.460000,82.340000,82.460000,82.340000,-0.120000,0.120000,2
82.630000,82.470000,82.630000,82.340000,-0.160000,0.290000,2
82.640000,82.620000,82.690000,82.590000,-0.020000,0.100000,2
82.740000,82.710000,82.770000,82.710000,-0.030000,0.060000,2
82.790000,82.740000,82.816100,82.670000,-0.050000,0.146100,2
82.985000,82.820000,82.985000,82.800000,-0.165000,0.185000,1
82.820000,82.920000,82.920000,82.800000,0.100000,0.120000,2
82.930000,82.879900,82.930000,82.825000,-0.050100,0.105000,1
82.930000,82.920000,83.010000,82.920000,-0.010000,0.090000,1
