1240.340000,1246.160000,1246.160000,1233.850000,5.820000,12.310000,1
1230.960000,1240.360000,1240.360000,1230.510000,9.400000,9.850000,2
1233.460000,1230.670000,1233.560100,1230.000000,-2.790000,3.560100,1
1233.035000,1233.514300,1234.350000,1231.436300,0.479300,2.913700,2
1234.360000,1232.890000,1235.000000,1231.750000,-1.470000,3.250000,1
1233.580000,1234.340000,1235.750000,1233.300000,0.760000,2.450000,2
1237.520000,1233.090000,1239.000000,1233.090000,-4.430000,5.910000,1
1234.660000,1240.500000,1240.500000,1231.960000,5.840000,8.540000,1
1232.390000,1234.790000,1235.580000,1230.543900,2.400000,5.036100,2
1233.560100,1232.150000,1235.216800,1232.150000,-1.410100,3.066800,2
1237.581300,1233.970000,1238.512700,1233.970000,-3.611300,4.542700,2
1237.985000,1237.206800,1238.365000,1235.016700,-0.778200,3.348300,1
1237.850000,1237.700000,1238.510000,1236.385000,-0.150000,2.125000,2
1237.920000,1237.850000,1238.440100,1236.689900,-0.070000,1.750200,2
1262.720000,1252.500000,1264.069900,1252.500000,-10.220000,11.569900,1
1256.319900,1263.360000,1265.120000,1255.985000,7.040100,9.135000,2
1264.055100,1256.138300,1264.540000,1256.138300,-7.916800,8.401700,1
1260.728000,1264.000000,1265.880000,1260.180100,3.272000,5.699900,1
1259.160000,1260.880000,1263.180100,1258.800000,1.720000,4.380100,1
1257.370000,1259.427500,1259.680100,1256.160000,2.057500,3.520100,1
1255.790000,1257.260000,1257.814900,1254.560100,1.470000,3.254800,2
1264.000000,1256.720000,1266.959400,1253.030000,-7.280000,13.929400,2
1268.760000,1263.230000,1270.819700,1263.095000,-5.530000,7.724700,1
1266.090000,1269.280000,1271.710000,1265.770000,3.190000,5.940000,1
1265.035000,1266.270000,1267.911400,1264.640000,1.235000,3.271400,2
1266.230000,1265.490000,1266.568800,1262.575000,-0.740000,3.993800,2
1266.420000,1266.314900,1266.505000,1263.625000,-0.105100,2.880000,1
1260.310100,1266.200000,1267.830000,1259.220000,5.889900,8.610000,2
1266.290000,1264.850000,1267.916500,1260.350000,-1.440000,7.566500,2
1266.439900,1266.970000,1267.318000,1263.765000,0.530100,3.553000,1
1263.689600,1266.400000,1267.180100,1262.244000,2.710400,4.936100,2
1268.630000,1263.569900,1269.100000,1263.040000,-5.060100,6.060000,2
1268.800000,1268.780200,1271.950000,1268.225000,-0.019800,3.725000,1
1266.605000,1269.045000,1271.700000,1266.605000,2.440000,5.095000,1
1264.370000,1266.870000,1267.990000,1263.360000,2.500000,4.630000,1
1255.785000,1258.000000,1260.960000,1251.880000,2.215000,9.080000,1
1255.685100,1255.765000,1257.439900,1251.000000,0.079900,6.439900,1
1254.970000,1255.600000,1256.279900,1252.560100,0.630000,3.719800,1
1253.620000,1254.560100,1255.260000,1252.490000,0.940100,2.770000,1
1247.860000,1253.800000,1253.810100,1247.860000,5.940000,5.950100,2
1251.590000,1247.163500,1251.900000,1247.163500,-4.426500,4.736500,2
1252.310100,1251.780000,1253.610000,1250.000000,-0.530100,3.610000,2
1263.480000,1252.770000,1264.790000,1251.635000,-10.710000,13.155000,1
1253.000000,1264.000000,1265.439900,1252.430100,11.000000,13.009800,1
1250.057700,1252.880000,1255.700000,1249.910000,2.822300,5.790000,2
1252.801500,1250.470000,1254.319900,1249.160000,-2.331500,5.159900,2
1255.330000,1253.000000,1255.390000,1251.366800,-2.330000,4.023200,1
1251.380000,1255.712000,1255.712000,1250.560100,4.332000,5.151900,1
1248.980000,1251.137500,1252.890000,1247.030000,2.157500,5.860000,1
1246.760000,1251.000000,1252.980000,1239.900000,4.240000,13.080000,2
1251.112500,1246.224700,1252.360000,1246.224700,-4.887800,6.135300,2
1258.200000,1251.880000,1258.200000,1250.360000,-6.320000,7.840000,1
1256.050000,1258.020000,1259.000000,1255.000000,1.970000,4.000000,1
1255.290000,1255.900000,1258.290000,1254.770000,0.610000,3.520000,2
1259.450000,1255.600000,1260.400000,1255.600000,-3.850000,4.800000,1
1258.150000,1259.410000,1260.590000,1256.730000,1.260000,3.860000,1
1227.735200,1245.319900,1251.395000,1226.845000,17.584700,24.550000,2
1234.010000,1228.000000,1235.064900,1226.689900,-6.010000,8.375000,1
1231.530000,1234.270000,1237.790000,1229.150000,2.740000,8.640000,2
1231.939900,1232.650000,1237.220000,1231.220000,0.710100,6.000000,1
1228.600000,1231.400000,1232.600000,1227.760000,2.800000,4.840000,2
1234.950000,1228.685100,1235.800000,1228.140000,-6.264900,7.660000,1
1232.720000,1235.340000,1238.020000,1231.000000,2.620000,7.020000,2
1238.530000,1241.080000,1242.880000,1237.090000,2.550000,5.790000,2
1241.260000,1239.210000,1242.538300,1236.960000,-2.050000,5.578300,2
1241.930100,1241.332500,1242.230000,1239.360000,-0.597600,2.870000,1
1237.393800,1240.680100,1241.750000,1236.860000,3.286300,4.890000,1
1226.785000,1236.976900,1236.976900,1226.785000,10.191900,10.191900,2
1227.610000,1226.201700,1229.680100,1225.810100,-1.408300,3.870000,1
1224.230000,1227.319900,1227.540000,1219.630000,3.089900,7.910000,1
1206.280000,1220.220000,1226.890000,1204.055100,13.940000,22.834900,2
1212.270000,1205.580000,1213.390000,1205.145000,-6.690000,8.245000,1
1211.000000,1212.424100,1215.010000,1211.000000,1.424100,4.010000,1
1208.385000,1210.760000,1210.935100,1207.689900,2.375000,3.245200,2
1218.704300,1208.000000,1219.726100,1208.000000,-10.704300,11.726100,1
1216.800000,1219.180100,1221.510000,1216.800000,2.380100,4.710000,1
1215.460000,1216.510000,1218.240000,1214.850000,1.050000,3.390000,1
1210.950000,1221.050000,1222.575000,1208.743500,10.100000,13.831500,2
1219.860000,1211.500000,1220.000000,1210.030000,-8.360000,9.970000,1
1219.100000,1220.000000,1220.475300,1215.390000,0.900000,5.085300,1
1218.970000,1219.840000,1220.708000,1216.310100,0.870000,4.397900,2
1220.910000,1219.210000,1221.460000,1217.640000,-1.700000,3.820000,2
1221.637600,1220.694500,1222.600000,1219.230000,-0.943100,3.370000,2
1221.939900,1221.439900,1225.910000,1221.010000,-0.500000,4.900000,2
1229.240000,1224.327500,1229.694900,1221.480000,-4.912500,8.214900,1
1224.933300,1229.522200,1231.980000,1223.335000,4.588900,8.645000,2
1229.855000,1224.304800,1230.192000,1224.304800,-5.550200,5.887200,1
1228.610000,1230.052500,1232.530000,1228.000000,1.442500,4.530000,1
1225.228400,1228.080000,1228.510000,1224.365000,2.851600,4.145000,1
1219.290000,1224.310100,1224.310100,1218.040000,5.020100,6.270100,1
1216.790000,1219.740000,1220.439900,1215.430100,2.950000,5.009800,2
1218.010000,1214.325000,1223.400000,1214.325000,-3.685000,9.075000,2
1225.160000,1218.230000,1226.430100,1218.230000,-6.930000,8.200100,1
1219.790000,1225.060100,1225.060100,1219.420000,5.270100,5.640100,2
1220.720000,1220.000000,1221.355000,1218.210000,-0.720000,3.145000,1
1220.020000,1220.750000,1221.380000,1217.875000,0.730000,3.505000,2
1223.010000,1219.900000,1223.310100,1218.550000,-3.110000,4.760100,1
1221.870000,1222.935100,1224.930100,1220.480000,1.065100,4.450100,2
1233.880000,1220.885000,1233.880000,1220.550000,-12.995000,13.330000,1
1222.540000,1233.740000,1235.050000,1221.005200,11.200000,14.044800,2
1224.210000,1222.260000,1224.560100,1219.348800,-1.950000,5.211300,2
1224.760000,1224.112500,1224.920000,1222.200000,-0.647500,2.720000,2
1226.060100,1224.680100,1226.800000,1223.600000,-1.380000,3.200000,1
1225.415000,1225.460000,1227.670000,1224.530600,0.045000,3.139400,1
1220.700000,1225.860000,1226.340000,1220.120000,5.160000,6.220000,2
1229.120000,1225.810100,1230.060100,1221.420000,-3.309900,8.640100,2
1230.890000,1229.120000,1233.200000,1228.760000,-1.770000,4.440000,2
1232.470000,1231.210000,1233.450000,1231.210000,-1.260000,2.240000,1
1230.740000,1232.080000,1232.689900,1229.689900,1.340000,3.000000,2
1232.610000,1230.290000,1232.610400,1228.670000,-2.320000,3.940400,2
1236.110000,1232.990000,1236.780000,1231.830000,-3.120000,4.950000,2
1236.615000,1235.770000,1237.220000,1234.897300,-0.845000,2.322700,2
1252.245000,1243.330000,1254.500000,1241.439900,-8.915000,13.060100,1
1250.210000,1252.189900,1254.000000,1248.880000,1.979900,5.120000,2
1253.850000,1249.995000,1254.312700,1249.995000,-3.855000,4.317700,2
1254.165000,1253.850000,1255.660000,1252.592500,-0.315000,3.067500,2
1254.780000,1254.280000,1254.830000,1253.000000,-0.500000,1.830000,2
1257.059900,1254.800000,1257.180100,1253.845000,-2.259900,3.335100,1
1256.110000,1256.590000,1257.870000,1253.937500,0.480000,3.932500,1
1250.941700,1255.710000,1256.135000,1246.314700,4.768300,9.820300,2
1255.050000,1250.547200,1255.050000,1248.370000,-4.502800,6.680000,1
1251.980000,1254.560100,1254.560100,1250.720000,2.580100,3.840100,1
1249.189900,1252.710000,1253.444700,1248.490000,3.520100,4.954700,1
1246.990000,1248.730000,1250.870000,1246.439900,1.740000,4.430100,1
1246.750000,1246.860000,1249.590000,1246.580000,0.110000,3.010000,1
1246.260000,1246.950000,1246.950000,1243.000000,0.690000,3.950000,2
1261.000000,1255.550000,1261.020000,1253.110000,-5.450000,7.910000,2
1263.947500,1261.250000,1264.110000,1259.120000,-2.697500,4.990000,2
1264.545700,1263.600000,1265.980000,1262.020000,-0.945700,3.960000,1
1262.312700,1264.640000,1265.240000,1261.650000,2.327300,3.590000,2
1265.521700,1261.850300,1266.900000,1261.250000,-3.671400,5.650000,2
1265.730000,1265.620000,1267.170000,1264.531500,-0.110000,2.638500,1
1265.130000,1265.310100,1266.080000,1263.840000,0.180100,2.240000,1
1262.650000,1262.500000,1263.000000,1256.185100,-0.150000,6.814900,1
1260.000000,1262.590000,1269.439900,1258.210000,2.590000,11.229900,2
1264.330000,1260.395100,1264.580000,1259.264600,-3.934900,5.315400,2
1264.735000,1264.140000,1265.990000,1263.890000,-0.595000,2.100000,1
1253.780000,1265.060100,1265.118300,1252.076300,11.280100,13.042000,1
1252.285000,1254.110000,1256.290000,1247.410000,1.825000,8.880000,2
1254.430100,1252.770000,1255.110000,1251.000000,-1.660100,4.110000,1
1245.260000,1250.950000,1251.938200,1242.310100,5.690000,9.628100,1
1237.781300,1245.595000,1245.960000,1237.781300,7.813700,8.178700,1
1237.439900,1237.930100,1240.850000,1235.550000,0.490200,5.300000,1
1235.430100,1237.819900,1238.090000,1235.157500,2.389800,2.932500,1
1228.700000,1235.530000,1235.530000,1225.754800,6.830000,9.775200,2
1228.970000,1229.210000,1232.310100,1228.680100,0.240000,3.630000,2
1231.439900,1229.689900,1233.000000,1229.480000,-1.750000,3.520000,1
1215.410000,1224.700000,1227.500000,1211.750000,9.290000,15.750000,2
1217.640000,1215.170000,1219.660000,1213.750000,-2.470000,5.910000,1
1214.036600,1217.980000,1219.600000,1211.000000,3.943400,8.600000,2
1214.600000,1213.650000,1215.380000,1211.930100,-0.950000,3.449900,1
1212.377100,1214.680100,1215.620000,1209.569900,2.303000,6.050100,1
1209.420000,1211.390000,1212.934200,1209.420000,1.970000,3.514200,2
1211.460000,1209.575000,1212.010000,1206.560100,-1.885000,5.449900,1
1192.010000,1209.270000,1214.870000,1188.090000,17.260000,26.780000,1
1178.290000,1191.735000,1191.735000,1178.000000,13.445000,13.735000,2
1192.180100,1178.730000,1193.770000,1175.450000,-13.450100,18.320000,2
1196.215000,1192.080000,1199.150000,1192.080000,-4.135000,7.070000,2
1198.510000,1196.337900,1200.640000,1196.337900,-2.172100,4.302100,1
1196.439900,1198.800000,1201.370000,1195.400000,2.360100,5.970000,2
1199.530000,1196.530000,1199.530000,1194.480000,-3.000000,5.050000,1
1178.080000,1198.270000,1198.830000,1173.710000,20.190000,25.120000,1
1171.780000,1177.480000,1178.770000,1163.610000,5.700000,15.160000,2
1173.551100,1170.689900,1176.220000,1170.210000,-2.861200,6.010000,1
1173.350000,1173.790000,1174.280000,1164.850000,0.440000,9.430000,1
1171.439900,1173.010000,1176.050000,1170.966400,1.570100,5.083600,2
1182.170000,1172.800000,1182.750000,1171.789400,-9.370000,10.960600,2
1184.000000,1182.580000,1185.010000,1181.740000,-1.420000,3.270000,1
1183.200000,1171.000000,1188.110000,1169.870000,-12.200000,18.240000,2
1184.455300,1184.520000,1186.346600,1181.650000,0.064700,4.696600,1
1173.830000,1184.530000,1186.230000,1171.569900,10.700000,14.660100,2
1178.110000,1173.740000,1181.450000,1173.740000,-4.370000,7.710000,2
1179.000000,1179.110000,1179.575000,1176.010000,0.110000,3.565000,1
1177.770000,1178.840000,1179.455000,1176.800000,1.070000,2.655000,2
1178.010000,1178.080000,1178.760000,1175.000000,0.070000,3.760000,1
1175.387500,1185.000000,1186.590000,1171.310100,9.612500,15.279900,2
1178.900000,1175.730000,1179.345000,1173.780000,-3.170000,5.565000,1
1174.603400,1178.740000,1180.780000,1174.603400,4.136600,6.176600,2
1177.000000,1174.750000,1177.620000,1174.159500,-2.250000,3.460500,1
1175.370000,1177.000000,1177.090000,1174.100000,1.630000,2.990000,2
1176.000000,1175.490000,1177.117600,1174.720000,-0.510000,2.397600,1
1175.920000,1175.265000,1177.100000,1174.000000,-0.655000,3.100000,2
1187.950000,1172.950000,1188.000000,1167.080000,-15.000000,20.920000,1
1183.350000,1188.308300,1188.308300,1180.220000,4.958300,8.088300,2
1185.490000,1183.110000,1188.460000,1181.215000,-2.380000,7.245000,1
1181.870000,1185.960000,1187.500000,1180.010000,4.090000,7.490000,2
1185.790000,1180.666400,1186.800000,1180.500000,-5.123600,6.300000,2
1188.010000,1186.360000,1189.240000,1185.250000,-1.650000,3.990000,2
1189.990000,1188.240000,1190.900000,1187.210000,-1.750000,3.690000,1
1174.569900,1182.819900,1190.195200,1171.395000,8.250000,18.800200,2
1176.585000,1174.175000,1178.310100,1168.590000,-2.410000,9.720100,1
1171.770000,1177.000000,1178.650000,1167.260000,5.230000,11.390000,1
1169.530000,1171.194900,1172.270000,1167.080000,1.664900,5.190000,1
1167.939900,1169.500000,1170.710000,1166.715000,1.560100,3.995000,2
1169.605000,1167.890000,1170.470000,1166.160000,-1.715000,4.310000,2
1171.510000,1169.460000,1172.950000,1169.430100,-2.050000,3.519900,1
1170.030000,1180.000000,1187.460000,1170.030000,9.970000,17.430000,2
1174.920000,1170.330000,1175.950000,1169.705000,-4.590000,6.245000,2
1178.002400,1175.689900,1180.095000,1174.350000,-2.312500,5.745000,1
1176.449700,1178.250000,1179.060100,1173.843800,1.800300,5.216300,2
1177.910000,1176.530000,1180.127000,1175.750000,-1.380000,4.377000,2
1179.260000,1177.840000,1181.050000,1177.040000,-1.420000,4.010000,2
1182.090000,1179.120000,1182.410000,1177.560100,-2.970000,4.849900,1
1181.170000,1186.660000,1186.660000,1177.345000,5.490000,9.315000,2
1181.189900,1181.840000,1182.165000,1178.720000,0.650100,3.445000,1
1175.150000,1181.340000,1182.710000,1174.010000,6.190000,8.700000,2
1177.150000,1174.400000,1177.939900,1173.590000,-2.750000,4.349900,2
1177.400000,1177.270000,1179.500000,1176.990000,-0.130000,2.510000,2
1178.736100,1177.880000,1179.710000,1176.020000,-0.856100,3.690000,1
1177.560100,1178.590000,1180.220000,1177.560100,1.029900,2.659900,1
1164.810100,1176.333700,1181.710000,1162.420000,11.523600,19.290000,1
1163.610000,1164.030000,1165.910000,1160.360000,0.420000,5.550000,2
1165.205000,1171.340000,1172.990000,1164.210000,6.135000,8.780000,2
1171.170000,1171.498500,1173.360000,1168.850000,0.328500,4.510000,1
1165.240000,1169.920000,1169.920000,1164.415000,4.680000,5.505000,1
1165.097500,1164.510000,1167.085000,1162.567500,-0.587500,4.517500,1
1164.435100,1164.140000,1165.315200,1163.925000,-0.295100,1.390200,1
1163.000000,1164.000000,1165.770000,1160.720000,1.000000,5.050000,2
1163.550000,1163.355000,1165.840000,1162.060100,-0.195000,3.779900,1
1163.340000,1164.400000,1164.400000,1161.930100,1.060000,2.469900,2
1165.710000,1164.493800,1165.750000,1163.675000,-1.216200,2.075000,2
1166.760000,1165.900000,1166.970000,1164.960000,-0.860000,2.010000,2
1167.180100,1167.468000,1167.850000,1166.290000,0.287900,1.560000,2
1168.990000,1167.569900,1170.319900,1167.470000,-1.420100,2.849900,1
1167.939900,1168.980000,1169.270000,1167.710000,1.040100,1.560000,2
1170.881200,1167.970000,1170.939900,1167.970000,-2.911200,2.969900,1
1170.520000,1170.880000,1171.530000,1170.490000,0.360000,1.040000,1
1169.400000,1170.710000,1170.710000,1169.098600,1.310000,1.611400,2
1170.220000,1169.050000,1170.520000,1167.736000,-1.170000,2.784000,2
1172.272000,1170.730000,1173.205000,1169.950000,-1.542000,3.255000,1
1172.140000,1171.900000,1172.380000,1171.140000,-0.240000,1.240000,1
1170.432700,1172.030000,1172.230000,1170.200000,1.597300,2.030000,1
1169.200000,1170.290000,1170.819900,1169.200000,1.090000,1.619900,1
1166.905000,1169.200000,1169.200000,1166.505000,2.295000,2.695000,1
1164.470000,1167.240000,1168.130000,1164.470000,2.770000,3.660000,1
1164.450000,1164.590000,1165.310100,1163.010000,0.140000,2.300100,1
1161.905000,1164.510000,1164.510000,1160.660000,2.605000,3.850000,1
1159.830000,1161.845000,1163.420000,1158.610000,2.015000,4.810000,2
1166.020000,1164.010000,1168.999900,1161.770000,-2.010000,7.229900,2
1167.670000,1165.850000,1168.530000,1162.390000,-1.820000,6.140000,2
1169.618300,1167.620000,1169.700000,1166.715000,-1.998300,2.985000,1
1169.600000,1170.230000,1171.560100,1168.760000,0.630000,2.800100,2
1169.678000,1168.819900,1169.860000,1167.420000,-0.858100,2.440000,2
1172.400000,1170.157500,1172.400000,1169.127400,-2.242500,3.272600,2
1177.905000,1172.500000,1177.905000,1172.330000,-5.405000,5.575000,2
1179.185100,1177.910000,1179.590000,1176.420000,-1.275100,3.170000,2
1180.480000,1179.500000,1181.120000,1178.030000,-0.980000,3.090000,1
1179.127400,1180.830000,1181.030000,1178.520000,1.702600,2.510000,1
1175.400000,1179.225000,1179.780000,1174.510000,3.825000,5.270000,1
1172.660000,1175.390000,1175.390000,1171.835000,2.730000,3.555000,1
1171.130000,1172.090000,1173.430100,1170.620000,0.960000,2.810100,2
1172.360000,1171.470800,1173.194900,1170.530200,-0.889200,2.664700,2
1173.150000,1173.064900,1173.704200,1172.530000,-0.085100,1.174200,1
1172.890000,1173.790000,1174.275000,1172.380000,0.900000,1.895000,1
1172.760000,1173.260000,1173.260000,1171.400000,0.500000,1.860000,2
1174.340000,1172.180100,1174.460000,1172.180100,-2.159900,2.279900,2
1174.439900,1173.990000,1175.082000,1173.720000,-0.449900,1.362000,1
1172.720000,1174.530000,1174.530000,1172.260000,1.810000,2.270000,2
1172.962500,1173.085000,1173.540000,1172.485000,0.122500,1.055000,1
1171.750000,1172.675000,1173.460000,1171.750000,0.925000,1.710000,2
1172.580000,1171.129600,1173.025000,1171.129600,-1.450400,1.895400,1
1172.000000,1172.210000,1173.140000,1171.530000,0.210000,1.610000,1
1169.280000,1171.800000,1171.990000,1169.100000,2.520000,2.890000,1
1167.260000,1168.630000,1168.630000,1166.250000,1.370000,2.380000,1
1163.290000,1169.513400,1171.880000,1161.750000,6.223400,10.130000,1
1161.200000,1162.987500,1162.987500,1158.845000,1.787500,4.142500,1
1160.875000,1161.640000,1164.100000,1159.000000,0.765000,5.100000,1
1159.600000,1159.435100,1161.515000,1159.435100,-0.164900,2.079900,2
1161.745000,1159.930100,1162.000000,1159.400000,-1.814900,2.600000,1
1161.064900,1162.520000,1162.520000,1159.240000,1.455100,3.280000,2
1165.385000,1160.260000,1165.410000,1159.569900,-5.125000,5.840100,1
1164.050000,1165.439900,1166.880000,1163.824600,1.389900,3.055400,1
1163.850000,1163.140000,1165.020000,1163.140000,-0.710000,1.880000,2
1167.520000,1164.214700,1167.520000,1163.510000,-3.305300,4.010000,1
1167.410000,1167.760000,1168.990000,1166.780000,0.350000,2.210000,2
1167.550000,1167.850000,1168.439900,1167.020000,0.300000,1.419900,1
1166.220000,1167.080000,1168.380000,1165.200000,0.860000,3.180000,2
1168.240000,1165.900000,1168.240000,1165.890000,-2.340000,2.350000,1
1165.110000,1168.439900,1168.439900,1165.000000,3.329900,3.439900,2
1166.172500,1165.125000,1167.000000,1164.860000,-1.047500,2.140000,2
1167.370000,1165.564900,1167.370000,1165.558000,-1.805100,1.812000,2
1168.619600,1167.630000,1168.745000,1166.490000,-0.989600,2.255000,2
1169.530000,1168.370000,1170.050000,1168.370000,-1.160000,1.680000,1
1169.352500,1169.618400,1170.140000,1169.352500,0.265900,0.787500,2
1171.010000,1169.520000,1171.569900,1169.520000,-1.490000,2.049900,2
1172.170000,1170.870000,1172.720000,1170.870000,-1.300000,1.850000,2
1173.040000,1172.700000,1173.594800,1171.569900,-0.340000,2.024900,2
1175.853100,1173.200000,1176.030000,1172.260000,-2.653100,3.770000,1
1174.580000,1175.990000,1176.210000,1173.101000,1.410000,3.109000,1
1174.340000,1173.400000,1175.450000,1173.400000,-0.940000,2.050000,2
1182.120000,1181.980000,1185.450900,1176.270000,-0.140000,9.180900,1
1181.420000,1181.420000,1182.150000,1178.939900,0.000000,3.210100,2
1185.680100,1181.680100,1187.258800,1181.680100,-4.000000,5.578700,1
1185.000000,1185.569900,1188.590000,1184.710000,0.569900,3.880000,2
1185.890000,1185.700000,1186.060100,1182.390000,-0.190000,3.670100,1
1185.110000,1186.660000,1186.660000,1184.120000,1.550000,2.540000,2
1185.735000,1185.500000,1187.052000,1184.860000,-0.235000,2.192000,2
1187.939900,1186.500000,1187.939900,1185.310100,-1.439900,2.629800,2
1189.305100,1188.410000,1190.000000,1187.900000,-0.895100,2.100000,2
1189.425000,1189.640000,1189.950000,1188.590000,0.215000,1.360000,1
1188.870000,1189.465000,1189.720000,1187.860000,0.595000,1.860000,2
1190.930100,1188.810100,1191.160000,1188.810100,-2.120000,2.349900,2
1191.500000,1190.900000,1192.000000,1189.200000,-0.600000,2.800000,2
1192.105000,1191.790000,1192.780000,1191.160000,-0.315000,1.620000,1
1191.760000,1192.170000,1193.270000,1191.600000,0.410000,1.670000,1
1190.150000,1191.689900,1192.220000,1189.850000,1.539900,2.370000,1
1189.600000,1190.400000,1191.080000,1189.110000,0.800000,1.970000,1
1189.120000,1188.770000,1189.980000,1187.700000,-0.350000,2.280000,1
1188.930100,1189.100000,1189.740000,1188.624100,0.169900,1.115900,1
1188.930100,1188.770000,1189.060100,1187.460000,-0.160100,1.600100,2
1189.600000,1189.040000,1189.915000,1188.890000,-0.560000,1.025000,2
1190.967000,1190.011600,1191.530000,1190.011600,-0.955400,1.518400,2
1192.770000,1191.060100,1192.770000,1191.060100,-1.709900,1.709900,2
1193.580000,1193.110000,1193.580000,1191.730000,-0.470000,1.850000,1
1191.730000,1193.265000,1193.939900,1191.540000,1.535000,2.399900,1
1191.720000,1191.810100,1192.120000,1189.770000,0.090100,2.350000,1
1190.000000,1196.580000,1196.580000,1190.000000,6.580000,6.580000,1
1185.850000,1190.310100,1190.770000,1183.450000,4.460100,7.320000,2
1187.650000,1185.080000,1187.650000,1184.215000,-2.570000,3.435000,1
1181.569900,1186.439900,1186.439900,1181.390000,4.870000,5.049900,1
1181.319900,1181.000000,1182.239900,1179.610000,-0.319900,2.629900,1
1180.130000,1181.115000,1181.500000,1179.780000,0.985000,1.720000,2
1183.750000,1180.230000,1183.750000,1179.439900,-3.520000,4.310100,2
1185.730000,1184.230000,1185.730000,1183.203000,-1.500000,2.527000,2
1185.930100,1186.130000,1187.100000,1185.760000,0.199900,1.340000,2
1186.000000,1186.450000,1188.090000,1185.910000,0.450000,2.180000,1
1185.390000,1186.510000,1187.010000,1185.042400,1.120000,1.967600,1
1184.439900,1185.230000,1185.230000,1184.210000,0.790100,1.020000,1
1184.410000,1184.569900,1184.819900,1183.060100,0.159900,1.759800,1
1184.390000,1183.670000,1185.420000,1183.370000,-0.720000,2.050000,1
1182.050000,1184.090000,1184.312300,1181.750000,2.040000,2.562300,1
1181.800000,1182.020000,1183.490000,1181.800000,0.220000,1.690000,1
1180.550000,1181.560100,1181.880000,1180.424600,1.010100,1.455400,2
1181.189900,1180.790000,1181.850000,1180.000000,-0.399900,1.850000,1
1177.920000,1180.939900,1181.160000,1177.920000,3.019900,3.240000,2
1179.245000,1177.555100,1179.600000,1177.340000,-1.689900,2.260000,1
1178.040000,1179.280000,1179.770000,1178.040000,1.240000,1.730000,1
1177.020000,1178.225000,1178.580000,1176.370000,1.205000,2.210000,1
1176.000000,1177.040000,1177.041100,1173.680100,1.040000,3.361000,2
1176.510000,1175.760000,1177.420000,1175.325000,-0.750000,2.095000,1
1173.990000,1177.220000,1177.220000,1173.630000,3.230000,3.590000,1
1172.069900,1174.170000,1178.340000,1172.069900,2.100100,6.270100,1
1163.920000,1158.650000,1163.920000,1151.510000,-5.270000,12.410000,2
1167.360000,1164.020000,1168.700000,1163.810100,-3.340000,4.889900,2
1168.600000,1167.010000,1168.710000,1164.810100,-1.590000,3.899900,1
1165.455000,1168.441000,1168.980000,1164.510000,2.986000,4.470000,1
1164.720000,1164.370000,1167.750000,1163.911000,-0.350000,3.839000,2
1165.360000,1163.390000,1165.360000,1159.790000,-1.970000,5.570000,1
1164.950000,1165.610000,1166.689900,1163.069900,0.660000,3.620000,2
1173.120000,1164.680100,1173.120000,1164.680100,-8.439900,8.439900,2
1174.030000,1173.810100,1175.534100,1173.361700,-0.219900,2.172400,2
1176.185100,1173.930100,1176.910000,1173.930100,-2.255000,2.979900,2
1177.398800,1176.819900,1178.189900,1175.535000,-0.578900,2.654900,2
1178.350000,1176.800000,1178.700000,1176.800000,-1.550000,1.900000,2
1181.650000,1178.120000,1181.650000,1178.120000,-3.530000,3.530000,1
1179.850000,1181.870000,1182.250000,1179.250000,2.020000,3.000000,1
1179.545000,1180.680100,1180.725000,1179.390000,1.135100,1.335000,2
1180.090000,1179.290000,1182.300000,1179.290000,-0.800000,3.010000,2
1183.757800,1180.280000,1183.980000,1179.860000,-3.477800,4.120000,2
1184.920000,1184.130000,1185.000000,1183.314900,-0.790000,1.685100,1
1183.580000,1184.819900,1185.000000,1182.870000,1.239900,2.130000,1
1180.971400,1183.230000,1183.720000,1180.971400,2.258600,2.748600,2
1181.722000,1181.500000,1181.990000,1180.700000,-0.222000,1.290000,1
1179.760000,1182.250000,1182.250000,1179.760000,2.490000,2.490000,2
1179.910000,1180.090000,1182.380000,1179.510000,0.180000,2.870000,1
1179.689900,1180.010000,1180.480000,1179.330000,0.320100,1.150000,1
1179.069900,1180.000000,1180.270000,1177.660000,0.930100,2.610000,2
1179.569900,1178.840000,1181.210000,1178.660000,-0.729900,2.550000,2
1180.200000,1183.569900,1183.569900,1175.000000,3.369900,8.569900,2
1186.944900,1180.775000,1187.140000,1180.430100,-6.169900,6.709900,1
1183.720000,1186.819900,1186.819900,1182.750000,3.099900,4.069900,1
1183.470000,1184.490000,1184.810100,1181.950000,1.020000,2.860100,2
1186.600000,1184.250000,1187.050000,1184.160000,-2.350000,2.890000,1
1181.935100,1186.970000,1186.970000,1181.935100,5.034900,5.034900,2
1185.010000,1181.720000,1185.844600,1181.720000,-3.290000,4.124600,2
1188.640000,1185.950000,1189.720000,1185.705000,-2.690000,4.015000,1
1188.350000,1189.626500,1189.730000,1188.350000,1.276500,1.380000,2
1188.875000,1188.485000,1189.610000,1188.170000,-0.390000,1.440000,2
1190.560100,1189.185100,1191.310100,1188.485000,-1.375000,2.825100,2
1191.310100,1190.280000,1191.550000,1189.490000,-1.030100,2.060000,1
1190.330000,1191.265000,1191.850000,1190.120000,0.935000,1.730000,2
1190.680100,1190.135000,1191.390000,1190.135000,-0.545100,1.255000,2
1192.910000,1190.680100,1192.910000,1190.340000,-2.229900,2.570000,2
1192.980000,1192.545000,1193.569900,1191.590000,-0.435000,1.979900,1
1190.970000,1192.700000,1194.630000,1190.340000,1.730000,4.290000,2
1192.069900,1190.915000,1192.660000,1190.915000,-1.154900,1.745000,2
1192.830000,1192.310100,1193.319900,1190.980000,-0.519900,2.339900,1
1191.890000,1192.675000,1192.819900,1191.819900,0.785000,1.000000,2
1192.055100,1191.825000,1192.420000,1191.650000,-0.230100,0.770000,2
1194.260000,1192.260000,1194.580000,1192.165000,-2.000000,2.415000,1
1193.569900,1194.380000,1194.830000,1192.935100,0.810100,1.894900,2
1194.370000,1194.000000,1194.370000,1192.819900,-0.370000,1.550100,1
1193.750900,1194.410000,1195.250000,1192.960000,0.659100,2.290000,2
1193.970000,1194.520000,1196.859900,1193.170000,0.550000,3.689900,1
1191.819900,1193.020000,1194.085000,1189.000000,1.200100,5.085000,1
1189.109100,1191.140000,1192.780000,1188.000000,2.030900,4.780000,1
1188.350000,1189.880000,1189.880000,1185.830000,1.530000,4.050000,1
1187.865000,1187.410000,1188.754200,1186.900000,-0.455000,1.854200,2
1195.550000,1188.400000,1196.566800,1188.400000,-7.150000,8.166800,2
1196.160000,1195.590000,1197.510000,1194.080000,-0.570000,3.430000,2
1196.810100,1196.520000,1198.780000,1196.520000,-0.290100,2.260000,2
1197.480000,1197.240000,1197.950000,1196.319900,-0.240000,1.630100,1
1195.400000,1198.270000,1198.540000,1194.830000,2.870000,3.710000,2
1196.720000,1196.010000,1198.420000,1196.010000,-0.710000,2.410000,1
1194.875000,1196.050000,1196.920000,1194.030000,1.175000,2.890000,1
1193.845000,1195.099600,1195.099600,1193.160000,1.254600,1.939600,1
1192.958700,1193.860000,1193.895000,1192.500000,0.901300,1.395000,2
1194.050000,1193.700000,1194.050000,1193.100000,-0.350000,0.950000,2
1195.045000,1194.050000,1195.045000,1193.480000,-0.995000,1.565000,1
1194.930100,1195.130000,1195.930100,1194.610000,0.199900,1.320100,2
1195.814900,1194.640000,1196.150000,1194.410000,-1.174900,1.740000,2
1197.745000,1196.000000,1198.200000,1194.770000,-1.745000,3.430000,2
1201.970000,1197.290000,1201.970000,1193.730000,-4.680000,8.240000,2
1205.694900,1202.120000,1206.295000,1202.120000,-3.574900,4.175000,1
1203.530000,1205.810100,1207.194900,1203.295000,2.280100,3.899900,1
1203.170000,1203.000000,1204.049600,1202.442000,-0.170000,1.607600,1
1201.350000,1202.500000,1202.500000,1199.444600,1.150000,3.055400,2
1205.145000,1201.170000,1205.810100,1201.170000,-3.975000,4.640100,1
1197.290000,1204.840000,1204.840000,1197.290000,7.550000,7.550000,1
1193.470000,1196.840000,1197.200000,1190.000000,3.370000,7.200000,2
1206.000000,1200.750000,1206.020000,1198.640000,-5.250000,7.380000,2
1207.300000,1206.420000,1209.870000,1203.189900,-0.880000,6.680100,2
1210.380000,1206.510000,1212.252400,1206.510000,-3.870000,5.742400,2
1212.330000,1210.410000,1214.050000,1210.410000,-1.920000,3.640000,2
1212.430100,1211.939900,1212.500000,1210.655000,-0.490200,1.845000,2
1213.250000,1211.170000,1213.830000,1211.170000,-2.080000,2.660000,1
1210.620000,1213.960000,1213.970000,1210.620000,3.340000,3.350000,1
1208.010000,1210.493800,1210.493800,1207.587200,2.483800,2.906600,2
1209.890000,1207.660000,1209.890000,1207.660000,-2.230000,2.230000,2
1211.630000,1209.689900,1211.760000,1209.060100,-1.940100,2.699900,2
1213.850000,1212.230000,1214.140000,1212.090000,-1.620000,2.050000,2
1214.970000,1214.110000,1215.515000,1213.515000,-0.860000,2.000000,2
1215.968100,1215.000000,1216.810100,1214.555100,-0.968100,2.255000,1
1214.090000,1216.090000,1216.503200,1214.090000,2.000000,2.413200,1
1213.592500,1213.340000,1213.960000,1212.390000,-0.252500,1.570000,2
1214.000000,1213.580000,1214.319900,1213.120000,-0.420000,1.199900,1
1213.000000,1213.520000,1213.670000,1212.330000,0.520000,1.340000,2
1213.819900,1212.935100,1213.970000,1212.319900,-0.884800,1.650100,1
1212.280000,1213.910000,1213.910000,1211.380000,1.630000,2.530000,1
1211.550000,1212.301500,1212.689900,1211.080000,0.751500,1.609900,1
1209.745000,1211.650000,1211.790000,1209.459500,1.905000,2.330500,1
1209.400000,1209.814900,1210.680100,1209.270000,0.414900,1.410100,2
1210.365000,1209.720000,1210.919300,1208.960000,-0.645000,1.959300,1
1208.490000,1210.098900,1211.000000,1207.819900,1.608900,3.180100,1
1206.760000,1208.192500,1208.460000,1206.090000,1.432500,2.370000,2
1207.090000,1207.110000,1209.670000,1206.000000,0.020000,3.670000,1
1203.000000,1204.330000,1207.970000,1203.000000,1.330000,4.970000,1
1200.580000,1202.170000,1202.630000,1198.600000,1.590000,4.030000,1
1200.240000,1200.875000,1204.220000,1199.450000,0.635000,4.770000,2
1202.240000,1199.540000,1202.790000,1199.540000,-2.700000,3.250000,2
1203.360000,1202.360000,1204.170000,1201.040000,-1.000000,3.130000,2
1205.560100,1202.960000,1206.117800,1202.960000,-2.600100,3.157800,2
1205.760000,1205.400000,1207.230000,1205.270000,-0.360000,1.960000,1
1205.189900,1205.870000,1206.180100,1204.295000,0.680100,1.885100,1
1203.250000,1205.250000,1205.355000,1203.250000,2.000000,2.105000,2
1203.610000,1203.465000,1205.356000,1203.465000,-0.145000,1.891000,2
1204.930100,1203.845000,1204.930100,1203.261600,-1.085100,1.668500,1
1202.040000,1204.600000,1204.825000,1201.660000,2.560000,3.165000,2
1202.140000,1202.140000,1203.649400,1201.890400,0.000000,1.759000,1
1201.435100,1202.050000,1202.050000,1199.000000,0.614900,3.050000,1
1200.760000,1201.420000,1201.590000,1198.000000,0.660000,3.590000,2
1203.580000,1201.550000,1203.750000,1201.290000,-2.030000,2.460000,2
1203.610000,1203.610000,1204.000000,1202.939900,0.000000,1.060100,1
1203.520000,1203.850000,1204.530000,1203.100000,0.330000,1.430000,1
1202.630000,1203.470000,1203.620000,1202.030000,0.840000,1.590000,2
1205.050000,1202.807000,1205.280000,1202.540000,-2.243000,2.740000,2
1205.730000,1205.300000,1205.870000,1204.470000,-0.430000,1.400000,1
1204.550000,1205.569900,1205.682500,1204.090000,1.019900,1.592500,2
1205.560100,1204.569900,1205.750000,1204.090000,-0.990200,1.660000,2
1207.069900,1205.400000,1207.400000,1205.360000,-1.669900,2.040000,1
1205.810100,1207.020000,1207.020000,1205.240000,1.209900,1.780000,2
1207.380000,1205.760000,1207.730000,1203.790000,-1.620000,3.940000,2
1222.280000,1215.180100,1223.545000,1213.189900,-7.099900,10.355100,1
1220.645000,1222.500000,1224.085000,1220.645000,1.855000,3.440000,2
1221.912500,1220.600000,1221.939900,1218.770000,-1.312500,3.169900,2
1222.480000,1221.910000,1222.480000,1221.090000,-0.570000,1.390000,1
1218.020000,1222.225000,1223.000000,1217.610000,4.205000,5.390000,2
1218.840000,1218.080000,1219.280000,1216.865000,-0.760000,2.415000,1
1216.000000,1218.000000,1218.000000,1215.020000,2.000000,2.980000,2
1216.250000,1215.920000,1216.705000,1215.000000,-0.330000,1.705000,1
1215.095000,1215.430100,1215.740000,1214.115000,0.335100,1.625000,1
1213.120000,1215.189900,1215.708900,1211.819900,2.069900,3.889000,1
1212.060100,1213.080000,1213.080000,1211.145000,1.019900,1.935000,1
1210.800000,1211.530000,1212.790000,1209.890000,0.730000,2.900000,1
1208.470000,1210.910000,1210.910000,1208.470000,2.440000,2.440000,2
1208.990000,1208.255000,1208.990000,1207.450000,-0.735000,1.540000,2
1209.930100,1208.490000,1210.125000,1207.420000,-1.440100,2.705000,2
1209.962600,1209.955000,1211.630000,1209.700000,-0.007600,1.930000,2
1210.520000,1209.960000,1210.520000,1207.810100,-0.560000,2.709900,1
1209.720000,1210.610000,1210.610000,1209.210000,0.890000,1.400000,1
1208.550000,1209.840000,1209.970000,1208.000000,1.290000,1.970000,2
1209.210000,1208.910000,1210.000000,1208.866700,-0.300000,1.133300,1
1207.189900,1209.251300,1209.540000,1206.689900,2.061400,2.850100,1
1206.939900,1207.150000,1208.000000,1206.780000,0.210100,1.220000,1
1206.812500,1206.795000,1208.170000,1206.375000,-0.017500,1.795000,1
1204.900000,1206.980000,1207.860000,1204.060100,2.080000,3.799900,1
1203.480000,1204.040000,1204.710000,1203.240000,0.560000,1.470000,2
1208.460000,1203.970000,1208.460000,1203.810100,-4.490000,4.649900,1
1205.340000,1205.000000,1213.030000,1200.000000,-0.340000,13.030000,2
1213.220000,1205.020000,1213.220000,1205.020000,-8.200000,8.200000,1
1211.435500,1213.050000,1214.850000,1210.990000,1.614500,3.860000,2
1215.550000,1211.620000,1215.550000,1211.620000,-3.930000,3.930000,1
1214.500000,1216.225000,1218.425000,1214.500000,1.725000,3.925000,2
1218.370000,1214.510000,1219.990000,1214.100000,-3.860000,5.890000,2
1222.430100,1217.850000,1222.870000,1217.500000,-4.580100,5.370000,1
1220.700000,1222.540000,1224.520000,1219.804000,1.840000,4.716000,2
1221.575000,1220.330000,1221.780000,1220.330000,-1.245000,1.450000,1
1220.990000,1221.610000,1221.710000,1219.920000,0.620000,1.790000,1
1219.350000,1221.460000,1222.140000,1219.350000,2.110000,2.790000,1
1216.155000,1219.100000,1220.500000,1216.155000,2.945000,4.345000,2
1218.300000,1216.290000,1219.130000,1216.130000,-2.010000,3.000000,1
1213.720000,1218.120000,1218.120000,1212.932000,4.400000,5.188000,2
1214.760000,1214.120000,1215.460000,1214.120000,-0.640000,1.340000,1
1212.865000,1214.645000,1215.510000,1212.640000,1.780000,2.870000,2
1213.650000,1212.760000,1214.335000,1212.360000,-0.890000,1.975000,1
1212.569900,1213.689900,1213.689900,1212.356000,1.120000,1.333900,1
1211.510000,1212.230000,1212.450000,1210.840000,0.720000,1.610000,2
1212.220000,1211.310100,1213.266000,1211.230000,-0.909900,2.036000,1
1209.670000,1212.140000,1212.610000,1209.670000,2.470000,2.940000,2
1210.500000,1209.370000,1210.700000,1209.000000,-1.130000,1.700000,1
1206.520000,1210.350000,1210.350000,1206.520000,3.830000,3.830000,2
1207.590000,1207.120000,1208.189900,1205.750000,-0.470000,2.439900,1
1205.385000,1207.689900,1208.830000,1205.210000,2.304900,3.620000,2
1208.790000,1205.590000,1208.790000,1205.490000,-3.200000,3.300000,1
1207.620000,1213.770000,1213.770000,1204.370000,6.150000,9.400000,1
1203.170000,1208.960000,1208.984400,1202.895000,5.790000,6.089400,2
1206.230000,1202.710000,1208.900000,1202.710000,-3.520000,6.190000,2
1206.379200,1207.210000,1207.985000,1205.990000,0.830800,1.995000,2
1207.430100,1206.830000,1208.462500,1206.830000,-0.600100,1.632500,1
1204.295000,1207.360000,1207.360000,1203.030000,3.065000,4.330000,1
1203.980000,1204.319900,1204.810100,1202.885000,0.339900,1.925100,2
1205.970000,1204.660000,1205.970000,1204.510000,-1.310000,1.460000,1
1205.454300,1207.080000,1207.135000,1203.640000,1.625700,3.495000,2
1210.280000,1205.620000,1210.280000,1205.010000,-4.660000,5.270000,1
1208.770000,1210.455000,1210.455000,1208.560100,1.685000,1.894900,2
1210.040000,1208.540000,1210.040000,1208.540000,-1.500000,1.500000,1
1207.265000,1210.220000,1210.220000,1206.600000,2.955000,3.620000,2
1208.550000,1207.670000,1208.550000,1207.670000,-0.880000,0.880000,2
1210.430100,1207.939900,1210.430100,1207.420000,-2.490200,3.010100,1
1209.569900,1210.319900,1210.319900,1208.680100,0.750000,1.639800,1
1207.685100,1209.270000,1209.650000,1207.400000,1.584900,2.250000,1
1207.500000,1207.560100,1208.700000,1207.370000,0.060100,1.330000,2
1207.800000,1207.380000,1208.790000,1207.305100,-0.420000,1.484900,1
1206.830000,1207.220000,1207.220000,1206.166400,0.390000,1.053600,2
1207.069900,1206.000000,1207.069900,1204.180100,-1.069900,2.889800,2
1207.439900,1206.530000,1207.439900,1205.242600,-0.909900,2.197300,2
1209.180100,1207.725000,1209.220000,1207.170000,-1.455100,2.050000,1
1208.905000,1208.960000,1210.375000,1208.280000,0.055000,2.095000,2
1209.080000,1209.410000,1210.255100,1208.680100,0.330000,1.575000,2
1211.160000,1209.210000,1212.069900,1208.910000,-1.950000,3.159900,1
1191.310100,1205.579200,1205.579200,1189.680100,14.269100,15.899100,1
1189.310100,1192.305100,1194.280000,1189.310100,2.995000,4.969900,1
1184.010000,1189.310100,1189.400000,1183.000000,5.300100,6.400000,1
1178.972000,1184.069900,1184.950000,1178.972000,5.097900,5.978000,2
1180.093000,1180.799400,1181.757600,1176.680100,0.706400,5.077500,1
1178.520000,1180.700000,1184.360000,1178.520000,2.180000,5.840000,2
1180.160000,1178.960000,1183.250000,1178.960000,-1.200000,4.290000,1
1179.400400,1180.270000,1181.569900,1179.340000,0.869600,2.229900,1
1174.680100,1179.745000,1179.745000,1173.460000,5.064900,6.285000,1
1172.450000,1174.439900,1174.715000,1171.520000,1.989900,3.195000,1
1171.410000,1172.764600,1175.400000,1171.410000,1.354600,3.990000,2
1172.770000,1172.069900,1172.770000,1170.120000,-0.700100,2.650000,2
1173.010000,1172.580000,1175.990000,1172.375000,-0.430000,3.615000,1
1171.060100,1171.990000,1173.939900,1170.189900,0.929900,3.750000,2
1171.340000,1171.710000,1172.930100,1170.500000,0.370000,2.430100,1
1170.069900,1171.689900,1172.250000,1168.439900,1.620000,3.810100,1
1170.010000,1170.400000,1170.780000,1167.930100,0.390000,2.849900,1
1167.910000,1168.910000,1170.680100,1167.020000,1.000000,3.660100,1
1167.860000,1168.515000,1168.933000,1167.160000,0.655000,1.773000,1
1167.719400,1167.740000,1167.740000,1164.040000,0.020600,3.700000,2
1170.860000,1167.740000,1172.194900,1167.090000,-3.120000,5.104900,2
1175.390000,1171.135000,1176.000000,1171.135000,-4.255000,4.865000,2
1175.569900,1175.400400,1177.630000,1174.630000,-0.169500,3.000000,1
1172.290000,1175.939900,1177.040000,1172.290000,3.649900,4.750000,2
1172.590000,1172.080000,1173.330000,1170.340000,-0.510000,2.990000,2
1177.710000,1173.810100,1178.120000,1173.580000,-3.899900,4.540000,2
1179.995000,1177.000000,1181.880000,1171.260000,-2.995000,10.620000,1
1167.521000,1180.860000,1181.500000,1166.770000,13.339000,14.730000,2
1168.650000,1167.250000,1170.381500,1167.040000,-1.400000,3.341500,2
1174.300000,1169.560100,1175.910000,1168.950000,-4.739900,6.960000,1
1173.830000,1174.175800,1174.800000,1170.250000,0.345800,4.550000,1
1169.630000,1171.728000,1172.185100,1167.464100,2.098000,4.721000,1
1164.280000,1167.319900,1169.300000,1163.074800,3.039900,6.225200,1
1163.630000,1164.000000,1164.800000,1160.913900,0.370000,3.886100,1
1162.250000,1163.720000,1165.130000,1162.000000,1.470000,3.130000,1
1158.285000,1161.550000,1162.460000,1158.000000,3.265000,4.460000,2
1158.830000,1158.390000,1161.560100,1158.000000,-0.440000,3.560100,2
1160.740000,1158.830000,1161.730000,1158.230000,-1.910000,3.500000,1
1157.290000,1160.000000,1160.090000,1154.319900,2.710000,5.770100,2
1158.965000,1157.370000,1160.470000,1156.770000,-1.595000,3.700000,1
1157.060100,1158.710000,1158.710000,1156.140000,1.649900,2.570000,2
1158.330000,1157.517200,1159.080000,1156.372300,-0.812800,2.707700,2
1163.593100,1159.590000,1163.735100,1158.420000,-4.003100,5.315100,2
1164.439900,1163.580000,1165.000000,1162.319900,-0.859900,2.680100,1
1161.689900,1165.100000,1165.100000,1161.040000,3.410100,4.060000,2
1166.970000,1162.000000,1166.970000,1161.740000,-4.970000,5.230000,2
1168.910000,1166.780000,1169.200000,1165.726600,-2.130000,3.473400,1
1167.900000,1169.000000,1169.000000,1165.520000,1.100000,3.480000,2
1170.092800,1168.189900,1171.000000,1166.350000,-1.902900,4.650000,1
1167.290000,1170.020000,1170.510000,1167.040000,2.730000,3.470000,2
1168.890000,1166.939900,1168.890000,1165.880000,-1.950100,3.010000,1
1167.590000,1169.490000,1171.230000,1166.900000,1.900000,4.330000,2
1172.340000,1160.760000,1173.230000,1159.175000,-11.580000,14.055000,1
1167.605000,1161.480000,1167.605000,1160.844000,-6.125000,6.761000,2
1173.265700,1166.230000,1173.265700,1165.340000,-7.035700,7.925700,1
1170.120000,1172.980000,1173.210000,1169.650000,2.860000,3.560000,2
1174.930100,1171.000000,1175.420000,1171.000000,-3.930100,4.420000,1
1173.000000,1174.175000,1174.175000,1172.694900,1.175000,1.480100,1
1171.970000,1173.370000,1173.540000,1171.000000,1.400000,2.540000,2
1172.460000,1171.250000,1172.460000,1170.360000,-1.210000,2.100000,2
1173.500000,1172.920000,1174.481600,1172.360000,-0.580000,2.121600,1
1171.590000,1174.140000,1174.200000,1171.590000,2.550000,2.610000,2
1172.780000,1170.569900,1172.780000,1170.569900,-2.210100,2.210100,1
1171.170000,1174.175000,1174.175000,1170.800000,3.005000,3.375000,1
1169.310100,1170.110000,1170.450000,1169.270000,0.799900,1.180000,1
1168.800000,1167.830000,1168.800000,1167.830000,-0.970000,0.970000,1
1168.030000,1168.850000,1169.650000,1168.030000,0.820000,1.620000,1
1165.610000,1168.240000,1168.240000,1165.487500,2.630000,2.752500,1
1163.340000,1165.920000,1165.920000,1163.340000,2.580000,2.580000,2
1164.689900,1163.860000,1165.265000,1163.860000,-0.829900,1.405000,1
1163.155000,1164.885000,1164.885000,1162.210000,1.730000,2.675000,1
1162.500000,1162.000000,1162.555100,1161.780000,-0.500000,0.775100,2
1164.120000,1162.990000,1164.314900,1162.990000,-1.130000,1.324900,1
1162.855000,1163.160000,1163.380000,1162.855000,0.305000,0.525000,2
1162.948200,1161.192300,1163.062700,1161.192300,-1.755900,1.870400,1
1161.035200,1162.100000,1162.100000,1160.580000,1.064800,1.520000,1
1158.010000,1161.430100,1161.430100,1158.010000,3.420100,3.420100,1
1154.870000,1159.280000,1159.280000,1154.870000,4.410000,4.410000,1
1153.393800,1155.160000,1155.160000,1151.120000,1.766200,4.040000,2
1154.205000,1152.020000,1154.990000,1150.670000,-2.185000,4.320000,2
1156.000000,1154.747600,1157.760000,1154.500000,-1.252400,3.260000,2
1158.840000,1155.130000,1158.840000,1154.010000,-3.710000,4.830000,1
1158.150000,1157.705000,1158.150000,1155.280000,-0.445000,2.870000,1
1156.790000,1158.033400,1158.033400,1156.110000,1.243400,1.923400,1
1153.004300,1156.128500,1156.128500,1152.901700,3.124200,3.226800,1
1152.980000,1154.060100,1154.740000,1152.870000,1.080100,1.870000,2
1155.790000,1152.000000,1155.790000,1151.080000,-3.790000,4.710000,2
1159.370000,1155.850000,1159.370000,1155.600000,-3.520000,3.770000,1
1157.230000,1159.020000,1159.390000,1155.845000,1.790000,3.545000,2
1158.800000,1156.110000,1159.300000,1156.110000,-2.690000,3.190000,2
1159.555100,1158.160000,1159.990000,1158.160000,-1.395100,1.830000,1
1155.275000,1159.600000,1159.600000,1152.210000,4.325000,7.390000,1
1146.170000,1154.130000,1155.000000,1145.330000,7.960000,9.670000,1
1137.758500,1146.245000,1146.350000,1136.890000,8.486500,9.460000,2
1139.260000,1137.100000,1143.830000,1136.970000,-2.160000,6.860000,1
1138.830000,1140.439900,1140.650000,1137.780000,1.609900,2.870000,2
1140.845500,1139.290000,1143.100000,1138.880000,-1.555500,4.220000,1
1138.090000,1141.020000,1141.360000,1138.000000,2.930000,3.360000,1
1137.319900,1137.400000,1139.825000,1135.400000,0.080100,4.425000,2
1138.378700,1137.990000,1139.775000,1137.910000,-0.388700,1.865000,2
1140.810100,1138.020000,1142.300000,1138.020000,-2.790100,4.280000,2
1145.529500,1141.893300,1147.000000,1141.880000,-3.636200,5.120000,2
1147.540000,1146.850000,1150.700000,1146.850000,-0.690000,3.850000,2
1148.020000,1146.680100,1149.550000,1146.110000,-1.339900,3.440000,2
1149.000000,1148.650000,1150.050000,1148.540000,-0.350000,1.510000,1
1145.290000,1148.600000,1148.630000,1145.290000,3.310000,3.340000,2
1150.560100,1144.775000,1151.140000,1144.775000,-5.785100,6.365000,2
1152.450000,1149.840000,1152.555100,1149.840000,-2.610000,2.715100,1
1150.720000,1152.050000,1152.250000,1150.720000,1.330000,1.530000,2
1151.650000,1151.640000,1152.040000,1151.319900,-0.010000,0.720100,2
1151.976200,1151.510000,1153.810100,1151.510000,-0.466200,2.300100,2
1152.280000,1152.230000,1153.510000,1152.160000,-0.050000,1.350000,2
1154.010000,1152.439900,1154.470000,1152.439900,-1.570100,2.030100,1
1153.850000,1153.840000,1153.850000,1151.990000,-0.010000,1.860000,2
1153.939900,1153.270000,1154.000000,1153.240000,-0.669900,0.760000,2
1156.500000,1154.319900,1156.930100,1153.860000,-2.180100,3.070100,1
1154.439900,1156.380000,1156.930100,1154.439900,1.940100,2.490200,1
1153.420000,1154.030000,1155.690600,1153.060100,0.610000,2.630500,2
1155.569900,1154.030000,1156.345000,1153.850000,-1.539900,2.495000,1
1154.510000,1155.560100,1155.560100,1154.060100,1.050100,1.500000,2
1154.800000,1154.590000,1155.580000,1153.319900,-0.210000,2.260100,2
1156.439900,1155.020000,1157.580000,1155.020000,-1.419900,2.560000,1
1153.560100,1156.360000,1156.360000,1153.560100,2.799900,2.799900,2
1154.110000,1153.740000,1155.510000,1153.530000,-0.370000,1.980000,2
1155.300000,1153.735000,1155.300000,1152.872600,-1.565000,2.427400,2
1156.470000,1155.300000,1156.470000,1154.540000,-1.170000,1.930000,1
1155.920000,1156.740000,1157.700000,1155.520000,0.820000,2.180000,2
1158.150000,1156.840000,1158.670000,1156.819900,-1.310000,1.850100,1
1157.370000,1158.000000,1159.090000,1155.630000,0.630000,3.460000,1
1156.200000,1157.450000,1158.600000,1156.050000,1.250000,2.550000,1
1151.000000,1151.380000,1155.791600,1145.275100,0.380000,10.516500,2
1159.670000,1154.319900,1161.000000,1154.319900,-5.350100,6.680100,1
1156.783700,1158.010000,1158.010000,1153.740000,1.226300,4.270000,1
1150.420000,1157.180100,1157.180100,1149.960000,6.760100,7.220100,2
1154.730000,1150.240000,1154.775000,1150.240000,-4.490000,4.535000,2
1155.310100,1153.939900,1155.550000,1153.939900,-1.370200,1.610100,1
1153.900000,1156.439900,1157.160000,1153.900000,2.539900,3.260000,1
1150.030000,1153.540000,1153.540000,1150.030000,3.510000,3.510000,1
1150.006300,1150.230000,1151.569900,1149.300000,0.223700,2.269900,2
1154.069900,1150.420000,1154.069900,1150.420000,-3.649900,3.649900,1
1153.867600,1154.085800,1155.830000,1153.780000,0.218200,2.050000,2
1156.990000,1154.825000,1157.401500,1154.040000,-2.165000,3.361500,2
1159.650000,1157.170000,1159.890000,1157.170000,-2.480000,2.720000,1
1157.034700,1160.595000,1160.595000,1157.019900,3.560300,3.575100,2
1159.560100,1157.600000,1160.180100,1157.600000,-1.960100,2.580100,1
1159.000000,1157.870000,1159.000000,1157.384500,-1.130000,1.615500,1
1156.127200,1159.310100,1159.569900,1155.055100,3.182900,4.514800,2
1157.510000,1155.560100,1157.610000,1155.175000,-1.949900,2.435000,1
1155.605000,1157.689900,1157.955000,1154.970000,2.084900,2.985000,1
1153.240000,1155.939900,1156.569900,1153.005000,2.699900,3.564900,2
1156.120000,1153.120000,1156.120000,1152.050000,-3.000000,4.070000,1
1154.530000,1156.350000,1156.350000,1153.100000,1.820000,3.250000,2
1157.030000,1155.130000,1157.030000,1154.955000,-1.900000,2.075000,2
1158.819900,1157.765000,1159.340000,1157.765000,-1.054900,1.575000,1
1156.240000,1158.407500,1158.470000,1156.240000,2.167500,2.230000,2
1157.750000,1156.810100,1159.010000,1156.810100,-0.939900,2.199900,1
1157.260000,1158.290000,1158.500000,1157.260000,1.030000,1.240000,1
1156.260000,1156.555100,1156.860000,1155.900000,0.295100,0.960000,2
1157.605000,1156.110000,1158.580000,1156.110000,-1.495000,2.470000,2
1157.610000,1158.660000,1158.660000,1156.870000,1.050000,1.790000,2
1157.970000,1157.600000,1159.555100,1157.600000,-0.370000,1.955100,2
1158.560100,1157.200000,1159.310100,1157.200000,-1.360100,2.110100,1
1154.075000,1157.500000,1158.000000,1154.075000,3.425000,3.925000,1
1152.830000,1154.175000,1154.750000,1152.830000,1.345000,1.920000,1
1152.814900,1153.390000,1153.935100,1152.814900,0.575100,1.120200,1
1151.435100,1152.632400,1152.632400,1150.410000,1.197300,2.222400,1
1150.760000,1150.610000,1152.610000,1150.000000,-0.150000,2.610000,2
1153.248200,1152.305100,1154.005000,1152.160000,-0.943100,1.845000,1
1149.750000,1153.000000,1153.000000,1149.750000,3.250000,3.250000,1
1149.060100,1150.205000,1151.370000,1148.560100,1.144900,2.809900,1
1148.710000,1149.545000,1149.710000,1148.000000,0.835000,1.710000,2
1149.040000,1148.380000,1149.780000,1148.380000,-0.660000,1.400000,1
1146.339400,1149.087500,1149.087500,1145.814900,2.748100,3.272600,2
1148.050000,1146.770000,1148.220000,1145.189900,-1.280000,3.030100,2
1150.990000,1148.965200,1150.990000,1148.965200,-2.024800,2.024800,1
1150.560100,1150.500000,1151.735000,1149.550000,-0.060100,2.185000,2
1154.990000,1150.850000,1154.990000,1150.835000,-4.140000,4.155000,1
1152.470000,1154.490000,1154.490000,1152.470000,2.020000,2.020000,2
1152.605000,1152.895000,1152.895000,1152.180100,0.290000,0.714900,1
1150.520000,1151.890000,1151.890000,1150.300000,1.370000,1.590000,1
1149.170000,1150.540000,1151.475000,1149.170000,1.370000,2.305000,1
1148.408800,1148.450000,1148.480000,1147.819900,0.041200,0.660100,2
1148.735000,1148.280000,1148.735000,1147.920000,-0.455000,0.815000,2
1150.590000,1149.120000,1151.361000,1148.689900,-1.470000,2.671100,1
1150.180100,1150.540000,1150.540000,1149.340000,0.359900,1.200000,2
1150.420000,1149.000000,1150.420000,1148.025000,-1.420000,2.395000,2
1150.480000,1150.819900,1150.819900,1149.650000,0.339900,1.169900,1
1148.380000,1150.689900,1150.689900,1148.380000,2.309900,2.309900,2
1148.660000,1148.080000,1148.660000,1147.030000,-0.580000,1.630000,2
1149.000000,1148.360000,1149.730000,1148.360000,-0.640000,1.370000,1
1147.540000,1149.460000,1149.460000,1147.540000,1.920000,1.920000,2
1148.380000,1147.567700,1148.380000,1146.870000,-0.812300,1.510000,2
1150.069900,1148.470000,1150.090000,1147.870000,-1.599900,2.220000,1
1149.585000,1149.590000,1149.590000,1147.580000,0.005000,2.010000,2
1152.369400,1152.050000,1153.120000,1152.050000,-0.319400,1.070000,1
1152.270000,1152.439900,1152.510000,1152.069900,0.169900,0.440100,1
1150.060100,1151.980000,1152.100000,1149.930100,1.919900,2.169900,2
1150.590000,1150.819900,1151.130000,1150.590000,0.229900,0.540000,1
1149.630000,1150.390000,1150.390000,1149.020000,0.760000,1.370000,1
1148.569900,1149.564900,1149.580000,1148.020000,0.995000,1.560000,1
1145.600000,1148.370000,1148.370000,1145.000000,2.770000,3.370000,1
1145.220000,1146.032300,1146.210000,1144.860000,0.812300,1.350000,2
1147.069900,1145.189900,1147.520000,1144.920000,-1.880000,2.600000,2
1147.420000,1146.730000,1147.439900,1146.050000,-0.690000,1.389900,1
1147.100000,1147.385600,1147.850000,1146.880000,0.285600,0.970000,2
1148.660000,1147.250000,1150.180100,1147.250000,-1.410000,2.930100,1
1146.030000,1148.585000,1148.585000,1144.939900,2.555000,3.645100,1
1145.220000,1145.950000,1146.080000,1144.390000,0.730000,1.690000,1
1129.930100,1136.939900,1136.939900,1128.660000,7.009800,8.279900,1
1126.000000,1130.225000,1130.285000,1125.800000,4.225000,4.485000,1
1124.610000,1125.410000,1129.689900,1124.610000,0.800000,5.079900,1
1124.189900,1124.460000,1127.830300,1123.444900,0.270100,4.385400,1
1122.300000,1122.430100,1124.060100,1121.600000,0.130100,2.460100,1
1120.020000,1122.500000,1122.500000,1116.520000,2.480000,5.980000,1
1118.120000,1121.855300,1123.010000,1116.710000,3.735300,6.300000,2
1121.020000,1119.574800,1121.500000,1118.540000,-1.445200,2.960000,1
1118.925000,1119.370000,1121.631100,1118.925000,0.445000,2.706100,2
1122.045000,1118.980000,1122.045000,1117.465000,-3.065000,4.580000,2
1124.600000,1122.319900,1124.790000,1122.000000,-2.280100,2.790000,1
1123.420000,1123.530000,1125.069900,1122.510000,0.110000,2.559900,1
1121.870000,1122.610000,1125.500000,1121.350000,0.740000,4.150000,2
1123.120000,1122.470000,1124.800000,1121.810100,-0.650000,2.989900,2
1124.670000,1122.900000,1124.790000,1122.030300,-1.770000,2.759700,1
1123.069900,1123.650000,1125.814900,1123.000000,0.580100,2.814900,1
1123.020000,1123.130000,1125.527500,1123.020000,0.110000,2.507500,1
1122.412500,1122.510000,1122.510000,1119.240000,0.097500,3.270000,1
1119.035000,1120.944900,1123.170000,1119.035000,1.909900,4.135000,1
1115.100000,1118.120000,1118.610000,1115.000000,3.020000,3.610000,2
1115.630000,1114.410000,1117.520000,1113.260000,-1.220000,4.260000,2
