116.425000,116.010000,116.700000,115.940000,-0.415000,0.760000,2
116.510000,116.440000,116.605000,116.190000,-0.070000,0.415000,2
116.940000,116.525000,117.000000,116.420000,-0.415000,0.580000,2
116.990000,116.948000,117.010000,116.770000,-0.042000,0.240000,1
116.930000,116.980000,117.123600,116.870000,0.050000,0.253600,2
117.013300,116.937300,117.050000,116.860000,-0.076000,0.190000,2
117.080000,117.020000,117.080000,116.890000,-0.060000,0.190000,1
116.660000,116.730000,116.850000,116.190000,0.070000,0.660000,1
116.585000,116.660000,116.940000,116.494600,0.075000,0.445400,2
117.480000,116.600000,117.480000,116.575000,-0.880000,0.905000,1
117.150000,117.470000,117.525000,117.120000,0.320000,0.405000,1
117.110000,117.144800,117.260000,117.060000,0.034800,0.200000,2
117.120000,117.090000,117.230000,117.020000,-0.030000,0.210000,1
117.120000,117.110000,117.170000,117.030000,-0.010000,0.140000,2
117.921000,117.540000,118.190000,117.520000,-0.381000,0.670000,1
117.900000,117.950000,118.279000,117.860000,0.050000,0.419000,2
117.970000,117.870000,118.210000,117.770000,-0.100000,0.440000,1
117.900000,117.986000,118.000000,117.810000,0.086000,0.190000,1
117.780000,117.890000,117.910000,117.710000,0.110000,0.200000,1
117.760000,117.770000,117.900000,117.645000,0.010000,0.255000,1
117.530000,117.740000,117.750000,117.330000,0.210000,0.420000,2
118.050000,117.320000,118.240000,117.320000,-0.730000,0.920000,2
118.070000,118.005000,118.180000,117.900000,-0.065000,0.280000,1
117.880000,118.065000,118.070000,117.680000,0.185000,0.390000,1
117.820000,117.890000,118.000000,117.800000,0.070000,0.200000,2
118.130000,117.830000,118.140000,117.800000,-0.300000,0.340000,2
118.135000,118.130500,118.200000,118.000000,-0.004500,0.200000,1
117.765100,118.130000,118.155400,117.750000,0.364900,0.405400,1
117.260000,117.570000,117.570000,117.030000,0.310000,0.540000,1
117.055000,117.270000,117.431000,116.970000,0.215000,0.461000,1
116.900000,117.060000,117.060000,116.730000,0.160000,0.330000,2
117.040000,116.904800,117.080000,116.850000,-0.135200,0.230000,1
117.040000,117.040000,117.150000,116.930000,0.000000,0.220000,2
117.055000,117.040000,117.150000,116.990000,-0.015000,0.160000,1
116.880000,117.050000,117.055000,116.700000,0.170000,0.355000,1
115.420000,115.600000,115.780000,114.690000,0.180000,1.090000,2
115.750000,115.395000,115.920000,115.395000,-0.355000,0.525000,1
115.715400,115.750000,115.940000,115.540000,0.034600,0.400000,1
115.490000,115.740000,115.770000,115.210000,0.250000,0.560000,1
115.050000,115.485800,115.500000,114.990000,0.435800,0.510000,2
115.700000,115.040000,115.880000,115.040000,-0.660000,0.840000,1
115.680000,115.720000,115.800000,115.600000,0.040000,0.200000,1
115.580000,115.560000,115.860000,115.000000,-0.020000,0.860000,1
115.190000,115.590000,115.830000,115.150000,0.400000,0.680000,1
114.794600,115.180000,115.270000,114.710000,0.385400,0.560000,2
114.800000,114.760000,114.850000,114.440000,-0.040000,0.410000,1
114.607500,114.800000,114.850000,114.380000,0.192500,0.470000,1
113.990000,114.605000,114.640000,113.970000,0.615000,0.670000,1
113.890000,113.990000,114.120000,113.820000,0.100000,0.300000,2
114.180000,114.363100,114.400000,113.649900,0.183100,0.750100,1
114.140000,114.200000,114.260100,113.900000,0.060000,0.360100,2
114.175000,114.130000,114.280000,113.960000,-0.045000,0.320000,2
114.690000,114.195000,114.720000,114.160000,-0.495000,0.560000,2
114.813900,114.670000,115.030000,114.644200,-0.143900,0.385800,1
114.715000,114.850000,114.935000,114.680100,0.135000,0.254900,1
114.660000,114.690000,114.890000,114.570000,0.030000,0.320000,1
113.630000,113.720000,114.330000,113.430000,0.090000,0.900000,2
113.820000,113.620000,114.200000,113.380000,-0.200000,0.820000,2
113.910000,113.870000,113.990000,113.460000,-0.040000,0.530000,1
113.580000,113.930000,114.020000,113.510000,0.350000,0.510000,1
113.101000,113.600000,113.610000,113.090000,0.499000,0.520000,2
113.510000,113.100000,113.750000,112.977500,-0.410000,0.772500,2
113.680000,113.530000,113.900000,113.530000,-0.150000,0.370000,2
114.880000,114.340000,115.140000,114.340000,-0.540000,0.800000,2
114.890000,114.890000,115.075000,114.720000,0.000000,0.355000,2
115.260000,114.910000,115.300000,114.840000,-0.350000,0.460000,1
115.140000,115.220000,115.260000,115.007400,0.080000,0.252600,1
114.941800,115.150000,115.240000,114.941800,0.208200,0.298200,2
115.000000,114.940000,115.017500,114.820000,-0.060000,0.197500,1
114.780000,114.990000,114.990000,114.600000,0.210000,0.390000,1
114.500000,114.600000,115.010000,114.470000,0.100000,0.540000,2
114.507700,114.490000,114.680000,114.370000,-0.017700,0.310000,2
114.645000,114.500000,114.734300,114.380000,-0.145000,0.354300,1
114.310000,114.675000,114.675000,114.310000,0.365000,0.365000,2
114.890000,114.330000,114.925000,114.325000,-0.560000,0.600000,2
114.900000,114.870000,115.060000,114.800000,-0.030000,0.260000,1
114.760000,114.910000,114.950000,114.660000,0.150000,0.290000,1
114.490000,114.290000,115.040000,114.290000,-0.200000,0.750000,2
114.520000,114.540000,114.650000,114.130000,0.020000,0.520000,1
114.520000,114.510000,114.650000,114.420000,-0.010000,0.230000,1
114.410000,114.535500,114.535500,114.345000,0.125500,0.190500,1
114.380000,114.405000,114.450000,114.260000,0.025000,0.190000,2
114.550000,114.380000,114.579000,114.310000,-0.170000,0.269000,2
114.610000,114.550000,114.767900,114.520000,-0.060000,0.247900,2
115.910000,115.370000,116.090000,114.970000,-0.540000,1.120000,1
115.790000,115.920000,116.090000,115.740000,0.130000,0.350000,2
116.120000,115.790000,116.380000,115.740000,-0.330000,0.640000,1
115.955000,116.115000,116.155000,115.820000,0.160000,0.335000,1
115.811000,115.970000,116.105000,115.785000,0.159000,0.320000,1
115.630000,115.790000,115.800000,115.520000,0.160000,0.280000,1
115.270000,115.620000,115.680000,115.270000,0.350000,0.410000,1
114.900000,115.130000,115.340000,114.830000,0.230000,0.510000,2
115.380000,114.900000,115.405000,114.900000,-0.480000,0.505000,1
115.200100,115.400000,115.400000,115.170000,0.199900,0.230000,2
115.240000,115.230000,115.310000,115.175400,-0.010000,0.134600,1
115.100000,115.250000,115.350000,115.060000,0.150000,0.290000,1
115.055000,115.080000,115.100000,114.975000,0.025000,0.125000,1
114.980000,115.070000,115.140000,114.890000,0.090000,0.250000,2
115.080000,114.780000,115.110000,114.580000,-0.300000,0.530000,1
114.770000,115.090000,115.150000,114.630000,0.320000,0.520000,1
114.760000,114.736400,114.770000,114.530000,-0.023600,0.240000,1
114.445000,114.755000,114.800000,114.430000,0.310000,0.370000,2
114.595000,114.620000,114.750000,114.590000,0.025000,0.160000,2
114.720000,114.600000,114.740000,114.534900,-0.120000,0.205100,1
114.700000,114.715000,114.730000,114.515000,0.015000,0.215000,1
114.654000,115.000000,115.200000,114.565000,0.346000,0.635000,2
114.742500,114.690000,114.990000,114.605000,-0.052500,0.385000,2
114.855500,114.750000,114.910000,114.635000,-0.105500,0.275000,1
114.815600,114.880000,114.917500,114.740000,0.064400,0.177500,1
114.745000,114.824800,114.830000,114.600000,0.079800,0.230000,1
114.605400,114.745000,114.745000,114.560000,0.139600,0.185000,2
114.660000,114.605000,114.670000,114.460000,-0.055000,0.210000,2
116.810000,115.230000,116.810000,115.185000,-1.580000,1.625000,2
116.960000,116.810000,117.025000,116.500000,-0.150000,0.525000,2
117.130000,116.930000,117.270000,116.846200,-0.200000,0.423800,1
116.980000,117.120000,117.260000,116.890000,0.140000,0.370000,1
116.790000,116.980000,117.040000,116.710000,0.190000,0.330000,2
116.850000,116.801000,116.970000,116.739800,-0.049000,0.230200,1
116.710000,116.840000,116.910000,116.560000,0.130000,0.350000,1
116.550000,116.790000,117.010000,116.490000,0.240000,0.520000,2
116.690000,116.510000,116.830000,116.360000,-0.180000,0.470000,1
116.275000,116.415700,116.415700,116.220000,0.140700,0.195700,1
116.170000,116.280000,116.389900,116.120000,0.110000,0.269900,2
116.450000,116.150000,116.567200,116.100000,-0.300000,0.467200,1
116.285000,116.430000,116.455000,116.210000,0.145000,0.245000,1
116.140000,116.275000,116.285000,115.970000,0.135000,0.315000,1
115.680000,116.248700,116.248700,115.360000,0.568700,0.888700,2
116.160000,115.730000,116.163800,115.620000,-0.430000,0.543800,1
116.050000,116.150000,116.240000,116.050000,0.100000,0.190000,1
115.850000,116.030000,116.065000,115.780000,0.180000,0.285000,1
115.850000,115.834000,115.910000,115.660000,-0.016000,0.250000,2
115.985000,115.850000,116.000000,115.680000,-0.135000,0.320000,1
115.770000,115.970000,116.080000,115.730000,0.200000,0.350000,2
115.785000,115.570000,116.020000,115.419200,-0.215000,0.600800,1
115.530000,115.765000,115.910000,115.500000,0.235000,0.410000,1
115.490000,115.565000,115.700000,115.430000,0.075000,0.270000,1
115.470000,115.500100,115.520000,115.355000,0.030100,0.165000,1
115.150000,115.470000,115.580000,114.980000,0.320000,0.600000,2
115.280000,115.160000,115.481100,115.090000,-0.120000,0.391100,1
115.180000,115.300000,115.400000,115.160000,0.120000,0.240000,1
114.381800,114.700000,114.700000,113.920100,0.318200,0.779900,1
113.960000,114.330000,114.488800,113.950000,0.370000,0.538800,2
114.080000,114.010000,114.180000,113.820000,-0.070000,0.360000,2
114.275000,114.100000,114.360000,113.915000,-0.175000,0.445000,1
114.200000,114.270000,114.390000,114.100000,0.070000,0.290000,2
114.320000,114.190000,114.500000,114.170000,-0.130000,0.330000,2
114.510000,114.320000,114.620000,114.320000,-0.190000,0.300000,1
114.210700,114.380000,114.630000,113.640000,0.169300,0.990000,2
114.460000,114.190000,114.635100,114.095000,-0.270000,0.540100,1
114.460000,114.450000,114.680000,114.350000,-0.010000,0.330000,2
114.899000,114.470000,114.930000,114.410000,-0.429000,0.520000,2
115.130000,114.920000,115.230000,114.890000,-0.210000,0.340000,1
115.020000,115.120000,115.200000,115.000000,0.100000,0.200000,2
115.150000,115.010000,115.160000,114.800000,-0.140000,0.360000,2
115.180000,114.850000,115.700000,114.700000,-0.330000,1.000000,1
114.900000,115.150000,115.290000,114.900000,0.250000,0.390000,1
114.790000,114.910000,115.130000,114.770000,0.120000,0.360000,1
114.600000,114.800000,114.910000,114.500000,0.200000,0.410000,1
114.530000,114.590000,114.730000,114.450000,0.060000,0.280000,1
114.430000,114.530000,114.595000,114.385000,0.100000,0.210000,2
114.550000,114.420000,114.610000,114.260000,-0.130000,0.350000,2
114.620000,114.200000,114.690000,114.020000,-0.420000,0.670000,1
113.830000,114.590000,114.610000,113.620000,0.760000,0.990000,1
113.780000,113.810000,114.030000,113.660000,0.030000,0.370000,1
113.573500,113.780000,113.860000,113.500000,0.206500,0.360000,2
113.675000,113.575000,113.820000,113.550000,-0.100000,0.270000,2
114.040000,113.670000,114.070000,113.670000,-0.370000,0.400000,2
114.100000,114.050000,114.140000,113.960000,-0.050000,0.180000,1
113.820000,114.450000,114.730100,113.790000,0.630000,0.940100,2
114.320000,113.830000,114.335000,113.630000,-0.490000,0.705000,1
113.786100,114.330000,114.410000,113.760000,0.543900,0.650000,2
114.000000,113.790000,114.000000,113.697000,-0.210000,0.303000,2
114.520000,113.992000,114.520000,113.990000,-0.528000,0.530000,1
114.520000,114.520000,114.620000,114.340000,0.000000,0.280000,1
114.320000,114.530000,114.570000,114.310000,0.210000,0.260000,1
114.120000,114.920000,114.920000,114.030000,0.800000,0.890000,2
114.390000,114.129800,114.400000,113.981000,-0.260200,0.419000,1
114.090000,114.400000,114.430000,114.050000,0.310000,0.380000,1
113.870000,114.100000,114.130000,113.805000,0.230000,0.325000,2
113.900000,113.860000,113.935000,113.700000,-0.040000,0.235000,1
113.720000,113.900000,113.940000,113.700000,0.180000,0.240000,1
113.720000,113.730000,113.865000,113.660000,0.010000,0.205000,2
114.070000,113.400000,114.120000,113.200000,-0.670000,0.920000,1
113.950000,114.010000,114.055000,113.790000,0.060000,0.265000,2
114.280000,113.970000,114.334200,113.955000,-0.310000,0.379200,2
114.480000,114.290000,114.570000,114.290000,-0.190000,0.280000,1
114.270000,114.480000,114.530000,114.240000,0.210000,0.290000,2
114.480000,114.270000,114.480000,114.240000,-0.210000,0.240000,1
114.400000,114.480000,114.530000,114.360000,0.080000,0.170000,1
113.910000,114.390000,114.879900,113.910000,0.480000,0.969900,2
113.950000,113.890000,114.210000,113.650000,-0.060000,0.560000,1
113.470000,113.985000,114.095000,113.310000,0.515000,0.785000,1
113.130000,113.456800,113.540000,113.095000,0.326800,0.445000,1
113.110000,113.120000,113.190000,112.850000,0.010000,0.340000,2
113.180000,113.110000,113.190000,112.930000,-0.070000,0.260000,1
113.050000,113.190000,113.265000,112.955000,0.140000,0.310000,2
113.520000,113.660000,114.110000,113.370000,0.140000,0.740000,1
112.700000,113.530000,113.575000,112.670000,0.830000,0.905000,2
113.130000,112.710000,113.340000,112.710000,-0.420000,0.630000,2
113.330000,113.130000,113.760000,112.870000,-0.200000,0.890000,2
113.460000,113.330000,113.914900,113.270000,-0.130000,0.644900,2
113.680000,113.440000,113.870000,113.440000,-0.240000,0.430000,1
113.580000,113.680000,113.715000,113.417500,0.100000,0.297500,2
113.810000,113.940000,114.490000,113.785000,0.130000,0.705000,2
113.880000,113.820000,113.950000,113.530000,-0.060000,0.420000,1
113.370000,113.909900,113.940000,113.230000,0.539900,0.710000,1
113.350000,113.350000,113.560000,113.270000,0.000000,0.290000,2
113.530000,113.350000,113.570000,113.340000,-0.180000,0.230000,1
113.490000,113.530000,113.585000,113.450000,0.040000,0.135000,2
113.520000,113.480000,113.600000,113.450000,-0.040000,0.150000,1
113.410000,113.810000,114.410000,113.380000,0.400000,1.030000,2
113.470000,113.410000,113.603000,113.310000,-0.060000,0.293000,2
113.620000,114.050000,114.060000,113.380000,0.430000,0.680000,1
113.569900,114.050000,114.060000,113.470000,0.480100,0.590000,2
113.620000,113.575000,113.650000,113.380000,-0.045000,0.270000,1
113.405000,113.584300,113.720000,113.400000,0.179300,0.320000,2
113.450000,113.410000,113.570000,113.400000,-0.040000,0.170000,1
113.380000,113.435000,113.500000,113.330000,0.055000,0.170000,2
113.490000,113.350000,113.510000,113.320000,-0.140000,0.190000,1
113.480000,113.500000,113.605000,113.450000,0.020000,0.155000,1
113.470000,113.460000,113.510000,113.420000,-0.010000,0.090000,2
113.540000,113.480000,113.610000,113.410000,-0.060000,0.200000,1
113.510000,113.540000,113.550000,113.440000,0.030000,0.110000,2
113.580000,113.500000,113.630000,113.500000,-0.080000,0.130000,1
113.540000,113.600000,113.600000,113.490000,0.060000,0.110000,2
113.580000,113.540000,113.630000,113.490000,-0.040000,0.140000,2
113.585000,113.570000,113.635000,113.530000,-0.015000,0.105000,2
113.740000,113.585000,113.745000,113.580000,-0.155000,0.165000,2
113.750000,113.730000,113.770000,113.700000,-0.020000,0.070000,2
113.920000,113.770000,113.960000,113.760000,-0.150000,0.200000,1
113.820000,113.930000,113.940000,113.745000,0.110000,0.195000,2
113.885000,113.820000,113.900000,113.767500,-0.065000,0.132500,2
114.030000,113.880000,114.070000,113.860000,-0.150000,0.210000,1
113.925000,114.040000,114.090000,113.890000,0.115000,0.200000,1
113.850000,113.930000,113.940000,113.850000,0.080000,0.090000,1
113.790000,113.860000,113.890000,113.790000,0.070000,0.100000,2
113.830000,113.780000,113.855000,113.730000,-0.050000,0.125000,2
113.844400,113.830000,113.930000,113.715000,-0.014400,0.215000,2
113.875000,114.370000,114.370000,113.860000,0.495000,0.510000,1
113.722300,113.840000,113.960000,113.680000,0.117700,0.280000,2
113.970000,113.780000,113.980000,113.580000,-0.190000,0.400000,2
114.130000,113.985000,114.220000,113.825000,-0.145000,0.395000,2
114.359000,114.170000,114.370000,114.090000,-0.189000,0.280000,1
114.310000,114.330000,114.380000,114.200000,0.020000,0.180000,2
114.370000,114.340000,114.395000,114.223200,-0.030000,0.171800,2
114.500000,114.340000,114.530000,114.330000,-0.160000,0.200000,2
114.510000,114.500000,114.520000,114.390000,-0.010000,0.130000,2
114.530000,114.510000,114.580000,114.500000,-0.020000,0.080000,2
114.565000,114.540000,114.650000,114.500000,-0.025000,0.150000,1
114.405100,114.570000,114.640000,114.400000,0.164900,0.240000,2
114.440000,114.410000,114.490000,114.405000,-0.030000,0.085000,2
114.470000,114.440000,114.500000,114.420000,-0.030000,0.080000,1
114.390000,114.460000,114.470000,114.370000,0.070000,0.100000,1
114.370000,114.400000,114.410000,114.330000,0.030000,0.080000,2
114.386800,114.350100,114.410000,114.330000,-0.036700,0.080000,1
114.365000,114.380000,114.400000,114.314600,0.015000,0.085400,1
114.290000,114.350000,114.360000,114.260000,0.060000,0.100000,2
114.400000,114.290000,114.429900,114.280000,-0.110000,0.149900,2
114.435000,114.420000,114.460000,114.365000,-0.015000,0.095000,1
114.320000,114.448000,114.470000,114.320000,0.128000,0.150000,2
114.345000,114.320000,114.360000,114.275000,-0.025000,0.085000,2
114.440000,114.350000,114.490000,114.320000,-0.090000,0.170000,1
114.404700,114.450000,114.490000,114.390000,0.045300,0.100000,1
114.340000,114.400000,114.459900,114.295000,0.060000,0.164900,2
115.430000,114.550000,115.430000,114.530000,-0.880000,0.900000,2
115.940000,115.430000,115.940000,115.430000,-0.510000,0.510000,2
116.140000,115.920000,116.481900,115.920000,-0.220000,0.561900,2
116.615000,116.130000,116.617500,116.120000,-0.485000,0.497500,2
116.960000,116.660000,116.970000,116.540000,-0.300000,0.430000,2
116.994700,116.965000,117.340000,116.935000,-0.029700,0.405000,2
117.100000,117.005000,117.110000,116.830000,-0.095000,0.280000,2
117.180000,117.071600,117.320000,117.030000,-0.108400,0.290000,2
117.270000,117.180000,117.270000,117.100000,-0.090000,0.170000,1
117.000000,117.245000,117.245000,116.990000,0.245000,0.255000,2
117.120000,117.000000,117.190000,117.000000,-0.120000,0.190000,2
117.380000,117.120000,117.390000,117.090000,-0.260000,0.300000,1
117.331400,117.370000,117.410000,117.290000,0.038600,0.120000,2
117.520000,117.340000,117.550000,117.300000,-0.180000,0.250000,1
117.510000,117.500000,117.590000,117.480000,-0.010000,0.110000,1
117.400000,117.520000,117.531000,117.335000,0.120000,0.196000,2
117.480000,117.396800,117.480000,117.370000,-0.083200,0.110000,2
117.495000,117.490000,117.520000,117.430000,-0.005000,0.090000,2
117.710000,117.495000,117.750000,117.480000,-0.215000,0.270000,2
117.820000,117.705000,117.860000,117.705000,-0.115000,0.155000,1
117.815000,117.820000,117.870000,117.730000,0.005000,0.140000,2
117.935000,117.810000,117.940000,117.810000,-0.125000,0.130000,2
118.000000,117.930000,118.050000,117.930000,-0.070000,0.120000,1
117.990000,118.000000,118.051600,117.990000,0.010000,0.061600,1
117.790000,117.960000,118.000000,117.780000,0.170000,0.220000,1
117.630000,117.780000,117.845000,117.620000,0.150000,0.225000,2
118.650000,118.480000,118.860000,118.150000,-0.170000,0.710000,1
118.555700,118.660000,118.740000,118.470000,0.104300,0.270000,1
118.400000,118.530000,118.590000,118.310000,0.130000,0.280000,1
118.270000,118.385100,118.610000,118.270000,0.115100,0.340000,2
118.280000,118.270000,118.320000,118.091000,-0.010000,0.229000,2
118.580000,118.290000,118.590000,118.210000,-0.290000,0.380000,1
118.540000,118.600000,118.690000,118.540000,0.060000,0.150000,1
118.490000,118.590000,118.590000,118.325000,0.100000,0.265000,1
118.490000,118.500000,118.560000,118.395000,0.010000,0.165000,2
118.760000,118.510000,118.800000,118.470000,-0.250000,0.330000,2
118.862300,118.760000,118.880000,118.720000,-0.102300,0.160000,1
118.830000,118.871000,118.940000,118.830000,0.041000,0.110000,2
118.900000,118.810000,118.950000,118.740000,-0.090000,0.210000,2
118.970000,118.900000,118.970000,118.800000,-0.070000,0.170000,1
118.950000,118.980000,119.119000,118.930000,0.030000,0.189000,1
118.836700,118.930000,118.970000,118.825000,0.093300,0.145000,2
118.900000,118.835000,118.910000,118.780000,-0.065000,0.130000,1
118.870000,118.890000,118.890000,118.790000,0.020000,0.100000,2
118.975000,118.870000,119.040000,118.870000,-0.105000,0.170000,1
118.970000,118.975000,119.050000,118.885000,0.005000,0.165000,2
119.080000,118.970000,119.120000,118.960000,-0.110000,0.160000,2
119.120000,119.080000,119.190000,119.050100,-0.040000,0.139900,2
119.150000,119.130000,119.230000,119.010000,-0.020000,0.220000,1
118.940000,119.145000,119.200000,118.940000,0.205000,0.260000,1
118.740000,118.931500,118.950000,118.700000,0.191500,0.250000,1
118.650000,118.730000,118.770100,118.340000,0.080000,0.430100,2
118.870000,119.150000,119.150000,118.290000,0.280000,0.860000,1
118.450000,118.880000,118.990000,118.400000,0.430000,0.590000,1
118.140000,118.380000,118.490000,118.080000,0.240000,0.410000,1
117.929900,118.105000,118.155000,117.800000,0.175100,0.355000,2
118.112500,117.880000,118.170000,117.750000,-0.232500,0.420000,2
118.260000,118.130000,118.330000,118.100000,-0.130000,0.230000,2
118.340000,118.270000,118.380000,118.260000,-0.070000,0.120000,1
118.210000,118.340000,118.405000,118.180000,0.130000,0.225000,2
118.440000,118.230000,118.440000,118.230000,-0.210000,0.210000,2
118.531500,118.440000,118.550000,118.385000,-0.091500,0.165000,1
118.345000,118.570000,118.570000,118.345000,0.225000,0.225000,1
118.120000,118.340000,118.340000,118.090000,0.220000,0.250000,2
118.140000,118.160000,118.180000,118.055000,0.020000,0.125000,1
118.125000,118.162800,118.190000,118.065000,0.037800,0.125000,1
118.110000,118.100000,118.130000,118.040000,-0.010000,0.090000,1
118.110000,118.090000,118.160000,118.090000,-0.020000,0.070000,2
118.140000,118.110000,118.140000,117.985000,-0.030000,0.155000,2
118.150000,118.175000,118.175000,118.060000,0.025000,0.115000,1
118.005000,118.160000,118.179900,118.005000,0.155000,0.174900,2
118.040000,118.010000,118.097500,118.000000,-0.030000,0.097500,1
118.015000,118.040000,118.050000,117.995000,0.025000,0.055000,1
118.010000,118.020000,118.040000,117.980000,0.010000,0.060000,2
118.050000,118.015000,118.060000,117.990000,-0.035000,0.070000,1
118.001300,118.030000,118.050000,117.970000,0.028700,0.080000,1
117.925000,118.000000,118.120000,117.860000,0.075000,0.260000,1
117.840000,117.940000,118.020000,117.780000,0.100000,0.240000,2
118.190000,117.720000,118.410000,117.680000,-0.470000,0.730000,1
117.760000,118.140000,118.229900,117.670000,0.380000,0.559900,1
117.550000,117.770000,117.770000,117.350000,0.220000,0.420000,1
117.250000,117.520000,117.550000,117.220000,0.270000,0.330000,2
117.380000,117.250000,117.409000,117.120000,-0.130000,0.289000,2
117.750100,117.391000,117.760000,117.350000,-0.359100,0.410000,1
117.310000,117.770000,117.770000,117.270000,0.460000,0.500000,2
117.380000,117.330000,117.470000,117.130000,-0.050000,0.340000,2
117.405000,117.410000,117.490000,117.360000,0.005000,0.130000,1
117.085000,117.390000,117.420000,117.080000,0.305000,0.340000,1
116.890000,117.090000,117.140000,116.871500,0.200000,0.268500,1
116.855000,116.890000,116.980000,116.850000,0.035000,0.130000,1
116.790000,116.850000,116.870000,116.750000,0.060000,0.120000,2
116.800000,116.775000,116.830000,116.680000,-0.025000,0.150000,1
116.795000,116.794600,116.870000,116.755000,-0.000400,0.115000,1
116.450000,116.780000,116.780000,116.450000,0.330000,0.330000,2
116.684900,116.441500,116.700000,116.440000,-0.243400,0.260000,1
116.620000,116.680000,116.726600,116.570200,0.060000,0.156400,2
116.710000,116.610000,116.720000,116.550000,-0.100000,0.170000,2
116.840000,116.730000,116.890000,116.720000,-0.110000,0.170000,1
116.720000,116.840000,116.860000,116.720000,0.120000,0.140000,1
116.630000,116.730000,116.740000,116.600000,0.100000,0.140000,2
116.820000,116.620000,116.900000,116.575000,-0.200000,0.325000,1
116.750000,116.820000,116.850000,116.690000,0.070000,0.160000,2
116.770000,116.745000,116.800000,116.730000,-0.025000,0.070000,1
116.710000,116.780000,116.850000,116.710000,0.070000,0.140000,2
117.647500,116.970000,117.780000,116.970000,-0.677500,0.810000,2
117.780000,117.650000,117.960000,117.630000,-0.130000,0.330000,1
117.680000,117.810000,117.890000,117.570000,0.130000,0.320000,2
117.930000,117.670000,117.935000,117.670000,-0.260000,0.265000,1
117.520000,117.912500,117.912500,117.480000,0.392500,0.432500,1
117.190000,117.495000,117.530000,117.190000,0.305000,0.340000,1
117.093100,117.200000,117.200000,116.940000,0.106900,0.260000,2
117.200000,117.139800,117.200000,116.970000,-0.060200,0.230000,1
117.035000,117.210000,117.230000,117.035000,0.175000,0.195000,1
116.920000,117.030000,117.090000,116.860000,0.110000,0.230000,2
117.038400,116.930000,117.040000,116.870000,-0.108400,0.170000,1
116.944500,117.040000,117.050000,116.920000,0.095500,0.130000,1
116.867500,116.930000,116.980000,116.850000,0.062500,0.130000,1
116.790000,116.870000,116.877500,116.730000,0.080000,0.147500,1
116.787500,116.775000,116.800000,116.605000,-0.012500,0.195000,1
116.715900,116.780000,116.815000,116.715900,0.064100,0.099100,1
116.499900,116.710000,116.740000,116.480000,0.210100,0.260000,2
116.525000,116.500000,116.525000,116.380000,-0.025000,0.145000,1
116.495000,116.510000,116.510000,116.445000,0.015000,0.065000,2
116.560000,116.495000,116.645000,116.495000,-0.065000,0.150000,1
116.505500,116.540000,116.575000,116.480000,0.034500,0.095000,2
116.550000,116.505000,116.550000,116.445000,-0.045000,0.105000,1
116.450000,116.550000,116.560000,116.410000,0.100000,0.150000,2
116.680000,116.470000,116.700000,116.470000,-0.210000,0.230000,1
116.630000,116.690000,116.690000,116.590000,0.060000,0.100000,1
116.390000,116.620000,116.700000,116.350000,0.230000,0.350000,2
116.710000,116.590000,116.815000,116.410000,-0.120000,0.405000,1
116.660000,116.710000,116.860000,116.641000,0.050000,0.219000,1
116.440000,116.660000,116.660000,116.380000,0.220000,0.280000,2
116.505000,116.450000,116.600000,116.440000,-0.055000,0.160000,1
116.490000,116.540000,116.540000,116.300000,0.050000,0.240000,2
116.580000,116.490000,116.600000,116.410000,-0.090000,0.190000,1
116.500000,116.580000,116.600000,116.480000,0.080000,0.120000,1
116.390000,116.530000,116.550000,116.380000,0.140000,0.170000,1
116.290000,116.405000,116.405000,116.245000,0.115000,0.160000,2
116.340000,116.295000,116.370000,116.220000,-0.045000,0.150000,2
116.410000,116.340000,116.410000,116.310000,-0.070000,0.100000,1
116.300000,116.390000,116.390000,116.280000,0.090000,0.110000,1
116.152900,116.290000,116.300000,116.100000,0.137100,0.200000,1
116.030000,116.150000,116.160000,116.010000,0.120000,0.150000,1
116.020000,116.039900,116.070000,115.950000,0.019900,0.120000,2
116.065000,116.029900,116.080000,116.000000,-0.035100,0.080000,2
116.190000,116.070000,116.190000,116.020000,-0.120000,0.170000,1
116.190000,116.200000,116.230000,115.985000,0.010000,0.245000,2
116.305000,116.220000,116.305000,116.000000,-0.085000,0.305000,2
116.360000,116.330000,116.510000,116.280000,-0.030000,0.230000,1
116.355000,116.340000,116.400000,116.100000,-0.015000,0.300000,1
116.095000,116.350000,116.410000,116.095000,0.255000,0.315000,1
115.704700,116.070000,116.070000,115.666300,0.365300,0.403700,1
115.615000,115.670000,115.820000,115.570000,0.055000,0.250000,1
114.950000,115.600000,115.630000,114.940000,0.650000,0.690000,2
115.010000,114.950000,115.030000,114.670000,-0.060000,0.360000,1
114.807300,115.390000,115.410000,114.560000,0.582700,0.850000,1
114.580000,114.810000,114.910000,114.180000,0.230000,0.730000,2
114.760000,114.560000,115.030000,114.560000,-0.200000,0.470000,2
115.050000,114.710000,115.080700,114.710000,-0.340000,0.370700,2
115.260000,115.084400,115.485000,115.084400,-0.175600,0.400600,1
115.000000,115.290000,115.310000,114.960000,0.290000,0.350000,1
114.880000,115.010000,115.180000,114.860000,0.130000,0.320000,2
114.990000,114.910000,115.070000,114.880000,-0.080000,0.190000,2
115.220000,114.990000,115.220000,114.840000,-0.230000,0.380000,2
115.470000,115.220000,115.485000,115.130000,-0.250000,0.355000,1
115.250000,115.440000,115.460000,115.210000,0.190000,0.250000,2
115.430000,115.260000,115.490000,115.260000,-0.170000,0.230000,2
115.590000,115.430000,115.640000,115.370000,-0.160000,0.270000,1
115.590000,115.592000,115.750000,115.570000,0.002000,0.180000,1
115.540000,115.600000,115.700000,115.470000,0.060000,0.230000,1
115.470000,115.520000,115.530000,115.350000,0.050000,0.180000,2
115.500000,115.490000,115.630000,115.440000,-0.010000,0.190000,2
115.610000,115.490000,115.670000,115.470000,-0.120000,0.200000,1
115.405000,115.589900,115.680000,115.380000,0.184900,0.300000,1
115.340000,115.400000,115.400000,115.319900,0.060000,0.080100,1
115.230000,115.310000,115.410000,115.210000,0.080000,0.200000,1
115.110000,115.245000,115.300000,115.110000,0.135000,0.190000,2
115.189900,115.110000,115.230000,115.075000,-0.079900,0.155000,1
114.875000,115.180000,115.199900,114.830000,0.305000,0.369900,1
114.720000,114.860000,114.900000,114.700000,0.140000,0.200000,1
114.510000,114.720000,114.835000,114.440000,0.210000,0.395000,1
113.670000,113.660000,113.990000,113.380000,-0.010000,0.610000,2
113.760000,113.669800,113.760000,113.440000,-0.090200,0.320000,2
113.800000,113.800000,113.974800,113.665000,0.000000,0.309800,2
114.100000,113.815000,114.120000,113.810000,-0.285000,0.310000,1
113.716500,114.150000,114.150000,113.676700,0.433500,0.473300,2
113.875000,113.700000,113.915000,113.685000,-0.175000,0.230000,2
114.190000,113.890000,114.199900,113.845000,-0.300000,0.354900,1
113.820000,114.195000,114.220000,113.800000,0.375000,0.420000,1
113.610000,113.790000,113.805000,113.560100,0.180000,0.244900,1
113.440000,113.620000,113.620000,113.379400,0.180000,0.240600,2
113.500000,113.445000,113.650000,113.440000,-0.055000,0.210000,2
113.510000,113.510000,113.600000,113.475000,0.000000,0.125000,1
113.490000,113.500000,113.550000,113.450000,0.010000,0.100000,1
113.375000,113.500000,113.500000,113.235000,0.125000,0.265000,1
113.370000,113.379000,113.380000,113.320000,0.009000,0.060000,2
113.385000,113.370000,113.420000,113.340000,-0.015000,0.080000,2
113.540000,113.390000,113.619900,113.365000,-0.150000,0.254900,1
113.500000,113.540000,113.600000,113.455000,0.040000,0.145000,2
113.560000,113.490000,113.560000,113.370000,-0.070000,0.190000,1
113.380000,113.555000,113.555000,113.370000,0.175000,0.185000,1
113.265000,113.360000,113.390000,113.250000,0.095000,0.140000,1
113.140000,113.270000,113.280000,113.115000,0.130000,0.165000,1
113.047500,113.130000,113.170000,113.040000,0.082500,0.130000,2
113.090000,113.040000,113.180000,112.920000,-0.050000,0.260000,1
112.580000,113.080000,113.080000,112.570000,0.500000,0.510000,2
112.830000,112.580000,112.860000,112.520000,-0.250000,0.340000,2
114.020000,113.460000,114.170000,113.400000,-0.560000,0.770000,2
114.430000,114.030000,114.430000,113.975000,-0.400000,0.455000,2
114.569900,114.460000,114.610000,114.360000,-0.109900,0.250000,1
114.190000,114.560000,114.560000,114.180000,0.370000,0.380000,1
113.920000,114.230000,114.230000,113.920000,0.310000,0.310000,1
113.840000,113.930000,113.930000,113.620000,0.090000,0.310000,2
113.910000,113.820000,114.140000,113.820000,-0.090000,0.320000,1
113.620000,113.900000,113.900000,113.605000,0.280000,0.295000,1
113.500000,113.650000,113.650000,113.490000,0.150000,0.160000,1
113.470000,113.500000,113.590000,113.440000,0.030000,0.150000,1
113.400000,113.480000,113.520000,113.360000,0.080000,0.160000,2
113.460000,113.400000,113.480000,113.230000,-0.060000,0.250000,2
113.580000,113.480000,113.640000,113.480000,-0.100000,0.160000,2
113.610000,113.570000,113.660000,113.530000,-0.040000,0.130000,2
113.670000,113.605000,113.710000,113.605000,-0.065000,0.105000,1
113.495000,113.660000,113.660000,113.480000,0.165000,0.180000,1
113.455000,113.500000,113.500000,113.440000,0.045000,0.060000,1
113.440000,113.450000,113.470000,113.340000,0.010000,0.130000,2
113.460000,113.440000,113.550000,113.330000,-0.020000,0.220000,2
113.550000,113.465300,113.620000,113.430000,-0.084700,0.190000,1
113.430000,113.550000,113.550000,113.360000,0.120000,0.190000,1
113.290000,113.447200,113.480000,113.270000,0.157200,0.210000,2
113.400000,113.300000,113.420000,113.300000,-0.100000,0.120000,1
113.190000,113.400000,113.440000,113.100000,0.210000,0.340000,1
113.140000,113.180000,113.230000,113.040000,0.040000,0.190000,2
113.540000,113.130000,113.560000,113.130000,-0.410000,0.430000,2
113.790000,113.320000,113.883000,112.960000,-0.470000,0.923000,1
113.430000,113.810000,113.810000,113.340000,0.380000,0.470000,1
113.350000,113.450000,113.480000,113.339900,0.100000,0.140100,1
113.030000,113.340000,113.360000,112.925000,0.310000,0.435000,1
112.975000,113.030000,113.060000,112.825000,0.055000,0.235000,2
113.360000,112.980100,113.383400,112.980100,-0.379900,0.403300,2
113.650000,113.370000,113.720000,113.320000,-0.280000,0.400000,1
113.440000,113.640000,113.700000,113.440000,0.200000,0.260000,2
113.700000,113.430000,113.700000,113.380000,-0.270000,0.320000,1
113.680000,113.700000,113.900000,113.640000,0.020000,0.260000,1
113.530000,113.700000,113.715000,113.520000,0.170000,0.195000,1
113.450000,113.520000,113.530000,113.400000,0.070000,0.130000,2
113.550000,113.450000,113.630000,113.440000,-0.100000,0.190000,1
113.500000,113.550000,113.610000,113.490000,0.050000,0.120000,2
113.590000,113.510000,113.590000,113.450000,-0.080000,0.140000,1
113.500000,113.590000,113.650000,113.487700,0.090000,0.162300,2
113.610000,113.510000,113.610000,113.470000,-0.100000,0.140000,2
113.790000,113.600000,113.820000,113.570000,-0.190000,0.250000,2
113.888000,113.790000,113.972000,113.790000,-0.098000,0.182000,2
113.999900,113.880000,114.010000,113.865000,-0.119900,0.145000,1
113.870000,113.990000,114.005000,113.831500,0.120000,0.173500,2
113.920000,113.861000,113.930000,113.845100,-0.059000,0.084900,1
113.875000,113.905000,113.940000,113.800000,0.030000,0.140000,2
113.905000,113.870000,113.945000,113.760000,-0.035000,0.185000,2
114.010000,113.910000,114.110000,113.890000,-0.100000,0.220000,1
113.970000,114.015000,114.060000,113.900000,0.045000,0.160000,2
114.920000,114.720000,115.260000,114.710000,-0.200000,0.550000,1
114.660000,114.970000,114.970000,114.490000,0.310000,0.480000,2
114.860000,114.620000,114.990000,114.580000,-0.240000,0.410000,1
114.710000,114.860000,114.930000,114.630000,0.150000,0.300000,2
114.805000,114.705000,114.950000,114.610000,-0.100000,0.340000,2
114.940000,114.840000,114.950000,114.780000,-0.100000,0.170000,1
114.670000,114.920000,114.920000,114.670000,0.250000,0.250000,2
114.840000,114.660000,114.840000,114.610000,-0.180000,0.230000,2
115.025000,114.840000,115.060000,114.820000,-0.185000,0.240000,2
115.420000,115.030000,115.500000,115.010000,-0.390000,0.490000,1
115.305000,115.430000,115.588400,115.305000,0.125000,0.283400,2
115.319000,115.330000,115.425000,115.245000,0.011000,0.180000,2
115.470000,115.303000,115.500000,115.303000,-0.167000,0.197000,1
115.430000,115.495000,115.605100,115.380000,0.065000,0.225100,1
115.390000,115.420000,115.660000,115.390000,0.030000,0.270000,2
115.410000,115.375000,115.450000,115.270000,-0.035000,0.180000,1
115.370000,115.420000,115.530000,115.330000,0.050000,0.200000,2
115.450000,115.370000,115.450000,115.320000,-0.080000,0.130000,2
115.530000,115.470000,115.581000,115.425000,-0.060000,0.156000,1
115.229900,115.520000,115.520000,115.114900,0.290100,0.405100,1
114.850000,115.220000,115.290000,114.850000,0.370000,0.440000,2
114.910000,114.861000,114.920000,114.560000,-0.049000,0.360000,2
115.150000,114.920000,115.310000,114.785000,-0.230000,0.525000,1
114.930000,115.140000,115.140000,114.820000,0.210000,0.320000,2
115.110000,114.930000,115.140000,114.920000,-0.180000,0.220000,1
115.060000,115.120000,115.170000,115.010000,0.060000,0.160000,2
116.070000,114.640000,116.171000,114.640000,-1.430000,1.531000,2
116.405000,116.070000,116.800000,116.020000,-0.335000,0.780000,1
115.800000,116.440000,116.650000,115.760000,0.640000,0.890000,1
115.580000,115.790000,115.990000,115.575000,0.210000,0.415000,1
115.570000,115.529200,115.720000,115.359200,-0.040800,0.360800,1
115.495000,115.600000,115.790100,115.495000,0.105000,0.295100,1
115.490000,115.520000,115.790000,115.490000,0.030000,0.300000,1
115.250000,115.470000,115.550000,115.250000,0.220000,0.300000,1
114.854700,115.255000,115.370000,114.840000,0.400300,0.530000,1
114.810000,114.870000,115.060000,114.730000,0.060000,0.330000,1
114.700000,114.790000,114.930000,114.590000,0.090000,0.340000,2
114.840000,114.700000,114.850000,114.520000,-0.140000,0.330000,2
114.970000,114.800000,115.160000,114.800000,-0.170000,0.360000,1
114.850000,114.970000,115.080000,114.790000,0.120000,0.290000,1
114.460000,114.850000,114.850000,114.420000,0.390000,0.430000,2
114.510000,114.490000,114.610000,114.300000,-0.020000,0.310000,2
114.600000,114.510000,114.600000,114.210000,-0.090000,0.390000,1
114.390000,114.590000,114.600000,114.240000,0.200000,0.360000,2
114.470000,114.415000,114.510000,114.320000,-0.055000,0.190000,2
114.600000,114.450000,114.640000,114.260000,-0.150000,0.380000,2
114.770000,114.600000,114.880000,114.510000,-0.170000,0.370000,2
114.907000,114.780000,115.000000,114.225000,-0.127000,0.775000,2
115.160000,114.890000,115.160000,114.850000,-0.270000,0.310000,2
115.250000,115.160000,115.310000,115.085000,-0.090000,0.225000,1
114.985000,115.225000,115.250900,114.930000,0.240000,0.320900,2
115.240000,114.980000,115.405000,114.980000,-0.260000,0.425000,1
115.090000,115.990000,116.070000,115.020000,0.900000,1.050000,2
115.565000,115.070000,115.820000,115.070000,-0.495000,0.750000,1
115.392300,115.540000,115.750000,115.340000,0.147700,0.410000,2
115.460000,115.370000,115.560000,115.270000,-0.090000,0.290000,1
115.330000,115.420000,115.525000,115.250000,0.090000,0.275000,1
115.230000,115.380000,115.380000,115.060000,0.150000,0.320000,2
115.240000,115.190000,115.250000,115.035000,-0.050000,0.215000,1
114.720000,115.250000,115.260000,114.680000,0.530000,0.580000,1
114.540000,114.710000,114.754300,114.400000,0.170000,0.354300,1
114.400000,114.590000,114.590000,114.330000,0.190000,0.260000,2
114.590000,114.400000,114.630000,114.370000,-0.190000,0.260000,2
114.770000,114.580000,114.870000,114.560000,-0.190000,0.310000,1
114.490000,114.770000,114.770000,114.450000,0.280000,0.320000,1
114.390000,114.480000,114.510000,114.350000,0.090000,0.160000,1
114.330000,114.400000,114.500000,114.285800,0.070000,0.214200,1
114.200000,114.390000,114.390000,114.110100,0.190000,0.279900,2
114.390000,114.210000,114.400000,114.015000,-0.180000,0.385000,1
114.360000,114.390000,114.510000,114.320000,0.030000,0.190000,1
114.360000,114.350000,114.521000,114.330100,-0.010000,0.190900,1
114.240000,114.375000,114.450000,114.170000,0.135000,0.280000,2
114.610000,114.250000,114.690000,114.250000,-0.360000,0.440000,2
114.640000,114.630000,114.760000,114.520000,-0.010000,0.240000,2
114.810000,114.660000,114.810100,114.480000,-0.150000,0.330100,1
114.450000,114.800000,114.810000,114.450000,0.350000,0.360000,2
114.575600,114.480000,114.580000,114.370000,-0.095600,0.210000,2
114.630000,114.590000,114.770000,114.555000,-0.040000,0.215000,1
114.060000,114.210000,114.620000,114.000000,0.150000,0.620000,2
114.320000,114.600000,114.620000,114.190000,0.280000,0.430000,1
114.060000,114.280000,114.410000,114.000000,0.220000,0.410000,2
114.530000,114.020000,114.660000,114.020000,-0.510000,0.640000,2
114.630000,114.530000,114.670000,114.490000,-0.100000,0.180000,1
114.390000,114.545000,114.545000,114.360000,0.155000,0.185000,1
114.380000,114.410000,114.465000,114.280000,0.030000,0.185000,1
114.320000,114.390000,114.405000,114.220000,0.070000,0.185000,1
114.300000,114.370000,114.370000,114.240000,0.070000,0.130000,1
114.280000,114.320000,114.320000,114.220000,0.040000,0.100000,2
114.290000,114.300000,114.310000,114.220000,0.010000,0.090000,2
114.350000,114.280000,114.370000,114.257900,-0.070000,0.112100,2
114.450000,114.310000,114.470000,114.180000,-0.140000,0.290000,1
114.350000,114.425000,114.425000,114.320000,0.075000,0.105000,1
114.325000,114.329900,114.380000,114.320000,0.004900,0.060000,1
114.145000,114.340000,114.340000,114.090000,0.195000,0.250000,1
114.090000,114.160000,114.160000,114.000000,0.070000,0.160000,2
114.105000,114.050000,114.145000,114.030000,-0.055000,0.115000,2
114.120000,114.080000,114.150000,114.040000,-0.040000,0.110000,1
114.000000,114.120000,114.150000,113.970000,0.120000,0.180000,2
114.030000,113.981500,114.070000,113.950000,-0.048500,0.120000,1
113.970000,114.060000,114.070000,113.970000,0.090000,0.100000,1
113.920000,113.980000,113.997300,113.920000,0.060000,0.077300,1
113.910000,113.960000,113.990000,113.890000,0.050000,0.100000,2
113.992500,113.880000,114.010000,113.880000,-0.112500,0.130000,1
113.790000,114.010000,114.010000,113.690000,0.220000,0.320000,1
113.710000,113.770000,113.840000,113.710000,0.060000,0.130000,1
113.520000,113.705000,113.705000,113.435000,0.185000,0.270000,2
113.610000,113.520000,113.680000,113.510000,-0.090000,0.170000,1
113.480000,113.600000,113.620000,113.410000,0.120000,0.210000,2
113.585500,113.470000,113.600000,113.360000,-0.115500,0.240000,2
113.640000,113.560000,113.660000,113.560000,-0.080000,0.100000,2
113.750000,113.669900,113.760000,113.643800,-0.080100,0.116200,2
113.890000,113.760000,113.913800,113.760000,-0.130000,0.153800,2
114.110000,113.885000,114.110000,113.830000,-0.225000,0.280000,2
114.220000,114.130000,114.240000,114.065000,-0.090000,0.175000,1
114.100000,114.230000,114.310000,114.090000,0.130000,0.220000,2
114.130000,114.090000,114.140000,114.040000,-0.040000,0.100000,2
114.160000,114.120000,114.200000,114.110000,-0.040000,0.090000,2
114.240000,114.210000,114.260000,114.170000,-0.030000,0.090000,1
114.140000,114.260000,114.300000,114.130000,0.120000,0.170000,1
114.065100,114.140000,114.210000,114.065100,0.074900,0.144900,2
114.100000,114.055000,114.100000,113.980000,-0.045000,0.120000,2
114.245000,114.110100,114.265000,114.060000,-0.134900,0.205000,1
114.180000,114.240000,114.240000,114.160000,0.060000,0.080000,1
114.090000,114.180000,114.240000,114.090000,0.090000,0.150000,2
114.130000,114.095000,114.130000,114.040000,-0.035000,0.090000,1
114.090000,114.150000,114.210000,114.090000,0.060000,0.120000,2
114.200000,114.070000,114.230000,114.070000,-0.130000,0.160000,1
114.190000,114.205000,114.230000,114.160000,0.015000,0.070000,2
114.370000,114.210000,114.370000,114.200000,-0.160000,0.170000,2
114.480000,114.360000,114.490000,114.350000,-0.120000,0.140000,1
114.465000,114.470000,114.510000,114.430000,0.005000,0.080000,2
114.521800,114.450000,114.530000,114.450000,-0.071800,0.080000,2
115.000000,114.539900,115.070000,114.520000,-0.460100,0.550000,2
115.655000,115.019900,115.770000,115.015000,-0.635100,0.755000,1
115.330000,115.658000,115.740000,115.260000,0.328000,0.480000,1
115.282700,115.300000,115.520000,115.230000,0.017300,0.290000,1
115.220000,115.280000,115.440000,115.130000,0.060000,0.310000,1
115.110000,115.222200,115.340000,115.110000,0.112200,0.230000,2
115.320000,115.130000,115.460000,115.130000,-0.190000,0.330000,1
115.230000,115.320000,115.345100,115.225000,0.090000,0.120100,1
115.160000,115.200000,115.250000,115.140300,0.040000,0.109700,1
115.130000,115.200000,115.200000,115.080000,0.070000,0.120000,1
115.010000,115.110000,115.150000,114.980000,0.100000,0.170000,1
114.985000,115.000000,115.100000,114.980000,0.015000,0.120000,2
115.260000,114.960000,115.260000,114.945000,-0.300000,0.315000,2
115.275000,115.269900,115.290000,115.130000,-0.005100,0.160000,2
115.360000,115.260000,115.435000,115.260000,-0.100000,0.175000,2
115.565000,115.420000,115.610000,115.390000,-0.145000,0.220000,1
115.455000,115.570000,115.650000,115.455000,0.115000,0.195000,2
115.460000,115.470000,115.540000,115.420000,0.010000,0.120000,1
115.360000,115.460000,115.530000,115.350000,0.100000,0.180000,2
115.450000,115.360000,115.450000,115.320000,-0.090000,0.130000,2
115.510000,115.470000,115.560000,115.460000,-0.040000,0.100000,2
115.525000,115.510000,115.562500,115.460000,-0.015000,0.102500,1
115.340000,115.520000,115.520000,115.330000,0.180000,0.190000,1
115.340000,115.330000,115.399900,115.230000,-0.010000,0.169900,1
114.610000,114.700000,114.720000,114.150000,0.090000,0.570000,1
114.150000,114.610000,114.650000,114.060000,0.460000,0.590000,1
113.950000,114.120000,114.170000,113.930000,0.170000,0.240000,1
113.930000,113.930000,114.090000,113.680000,0.000000,0.410000,2
114.370000,113.910000,114.370000,113.810000,-0.460000,0.560000,1
114.330000,114.330000,114.410000,114.150000,0.000000,0.260000,2
114.470000,114.330000,114.660000,114.330000,-0.140000,0.330000,2
114.480000,114.500000,114.630000,114.470000,0.020000,0.160000,2
114.505000,114.530000,114.570000,114.400100,0.025000,0.169900,2
114.660000,114.505000,114.700000,114.505000,-0.155000,0.195000,1
114.620000,114.640000,114.673100,114.440000,0.020000,0.233100,2
114.820000,114.630000,114.840000,114.607600,-0.190000,0.232400,1
114.720000,114.842000,114.950000,114.720000,0.122000,0.230000,1
114.550000,114.720000,114.765000,114.480000,0.170000,0.285000,2
114.590000,114.580000,114.660000,114.505000,-0.010000,0.155000,1
114.450000,114.535000,114.630000,114.370000,0.085000,0.260000,1
114.320000,114.490000,114.510000,114.320000,0.170000,0.190000,1
114.210000,114.340000,114.420000,114.210000,0.130000,0.210000,1
114.160000,114.200000,114.200000,114.090000,0.040000,0.110000,1
114.040000,114.160000,114.170000,114.040000,0.120000,0.130000,2
114.130000,114.090000,114.130000,114.000000,-0.040000,0.130000,1
114.120000,114.150000,114.250000,114.085000,0.030000,0.165000,2
114.285000,114.220000,114.310000,114.180000,-0.065000,0.130000,2
114.405000,114.300000,114.410000,114.300000,-0.105000,0.110000,2
114.440000,114.380000,114.450000,114.335000,-0.060000,0.115000,2
114.530000,114.460000,114.570000,114.460000,-0.070000,0.110000,2
114.550000,114.510000,114.580000,114.490000,-0.040000,0.090000,2
114.570000,114.560000,114.610000,114.460000,-0.010000,0.150000,2
114.795000,114.580000,114.795000,114.580000,-0.215000,0.215000,2
114.900000,114.810000,114.900000,114.810000,-0.090000,0.090000,2
114.950000,114.920000,115.030000,114.920000,-0.030000,0.110000,1
114.890000,114.940000,114.971600,114.870000,0.050000,0.101600,1
114.800000,114.895200,114.967300,114.800000,0.095200,0.167300,1
114.725000,114.815000,114.815000,114.700000,0.090000,0.115000,1
114.640000,114.730000,114.770000,114.640000,0.090000,0.130000,2
114.670000,114.660000,114.710000,114.645000,-0.010000,0.065000,2
114.715000,114.650000,114.750000,114.640000,-0.065000,0.110000,1
114.700000,114.740000,114.760000,114.680000,0.040000,0.080000,1
114.530000,114.710000,114.730000,114.516500,0.180000,0.213500,1
114.445000,114.520000,114.610000,114.360000,0.075000,0.250000,2
114.470000,114.470000,114.540000,114.440000,0.000000,0.100000,2
114.670000,114.490000,114.670000,114.490000,-0.180000,0.180000,1
114.620000,114.670000,114.720000,114.590000,0.050000,0.130000,2
114.695000,114.610000,114.750000,114.610000,-0.085000,0.140000,2
114.750000,114.720000,114.760000,114.700000,-0.030000,0.060000,2
114.760000,114.780000,114.850000,114.760000,0.020000,0.090000,2
114.940000,114.790000,114.985000,114.770000,-0.150000,0.215000,1
114.930000,114.960000,114.960000,114.880000,0.030000,0.080000,1
114.920000,114.930000,114.940000,114.870000,0.010000,0.070000,1
114.820000,114.880000,114.917900,114.740000,0.060000,0.177900,2
114.830000,114.840000,114.860000,114.735100,0.010000,0.124900,1
114.780000,114.800000,114.870000,114.780000,0.020000,0.090000,2
114.790000,114.780000,114.830000,114.740000,-0.010000,0.090000,2
114.810000,114.790000,114.860000,114.773300,-0.020000,0.086700,1
114.745000,114.810000,114.820000,114.740000,0.065000,0.080000,1
114.680000,114.750000,114.775000,114.630000,0.070000,0.145000,2
114.790000,114.700000,114.790000,114.660100,-0.090000,0.129900,2
114.840000,114.800000,114.900000,114.800000,-0.040000,0.100000,2
114.940000,114.860000,114.970000,114.820000,-0.080000,0.150000,1
114.885000,114.930000,114.950000,114.870000,0.045000,0.080000,2
114.940000,114.915000,114.970000,114.889300,-0.025000,0.080700,1
114.890000,114.960000,114.960000,114.870000,0.070000,0.090000,2
114.895800,114.910000,114.950000,114.890000,0.014200,0.060000,1
114.850000,114.895000,114.910000,114.830000,0.045000,0.080000,2
114.980000,114.850000,114.980000,114.850000,-0.130000,0.130000,1
114.820000,114.970000,114.970000,114.820000,0.150000,0.150000,1
114.725000,114.811600,114.820000,114.720000,0.086600,0.100000,2
114.850000,114.720000,114.850000,114.720000,-0.130000,0.130000,2
114.855000,114.840000,114.860000,114.790000,-0.015000,0.070000,2
114.860000,114.840000,114.900000,114.810000,-0.020000,0.090000,1
114.710000,114.870000,114.880000,114.710000,0.160000,0.170000,2
114.750000,114.700000,114.780000,114.700000,-0.050000,0.080000,1
114.700000,114.740000,114.740000,114.646300,0.040000,0.093700,1
114.690000,114.690000,114.730000,114.680000,0.000000,0.050000,1
114.660000,114.675000,114.680000,114.600100,0.015000,0.079900,2
114.875000,114.670000,114.945000,114.670000,-0.205000,0.275000,1
114.755000,114.860000,114.860000,114.620000,0.105000,0.240000,1
114.520000,114.750000,114.760000,114.510000,0.230000,0.250000,1
114.350000,114.650000,114.780000,114.300000,0.300000,0.480000,2
114.510000,114.400000,114.660000,114.400000,-0.110000,0.260000,2
114.640000,114.500000,114.770000,114.445000,-0.140000,0.325000,2
114.670000,114.630000,114.860000,114.610000,-0.040000,0.250000,1
114.560000,114.590000,114.810000,114.520000,0.030000,0.290000,1
114.370000,114.544200,114.650000,114.360000,0.174200,0.290000,1
114.100000,114.370000,114.395000,114.030000,0.270000,0.365000,2
114.300000,114.130000,114.300000,114.060000,-0.170000,0.240000,2
114.440000,114.292600,114.570000,114.275000,-0.147400,0.295000,2
114.490000,114.440000,114.492700,114.265000,-0.050000,0.227700,2
114.680000,114.488800,114.710000,114.488800,-0.191200,0.221200,2
114.910000,114.680000,114.910000,114.580000,-0.230000,0.330000,1
114.571000,114.840000,114.950000,114.571000,0.269000,0.379000,2
114.630000,114.550000,114.690000,114.543800,-0.080000,0.146200,1
114.610000,114.670000,114.785000,114.580000,0.060000,0.205000,1
114.380000,114.560000,114.650000,114.350000,0.180000,0.300000,2
114.490000,114.400000,114.620000,114.370000,-0.090000,0.250000,2
114.500000,114.480000,114.500000,114.360000,-0.020000,0.140000,1
114.370000,114.480000,114.640000,114.370000,0.110000,0.270000,1
114.330000,114.390000,114.390000,114.290000,0.060000,0.100000,1
114.170000,114.380000,114.380000,114.170000,0.210000,0.210000,1
