180.000100,179.880000,180.080000,179.090000,-0.120100,0.990000,1
179.650000,179.980000,180.020000,179.340000,0.330000,0.680000,1
179.640000,179.620000,179.709000,179.260000,-0.020000,0.449000,2
179.680000,179.654000,179.830000,179.500000,-0.026000,0.330000,2
179.850000,179.680000,179.940000,179.560000,-0.170000,0.380000,1
179.830000,179.850000,180.000000,179.705000,0.020000,0.295000,2
180.070000,179.855400,180.080000,179.810000,-0.214600,0.270000,2
180.140000,180.000000,180.600000,179.760000,-0.140000,0.840000,2
180.270000,180.136200,180.360000,180.000000,-0.133800,0.360000,2
180.700000,180.291000,180.880000,180.260000,-0.409000,0.620000,2
181.100000,180.700000,181.180000,180.690000,-0.400000,0.490000,1
181.020000,181.080000,181.080000,180.730000,0.060000,0.350000,2
181.120000,181.000000,181.135000,180.920000,-0.120000,0.215000,2
181.170000,181.129000,181.189000,181.026400,-0.041000,0.162600,2
181.920100,181.670000,182.115000,181.340000,-0.250100,0.775000,1
181.360000,181.970000,182.090000,181.260000,0.610000,0.830000,2
181.820000,181.350000,181.920000,181.290000,-0.470000,0.630000,1
181.700000,181.820000,182.035000,181.664200,0.120000,0.370800,2
181.920000,181.700000,182.060000,181.632500,-0.220000,0.427500,1
181.800000,181.915000,181.940000,181.680000,0.115000,0.260000,1
181.740000,181.790000,181.870000,181.660000,0.050000,0.210000,1
181.660000,181.580000,181.860000,181.060000,-0.080000,0.800000,2
182.140000,181.630000,182.350000,181.450000,-0.510000,0.900000,1
181.800000,182.160000,182.290000,181.640000,0.360000,0.650000,2
181.860000,181.810000,182.060000,181.810000,-0.050000,0.250000,2
182.210000,181.880000,182.230000,181.810000,-0.330000,0.420000,1
182.170000,182.220000,182.230000,182.000000,0.050000,0.230000,1
181.910000,182.175000,182.275000,181.900000,0.265000,0.375000,2
182.410000,181.950000,182.440000,181.650000,-0.460000,0.790000,1
182.360000,182.410000,182.520000,182.111000,0.050000,0.409000,1
182.260000,182.329000,182.400000,181.980000,0.069000,0.420000,2
182.450000,182.260000,182.490000,182.250000,-0.190000,0.240000,1
182.396700,182.460000,182.620000,182.340000,0.063300,0.280000,1
182.170000,182.410000,182.530000,182.170000,0.240000,0.360000,1
181.850000,182.160000,182.210000,181.765000,0.310000,0.445000,1
180.850000,180.661000,181.210000,180.400000,-0.189000,0.810000,2
180.930000,180.850000,181.170000,180.470000,-0.080000,0.700000,2
181.000000,180.960000,181.130000,180.750000,-0.040000,0.380000,1
180.800000,180.990000,181.080000,180.700000,0.190000,0.380000,1
179.880000,180.820000,180.830000,179.880000,0.940000,0.950000,2
180.600000,179.890000,180.721100,179.850000,-0.710000,0.871100,1
180.500000,180.650000,180.650000,180.385000,0.150000,0.265000,2
181.830000,180.860000,182.000000,180.769000,-0.970000,1.231000,1
180.890000,181.860000,181.980000,180.881500,0.970000,1.098500,1
180.500000,180.900000,181.043600,180.370000,0.400000,0.673600,2
180.745000,180.480000,180.790000,180.260000,-0.265000,0.530000,2
181.130000,180.770000,181.160000,180.620000,-0.360000,0.540000,1
180.538500,181.160000,181.180000,180.490000,0.621500,0.690000,1
180.360000,180.560000,180.740000,180.251500,0.200000,0.488500,2
180.710000,181.030000,181.190000,180.040100,0.320000,1.149900,2
181.255000,180.710000,181.391700,180.680000,-0.545000,0.711700,2
181.640000,181.315000,181.650000,181.105000,-0.325000,0.545000,1
181.320000,181.640000,181.650000,181.220000,0.320000,0.430000,2
181.330000,181.320000,181.600000,181.220000,-0.010000,0.380000,2
181.600000,181.330000,181.645000,181.330000,-0.270000,0.315000,1
181.470000,181.600000,181.650000,181.390000,0.130000,0.260000,1
178.263000,180.080000,180.580000,178.263000,1.817000,2.317000,2
178.750000,178.260000,178.960000,178.130000,-0.490000,0.830000,2
178.850000,178.800000,179.100000,178.270000,-0.050000,0.830000,1
178.790000,178.870000,179.270000,178.690000,0.080000,0.580000,1
178.472300,178.790000,179.060000,178.370000,0.317700,0.690000,2
179.150000,178.450000,179.300000,178.390000,-0.700000,0.910000,2
179.300000,179.150000,179.515000,179.150000,-0.150000,0.365000,2
180.550000,180.620000,180.680000,180.080000,0.070000,0.600000,2
180.800000,180.545500,180.840000,180.210000,-0.254500,0.630000,1
180.780000,180.820000,180.980000,180.670000,0.040000,0.310000,1
180.600000,180.790000,180.810000,180.520000,0.190000,0.290000,1
180.030000,180.600000,180.650000,180.030000,0.570000,0.620000,2
180.080000,180.000000,180.198500,179.780000,-0.080000,0.418500,1
179.820000,180.080000,180.080000,179.470000,0.260000,0.610000,1
178.390000,179.370000,179.710000,178.270000,0.980000,1.440000,2
179.030000,178.440000,179.030000,178.350000,-0.590000,0.680000,2
179.315000,179.050000,179.590000,178.975000,-0.265000,0.615000,1
178.950000,179.327700,179.330000,178.910000,0.377700,0.420000,2
180.000000,178.940000,180.090000,178.940000,-1.060000,1.150000,1
179.890000,180.000000,180.310000,179.810000,0.110000,0.500000,1
179.860000,179.895000,180.135000,179.800000,0.035000,0.335000,1
179.350000,180.250000,180.310000,179.070000,0.900000,1.240000,1
179.350000,179.320000,179.550000,179.000100,-0.030000,0.549900,2
179.660000,179.360000,179.700000,179.240000,-0.300000,0.460000,2
179.830000,179.680000,179.850000,179.520000,-0.150000,0.330000,2
180.000000,179.825000,180.100000,179.780000,-0.175000,0.320000,1
179.800000,180.010000,180.050000,179.660000,0.210000,0.390000,1
179.710000,179.780000,179.935000,179.660000,0.070000,0.275000,2
180.760000,180.230000,180.920000,180.140000,-0.530000,0.780000,1
180.590000,180.800000,180.925000,180.400100,0.210000,0.524900,2
181.240000,180.600000,181.260000,180.575000,-0.640000,0.685000,1
181.190000,181.240000,181.430000,181.080000,0.050000,0.350000,1
180.983000,181.190000,181.250000,180.940000,0.207000,0.310000,1
180.480000,180.960000,180.960000,180.325000,0.480000,0.635000,1
180.340000,180.490000,180.615000,180.160000,0.150000,0.455000,1
180.150000,179.960000,180.590000,179.750000,-0.190000,0.840000,2
181.080000,180.250000,181.080000,180.230000,-0.830000,0.850000,1
180.889900,181.090000,181.205500,180.810000,0.200100,0.395500,2
180.930000,180.900000,181.010100,180.730100,-0.030000,0.280000,1
180.860000,180.921000,181.150000,180.680000,0.061000,0.470000,2
181.107400,180.879900,181.140000,180.750000,-0.227500,0.390000,1
181.020000,181.110000,181.270000,180.995000,0.090000,0.275000,2
182.013100,180.760000,182.030000,180.760000,-1.253100,1.270000,1
180.890000,182.045000,182.045000,180.605000,1.155000,1.440000,2
181.280100,180.870000,181.290000,180.500000,-0.410100,0.790000,1
181.232500,181.290000,181.320000,180.965000,0.057500,0.355000,2
181.315000,181.240000,181.405200,181.080000,-0.075000,0.325200,1
181.170000,181.310000,181.415000,181.085000,0.140000,0.330000,1
180.800000,181.190000,181.200000,180.650000,0.390000,0.550000,2
181.960000,181.420000,182.020000,181.390000,-0.540000,0.630000,2
182.320000,181.980000,182.530000,181.930000,-0.340000,0.600000,2
182.490000,182.330000,182.620000,182.320000,-0.160000,0.300000,1
182.340000,182.460000,182.530000,182.230000,0.120000,0.300000,2
182.500000,182.330000,182.520000,182.090000,-0.170000,0.430000,1
182.440000,182.510000,182.550000,182.330000,0.070000,0.220000,2
182.480000,182.435000,182.630000,182.350000,-0.045000,0.280000,2
184.180000,183.420000,184.200000,183.120000,-0.760000,1.080000,1
184.130000,184.160000,184.280000,183.922100,0.030000,0.357900,2
184.231500,184.090000,184.285000,183.890000,-0.141500,0.395000,1
184.100000,184.230000,184.280000,184.050000,0.130000,0.230000,2
184.120000,184.100000,184.240000,183.985000,-0.020000,0.255000,2
184.190000,184.110000,184.270000,184.020100,-0.080000,0.249900,2
184.280000,184.170000,184.325000,184.100000,-0.110000,0.225000,2
184.615000,184.840000,185.000000,184.505000,0.225000,0.495000,2
184.670000,184.615000,184.745000,184.360000,-0.055000,0.385000,1
184.510000,184.670000,184.670000,184.225000,0.160000,0.445000,2
184.550000,184.550000,184.750000,184.500000,0.000000,0.250000,2
184.730000,184.549000,184.820000,184.500000,-0.181000,0.320000,1
184.610000,184.719900,184.770000,184.530000,0.109900,0.240000,1
184.590000,184.620000,184.670000,184.320000,0.030000,0.350000,2
185.680000,184.920000,185.680000,184.860000,-0.760000,0.820000,2
186.400000,185.670000,186.440000,185.623400,-0.730000,0.816600,1
186.390000,186.400000,186.530000,186.240000,0.010000,0.290000,2
186.400000,186.395000,186.500000,186.280000,-0.005000,0.220000,2
186.420000,186.400000,186.520000,186.330000,-0.020000,0.190000,2
186.750000,186.405000,186.795000,186.375000,-0.345000,0.420000,1
186.750000,186.740000,186.840000,186.660000,-0.010000,0.180000,1
186.700000,186.390000,186.760000,186.190000,-0.310000,0.570000,1
186.640000,186.690000,187.120000,186.559900,0.050000,0.560100,2
187.080000,186.650000,187.125000,186.540000,-0.430000,0.585000,2
187.490000,187.080000,187.510000,187.070000,-0.410000,0.440000,1
186.423800,187.480000,187.480000,186.270000,1.056200,1.210000,1
186.270000,186.440000,186.840000,185.790000,0.170000,1.050000,2
186.350000,186.280000,186.380000,186.110000,-0.070000,0.270000,2
186.960000,186.215000,187.180000,186.180000,-0.745000,1.000000,1
186.580000,186.960000,187.110000,186.580000,0.380000,0.530000,1
186.470000,186.590000,186.720000,186.190000,0.120000,0.530000,1
186.425000,186.460000,186.585000,186.220000,0.035000,0.365000,1
186.160000,186.421000,186.490000,185.980000,0.261000,0.510000,1
186.140000,186.170000,186.500000,186.090000,0.030000,0.410000,2
186.610000,186.180000,186.729900,186.180000,-0.430000,0.549900,1
185.745000,186.100000,186.290000,184.859500,0.355000,1.430500,2
186.070000,185.755000,186.390000,185.600000,-0.315000,0.790000,1
185.230000,186.070000,186.220000,184.970000,0.840000,1.250000,2
185.650000,185.250000,185.719900,185.170000,-0.400000,0.549900,2
185.830000,185.650000,185.900000,185.340000,-0.180000,0.560000,2
185.900000,185.840000,186.059000,185.760000,-0.060000,0.299000,1
185.870000,185.890000,185.950000,185.590000,0.020000,0.360000,1
183.570000,185.540000,185.540000,183.070000,1.970000,2.470000,1
183.000000,183.570000,183.769200,182.830000,0.570000,0.939200,2
183.930000,182.980000,183.970000,182.910000,-0.950000,1.060000,2
184.060000,183.930000,184.270000,183.660000,-0.130000,0.610000,1
183.750000,184.020000,184.220000,183.580000,0.270000,0.640000,1
183.430000,183.770000,183.960000,183.335000,0.340000,0.625000,2
183.470000,183.443900,183.580000,183.020000,-0.026100,0.560000,1
182.360000,183.540000,183.750000,181.880000,1.180000,1.870000,1
181.420000,182.355000,182.355000,180.740000,0.935000,1.615000,1
181.345000,181.420000,181.748500,181.270000,0.075000,0.478500,1
181.230000,181.330000,181.480000,180.590000,0.100000,0.890000,1
181.150000,181.240000,181.605000,181.031000,0.090000,0.574000,2
182.020000,181.150000,182.060000,181.150000,-0.870000,0.910000,1
181.830000,182.010000,182.079000,181.750000,0.180000,0.329000,2
182.128900,180.610000,182.450000,180.440000,-1.518900,2.010000,2
182.360000,182.110000,182.559000,181.980000,-0.250000,0.579000,1
181.250000,182.370000,182.670000,181.070000,1.120000,1.600000,2
181.620000,181.235000,182.020000,181.180000,-0.385000,0.840000,2
181.830000,181.605000,181.840000,181.250000,-0.225000,0.590000,1
181.680000,181.840000,181.880000,181.530000,0.160000,0.350000,1
181.250000,181.710000,181.740000,180.970000,0.460000,0.770000,1
181.060000,182.150000,182.240000,180.730000,1.090000,1.510000,2
181.740000,181.070000,181.790000,180.901800,-0.670000,0.888200,1
181.310900,181.720000,181.800000,181.220000,0.409100,0.580000,2
181.620000,181.290000,181.670000,181.210000,-0.330000,0.460000,2
181.630000,181.640000,181.740000,181.420000,0.010000,0.320000,2
181.700000,181.640000,181.870000,181.565200,-0.060000,0.304800,2
181.720000,181.700000,181.790000,181.510000,-0.020000,0.280000,2
182.160000,180.990000,182.290000,180.530000,-1.170000,1.760000,2
182.290000,182.180000,182.350000,181.640000,-0.110000,0.710000,2
183.070000,182.290000,183.410000,182.270000,-0.780000,1.140000,1
182.620000,183.070000,183.198400,182.530000,0.450000,0.668400,2
183.160000,182.620000,183.220000,182.590000,-0.540000,0.630000,1
183.010000,183.150000,183.240000,182.960000,0.140000,0.280000,2
183.120000,183.010000,183.200000,182.924700,-0.110000,0.275300,1
181.670000,182.870000,182.980000,181.505000,1.200000,1.475000,2
182.480000,181.680000,182.610000,181.020000,-0.800000,1.590000,1
182.320000,182.500000,182.760000,181.540000,0.180000,1.220000,2
182.560000,182.310000,182.590000,182.070000,-0.250000,0.520000,1
182.080000,182.560000,182.690000,181.975000,0.480000,0.715000,2
182.619000,182.100000,182.630000,181.820000,-0.519000,0.810000,1
182.590000,182.620000,182.700000,182.480000,0.030000,0.220000,2
184.010000,183.720000,184.780000,183.650000,-0.290000,1.130000,2
184.360000,184.040000,184.480000,183.700000,-0.320000,0.780000,2
184.600000,184.400000,184.870000,184.190000,-0.200000,0.680000,1
184.410000,184.590000,184.810000,184.300000,0.180000,0.510000,1
184.270000,184.410000,184.620000,184.020000,0.140000,0.600000,1
184.170000,184.250000,184.490000,184.130000,0.080000,0.360000,2
184.440000,184.150000,184.450000,184.060000,-0.290000,0.390000,2
184.620000,184.660000,184.913700,184.220000,0.040000,0.693700,1
184.460000,184.660000,184.940000,184.330000,0.200000,0.610000,1
183.490000,184.480000,184.580000,183.370000,0.990000,1.210000,2
183.820000,183.460000,183.860000,183.260000,-0.360000,0.600000,2
183.980000,183.820000,184.120000,183.795000,-0.160000,0.325000,1
183.920000,183.990000,184.130000,183.890000,0.070000,0.240000,2
184.000000,183.920000,184.250000,183.920000,-0.080000,0.330000,1
182.440000,183.650000,183.800000,182.080000,1.210000,1.720000,1
182.170000,182.388300,182.510000,181.780000,0.218300,0.730000,2
182.360000,182.940000,183.070000,182.080000,0.580000,0.990000,2
182.950000,182.940000,183.070000,182.670000,-0.010000,0.400000,1
182.360000,182.950000,182.960000,182.080000,0.590000,0.880000,2
182.420000,182.320000,182.540000,182.130000,-0.100000,0.410000,1
182.260000,182.390000,182.510000,182.230000,0.130000,0.280000,1
181.978200,182.269000,182.360000,181.790000,0.290800,0.570000,2
182.369900,181.950000,182.369900,181.940000,-0.419900,0.429900,1
182.210000,182.370000,182.510000,182.091000,0.160000,0.419000,2
182.360000,182.195000,182.410000,182.176400,-0.165000,0.233600,2
182.460000,182.370000,182.510900,182.230000,-0.090000,0.280900,2
182.495300,182.490000,182.590000,182.440000,-0.005300,0.150000,2
182.610000,182.480000,182.730000,182.470000,-0.130000,0.260000,1
182.510000,182.620000,182.635000,182.410000,0.110000,0.225000,2
182.540000,182.505000,182.710000,182.320000,-0.035000,0.390000,1
182.370000,182.540000,182.640000,182.370000,0.170000,0.270000,1
182.240000,182.360000,182.440000,182.200000,0.120000,0.240000,1
182.200000,182.229900,182.260000,182.000000,0.029900,0.260000,2
182.400000,182.220000,182.640000,182.150000,-0.180000,0.490000,2
182.460000,182.390100,182.510000,182.310000,-0.069900,0.200000,1
182.370000,182.430000,182.540000,182.350000,0.060000,0.190000,1
182.350000,182.370000,182.450000,182.320000,0.020000,0.130000,1
182.130000,182.370000,182.370000,182.040000,0.240000,0.330000,1
181.900000,182.120000,182.200000,181.855000,0.220000,0.345000,1
181.650000,181.930000,181.960000,181.510000,0.280000,0.450000,1
181.405000,181.650000,181.660000,181.250000,0.245000,0.410000,1
181.370000,181.400000,181.555000,181.170000,0.030000,0.385000,2
182.530000,181.520000,182.670000,181.420000,-1.010000,1.250000,2
182.710000,182.580000,182.898400,182.555000,-0.130000,0.343400,2
183.054700,182.750000,183.100000,182.650000,-0.304700,0.450000,1
183.030000,183.110000,183.235000,182.930000,0.080000,0.305000,2
183.090000,183.030000,183.150000,182.750000,-0.060000,0.400000,2
183.300000,183.090000,183.300000,182.980000,-0.210000,0.320000,2
183.355000,183.290000,183.360000,183.097500,-0.065000,0.262500,2
183.495000,183.360000,183.510000,183.350000,-0.135000,0.160000,2
183.600000,183.500000,183.645000,183.406000,-0.100000,0.239000,1
183.520000,183.640000,183.670000,183.390000,0.120000,0.280000,1
183.520000,183.540000,183.730000,183.480000,0.020000,0.250000,1
183.320000,183.535000,183.535000,183.300000,0.215000,0.235000,1
183.190000,183.280000,183.400000,183.170000,0.090000,0.230000,1
183.085000,183.190000,183.255000,182.970000,0.105000,0.285000,2
183.220000,183.140000,183.270000,183.110000,-0.080000,0.160000,1
183.040000,183.245000,183.320000,182.970000,0.205000,0.350000,2
183.080000,183.040000,183.110000,182.860000,-0.040000,0.250000,2
183.250000,183.020000,183.300000,182.970000,-0.230000,0.330000,2
183.260000,183.250000,183.320000,183.190000,-0.010000,0.130000,2
183.310000,183.260000,183.370000,183.130000,-0.050000,0.240000,2
183.340000,183.320000,183.460000,183.260000,-0.020000,0.200000,1
183.120000,183.335000,183.370000,183.070000,0.215000,0.300000,2
183.145000,183.110000,183.240000,183.060000,-0.035000,0.180000,2
183.220000,183.130000,183.270000,183.050000,-0.090000,0.220000,1
183.000000,183.210000,183.210000,182.970000,0.210000,0.240000,1
182.850000,182.990000,182.990000,182.790000,0.140000,0.200000,1
182.380000,182.870000,183.300000,182.219000,0.490000,1.081000,1
182.210000,182.360000,182.480000,182.040000,0.150000,0.440000,1
181.750000,182.190000,182.470000,181.680000,0.440000,0.790000,2
181.810000,181.730000,182.010000,181.510000,-0.080000,0.500000,2
182.000000,181.740000,182.050000,181.720000,-0.260000,0.330000,1
181.770000,181.980000,182.030000,181.570000,0.210000,0.460000,2
182.430000,181.750000,182.510000,181.640000,-0.680000,0.870000,1
182.290000,182.480000,182.650000,182.220000,0.190000,0.430000,2
182.300000,182.290000,182.450000,182.160000,-0.010000,0.290000,2
182.410000,182.280000,182.420000,182.090000,-0.130000,0.330000,1
182.200000,182.400000,182.490000,182.150000,0.200000,0.340000,1
182.170000,182.220000,182.280000,182.130000,0.050000,0.150000,1
182.020000,182.153300,182.220000,181.850000,0.133300,0.370000,2
182.210000,182.010000,182.210000,181.940000,-0.200000,0.270000,1
182.010000,182.180000,182.210000,181.960000,0.170000,0.250000,1
181.980000,182.040000,182.170000,181.930000,0.060000,0.240000,2
182.180000,181.980000,182.250000,181.970000,-0.200000,0.280000,2
182.320000,182.209900,182.350000,182.110100,-0.110100,0.239900,2
182.396000,182.300000,182.396000,182.210000,-0.096000,0.186000,2
182.410000,182.405000,182.460000,182.390000,-0.005000,0.070000,1
182.320000,182.420000,182.450000,182.310000,0.100000,0.140000,1
182.310000,182.300000,182.410000,182.290000,-0.010000,0.120000,2
182.380000,182.310000,182.410000,182.310000,-0.070000,0.100000,2
182.650000,182.385000,182.700000,182.320000,-0.265000,0.380000,2
182.870000,182.650000,182.870000,182.650000,-0.220000,0.220000,1
182.710000,182.860000,182.890000,182.700000,0.150000,0.190000,2
184.200000,183.960000,184.330000,183.520000,-0.240000,0.810000,2
184.220000,184.230000,184.290000,183.790000,0.010000,0.500000,2
184.610000,184.270000,184.670000,184.220000,-0.340000,0.450000,1
184.473300,184.630000,184.880000,184.450000,0.156700,0.430000,2
184.660000,184.495000,184.660000,184.270000,-0.165000,0.390000,1
184.330000,184.660000,184.709900,184.280000,0.330000,0.429900,2
184.400000,184.360000,184.610000,184.350000,-0.040000,0.260000,2
184.550000,184.420000,184.570000,184.300000,-0.130000,0.270000,2
184.831000,184.540000,184.850000,184.490000,-0.291000,0.360000,1
184.650000,184.850000,184.900000,184.560000,0.200000,0.340000,1
184.421500,184.650000,184.660000,184.360000,0.228500,0.300000,2
184.570000,184.440000,184.600000,184.440000,-0.130000,0.160000,2
184.669000,184.610000,184.669000,184.470000,-0.059000,0.199000,2
184.724600,184.670000,184.800000,184.640000,-0.054600,0.160000,2
184.740000,184.740000,184.810000,184.690000,0.000000,0.120000,1
184.690000,184.740000,184.770000,184.660000,0.050000,0.110000,1
184.660000,184.680000,184.776900,184.660000,0.020000,0.116900,2
184.730000,184.660000,184.750000,184.510000,-0.070000,0.240000,1
184.640000,184.720000,184.770000,184.625000,0.080000,0.145000,1
184.610000,184.640000,184.660000,184.500000,0.030000,0.160000,2
184.640000,184.630000,184.680000,184.550000,-0.010000,0.130000,2
184.750000,184.660000,184.780000,184.650000,-0.090000,0.130000,2
184.940000,184.760000,184.950000,184.750000,-0.180000,0.200000,1
184.860000,184.960000,184.970000,184.765000,0.100000,0.205000,1
184.720000,184.850000,184.900000,184.700000,0.130000,0.200000,1
184.640000,184.720000,184.800000,184.610000,0.080000,0.190000,2
185.260000,185.240000,185.460000,185.020000,-0.020000,0.440000,1
184.950000,185.290000,185.400000,184.860000,0.340000,0.540000,2
184.990000,184.930000,185.080000,184.810000,-0.060000,0.270000,1
184.340000,184.995000,185.020000,184.327500,0.655000,0.692500,1
184.310000,184.310000,184.470000,184.210000,0.000000,0.260000,2
184.330000,184.293300,184.420000,184.220000,-0.036700,0.200000,2
184.490000,184.310000,184.570000,184.060000,-0.180000,0.510000,2
184.680000,184.490000,184.690000,184.465000,-0.190000,0.225000,1
184.570000,184.720000,184.735600,184.526300,0.150000,0.209300,2
184.680000,184.610000,184.780000,184.610000,-0.070000,0.170000,2
184.800000,184.670000,184.890000,184.635000,-0.130000,0.255000,1
184.580100,184.800000,184.810000,184.570000,0.219900,0.240000,1
184.410000,184.620000,184.620000,184.380000,0.210000,0.240000,2
184.500000,184.420000,184.560000,184.420000,-0.080000,0.140000,1
184.370100,184.490000,184.540000,184.350000,0.119900,0.190000,1
184.320000,184.350000,184.480000,184.310000,0.030000,0.170000,1
184.320000,184.310000,184.410000,184.270000,-0.010000,0.140000,2
184.370000,184.290000,184.390000,184.210000,-0.080000,0.180000,1
183.990000,184.380000,184.380000,183.990000,0.390000,0.390000,2
184.160000,184.000000,184.190000,183.980000,-0.160000,0.210000,1
184.050000,184.170000,184.240000,184.040000,0.120000,0.200000,1
183.880000,184.050000,184.110000,183.840000,0.170000,0.270000,2
183.890000,183.870000,183.915000,183.791500,-0.020000,0.123500,1
183.760000,183.880000,183.880000,183.740000,0.120000,0.140000,1
183.530000,183.760000,183.760000,183.490000,0.230000,0.270000,2
183.675800,183.540000,183.815000,183.480000,-0.135800,0.335000,1
182.260000,182.040000,182.280000,181.320000,-0.220000,0.960000,2
182.615000,182.287500,182.817500,182.210000,-0.327500,0.607500,2
182.871100,182.665000,182.930000,182.460000,-0.206100,0.470000,1
182.620000,182.890000,182.900000,182.450000,0.270000,0.450000,1
182.540000,182.620000,183.040000,182.370000,0.080000,0.670000,2
182.780000,182.580000,182.780000,182.380200,-0.200000,0.399800,1
182.700000,182.800000,182.855000,182.490000,0.100000,0.365000,2
183.390000,182.740000,183.560000,182.720000,-0.650000,0.840000,1
183.320000,183.450000,183.490000,183.300000,0.130000,0.190000,2
183.384400,183.300100,183.425000,183.285000,-0.084300,0.140000,1
183.180000,183.397000,183.440000,183.110000,0.217000,0.330000,2
183.190000,183.210000,183.260000,183.150000,0.020000,0.110000,2
183.395000,183.190000,183.400000,183.110000,-0.205000,0.290000,1
183.150000,183.400000,183.500000,183.055000,0.250000,0.445000,2
183.180000,183.150000,183.240000,183.110000,-0.030000,0.130000,2
183.280000,183.190000,183.460000,183.140000,-0.090000,0.320000,2
183.650000,183.300000,183.680000,183.295000,-0.350000,0.385000,2
183.703100,183.670000,183.750000,183.625000,-0.033100,0.125000,2
183.720000,183.730000,183.790000,183.640000,0.010000,0.150000,1
183.520000,183.720000,183.720000,183.480000,0.200000,0.240000,2
183.589000,183.510000,183.631000,183.490000,-0.079000,0.141000,1
183.560000,183.580000,183.700000,183.560000,0.020000,0.140000,2
183.700000,183.560000,183.820000,183.535000,-0.140000,0.285000,2
183.710000,183.690000,183.760000,183.664900,-0.020000,0.095100,2
183.790000,183.740000,183.810000,183.620000,-0.050000,0.190000,2
183.850000,183.803500,183.960000,183.740000,-0.046500,0.220000,1
183.640000,183.800000,183.990000,183.430000,0.160000,0.560000,2
183.800000,183.650000,183.835000,183.399000,-0.150000,0.436000,1
183.670000,183.770000,183.920000,183.440000,0.100000,0.480000,1
183.510000,183.689000,183.780000,183.360000,0.179000,0.420000,2
183.810000,183.570000,183.880000,183.540000,-0.240000,0.340000,1
183.220000,183.830000,183.860000,183.210000,0.610000,0.650000,2
183.720000,183.210000,183.755200,183.180000,-0.510000,0.575200,2
183.960000,183.725000,184.030000,183.700000,-0.235000,0.330000,2
184.070000,183.990000,184.100000,183.950000,-0.080000,0.150000,2
184.100000,184.060000,184.205000,184.040000,-0.040000,0.165000,2
184.150000,184.130000,184.210000,184.070000,-0.020000,0.140000,1
184.100000,184.140000,184.170000,184.040000,0.040000,0.130000,1
183.835000,184.080000,184.090000,183.815000,0.245000,0.275000,2
183.890000,183.840000,183.969900,183.790000,-0.050000,0.179900,2
183.970000,183.900000,184.050000,183.775000,-0.070000,0.275000,2
184.055000,183.960000,184.070000,183.930000,-0.095000,0.140000,1
183.830000,184.045000,184.100000,183.725000,0.215000,0.375000,2
184.010000,183.859300,184.010000,183.805000,-0.150700,0.205000,2
184.093400,184.010000,184.093400,183.950000,-0.083400,0.143400,2
184.110000,184.060000,184.110000,184.030000,-0.050000,0.080000,1
184.000000,184.120000,184.120000,183.990000,0.120000,0.130000,2
184.040000,184.020000,184.070000,183.940000,-0.020000,0.130000,1
184.040000,184.050000,184.100000,183.970000,0.010000,0.130000,2
184.160000,184.050000,184.170000,183.990000,-0.110000,0.180000,2
184.170000,184.165000,184.270000,184.160000,-0.005000,0.110000,1
184.140000,184.180000,184.250000,184.060000,0.040000,0.190000,2
184.675000,184.230000,184.770000,184.170000,-0.445000,0.600000,1
184.660000,184.620000,184.720000,184.530000,-0.040000,0.190000,1
184.450000,184.680000,184.860000,184.380000,0.230000,0.480000,2
184.630700,184.440000,184.690000,184.430000,-0.190700,0.260000,2
184.910000,184.650000,185.010000,184.630000,-0.260000,0.380000,2
184.980000,184.920000,185.030000,184.790000,-0.060000,0.240000,2
185.090000,184.970000,185.140000,184.970000,-0.120000,0.170000,2
185.320000,185.120000,185.330000,185.110000,-0.200000,0.220000,1
185.230000,185.345000,185.380000,185.190000,0.115000,0.190000,2
185.240000,185.270000,185.360000,185.230000,0.030000,0.130000,1
185.180000,185.240000,185.240000,185.120000,0.060000,0.120000,1
185.165000,185.200000,185.200000,185.100000,0.035000,0.100000,1
185.066500,185.170000,185.190000,184.990000,0.103500,0.200000,2
185.200000,185.070000,185.230000,185.060000,-0.130000,0.170000,2
185.240000,185.220000,185.280000,185.170000,-0.020000,0.110000,1
185.200000,185.250000,185.320000,185.200000,0.050000,0.120000,1
185.070000,185.200000,185.210000,185.040000,0.130000,0.170000,2
185.135100,185.080000,185.190000,184.975000,-0.055100,0.215000,2
185.530000,185.100000,185.680000,185.050000,-0.430000,0.630000,2
185.789900,185.580000,185.990000,185.580000,-0.209900,0.410000,1
185.400000,185.780000,185.920000,185.393600,0.380000,0.526400,2
185.440000,185.370000,185.530000,185.250000,-0.070000,0.280000,1
185.280000,185.430000,185.430000,185.070000,0.150000,0.360000,2
185.490000,185.260000,185.590000,185.250000,-0.230000,0.340000,1
184.670000,185.480000,185.480000,184.640000,0.810000,0.840000,1
184.210000,184.675000,184.685000,183.910000,0.465000,0.775000,2
185.590000,185.060000,185.600000,184.940000,-0.530000,0.660000,2
185.645000,185.640000,185.770000,185.560000,-0.005000,0.210000,2
186.020000,185.635000,186.200000,185.630000,-0.385000,0.570000,2
186.040000,186.050000,186.120000,185.960000,0.010000,0.160000,2
186.140000,186.050000,186.190000,185.900000,-0.090000,0.290000,2
186.245000,186.110000,186.280000,186.020000,-0.135000,0.260000,1
186.160000,186.270000,186.440000,186.160000,0.110000,0.280000,1
186.068100,186.150000,186.210000,186.000000,0.081900,0.210000,2
186.147900,186.065000,186.150000,185.939900,-0.082900,0.210100,2
186.270000,186.170000,186.270000,186.075000,-0.100000,0.195000,1
186.250000,186.260000,186.280000,186.155000,0.010000,0.125000,2
186.405000,186.270000,186.410000,186.230000,-0.135000,0.180000,1
186.400000,186.400000,186.460000,186.280000,0.000000,0.180000,2
186.405000,186.410000,186.480000,186.390000,0.005000,0.090000,1
186.310000,186.400000,186.400000,186.240000,0.090000,0.160000,2
186.340000,186.330000,186.390000,186.240000,-0.010000,0.150000,1
186.330000,186.325400,186.410000,186.280000,-0.004600,0.130000,2
186.340000,186.330000,186.345000,186.245000,-0.010000,0.100000,1
186.200000,186.330000,186.350000,186.075000,0.130000,0.275000,1
186.140000,186.200000,186.255000,186.075000,0.060000,0.180000,1
185.965000,186.120000,186.170000,185.960000,0.155000,0.210000,2
185.974600,185.960000,186.100000,185.930000,-0.014600,0.170000,1
185.957400,185.990000,186.090000,185.830000,0.032600,0.260000,1
185.830000,185.935000,186.060000,185.780000,0.105000,0.280000,1
185.780000,185.840000,185.900000,185.690000,0.060000,0.210000,2
185.810000,185.760000,186.070000,185.640000,-0.050000,0.430000,1
185.400000,185.320000,185.680000,185.270000,-0.080000,0.410000,1
185.310000,185.330000,185.360000,184.980000,0.020000,0.380000,1
185.110000,185.320000,185.555000,185.090000,0.210000,0.465000,2
185.400000,185.090000,185.460000,185.050000,-0.310000,0.410000,2
185.600000,185.380000,185.720000,185.340000,-0.220000,0.380000,2
185.800000,185.560000,185.920000,185.550000,-0.240000,0.370000,2
186.140000,185.820000,186.170000,185.800000,-0.320000,0.370000,1
185.990000,186.180000,186.270000,185.970000,0.190000,0.300000,1
185.860000,186.000000,186.050000,185.790000,0.140000,0.260000,1
185.860000,185.870000,186.040000,185.830000,0.010000,0.210000,2
185.972500,185.830000,185.982500,185.790000,-0.142500,0.192500,1
185.750000,185.980000,186.000000,185.720000,0.230000,0.280000,1
185.710000,185.760000,185.890000,185.670000,0.050000,0.220000,1
185.610000,185.740000,185.743600,185.270000,0.130000,0.473600,1
185.520000,185.600000,185.648500,185.410000,0.080000,0.238500,2
185.719900,185.560000,185.730000,185.530000,-0.159900,0.200000,2
185.730000,185.730000,185.790000,185.700000,0.000000,0.090000,1
185.670000,185.730000,185.850000,185.640000,0.060000,0.210000,1
185.440000,185.640000,185.650000,185.310000,0.200000,0.340000,2
185.590000,185.440000,185.650000,185.370000,-0.150000,0.280000,2
185.630000,185.600000,185.690000,185.550000,-0.030000,0.140000,1
185.540000,185.623000,185.632500,185.470000,0.083000,0.162500,2
185.590000,185.540000,185.660000,185.520000,-0.050000,0.140000,2
185.690000,185.580000,185.792100,185.530200,-0.110000,0.261900,1
185.610000,185.690000,185.730000,185.480000,0.080000,0.250000,2
185.770000,185.600000,185.819900,185.480000,-0.170000,0.339900,2
187.290000,186.830000,187.380000,186.660000,-0.460000,0.720000,2
187.320000,187.310000,187.460000,187.290000,-0.010000,0.170000,2
187.370000,187.340000,187.520000,187.180000,-0.030000,0.340000,2
187.425000,187.380000,187.425000,187.250000,-0.045000,0.175000,1
187.200000,187.440000,187.500000,187.160000,0.240000,0.340000,2
187.299000,187.210000,187.340000,187.120000,-0.089000,0.220000,1
187.260000,187.300000,187.300000,187.120000,0.040000,0.180000,1
187.233100,187.250000,187.290000,187.140000,0.016900,0.150000,2
187.260000,187.220000,187.295000,187.140000,-0.040000,0.155000,1
187.050000,187.253200,187.253200,186.880000,0.203200,0.373200,1
187.029000,187.010000,187.050000,186.950000,-0.019000,0.100000,1
186.784400,187.021500,187.080000,186.690000,0.237100,0.390000,1
186.600000,186.740000,186.790000,186.580000,0.140000,0.210000,1
186.510000,186.550000,186.560000,186.420000,0.040000,0.140000,2
186.550000,186.510000,186.570000,186.440000,-0.040000,0.130000,2
186.690000,186.569000,186.750000,186.540000,-0.121000,0.210000,2
186.740000,186.690000,186.760000,186.610000,-0.050000,0.150000,1
186.621000,186.760000,186.760000,186.570000,0.139000,0.190000,1
186.410000,186.610000,186.630000,186.290000,0.200000,0.340000,1
186.340000,186.420000,186.440000,186.300000,0.080000,0.140000,1
186.090000,186.360000,186.360000,186.000000,0.270000,0.360000,2
186.360000,186.100000,186.380000,186.100000,-0.260000,0.280000,1
186.280000,186.370000,186.420000,186.240100,0.090000,0.179900,1
185.990000,186.290000,186.410000,185.920000,0.300000,0.490000,1
185.803200,185.995000,186.000000,185.705000,0.191800,0.295000,2
186.150000,185.820000,186.220000,185.810000,-0.330000,0.410000,1
185.800000,186.010000,186.220000,185.320000,0.210000,0.900000,2
186.370000,185.810000,186.450000,185.810000,-0.560000,0.640000,1
186.100000,186.370000,186.390000,185.950000,0.270000,0.440000,2
186.450000,186.120000,186.450000,186.100000,-0.330000,0.350000,1
186.270000,186.440000,186.490000,186.190000,0.170000,0.300000,2
186.570000,186.220000,186.790000,186.220000,-0.350000,0.570000,2
186.690000,186.549700,186.710000,186.420000,-0.140300,0.290000,2
186.726100,186.670000,186.830000,186.574400,-0.056100,0.255600,2
186.940000,186.760000,186.940000,186.680100,-0.180000,0.259900,2
187.040000,186.949900,187.070000,186.910000,-0.090100,0.160000,1
186.840000,187.030000,187.170000,186.840000,0.190000,0.330000,1
186.830000,186.860000,186.900000,186.780000,0.030000,0.120000,2
186.920000,186.850000,186.978000,186.815000,-0.070000,0.163000,1
186.460000,186.920000,186.930000,186.330000,0.460000,0.600000,2
186.510000,186.440000,186.580000,186.440000,-0.070000,0.140000,2
186.570000,186.529900,186.625000,186.490000,-0.040100,0.135000,2
186.710000,186.610000,186.738400,186.585000,-0.100000,0.153400,1
186.441500,186.710000,186.716600,186.390000,0.268500,0.326600,2
186.480000,186.440000,186.540000,186.370000,-0.040000,0.170000,2
186.530000,186.450000,186.600000,186.420000,-0.080000,0.180000,1
186.110000,186.510000,186.530000,186.080000,0.400000,0.450000,1
186.100000,186.090000,186.220000,186.033300,-0.010000,0.186700,1
185.670000,186.060000,186.060000,185.510000,0.390000,0.550000,1
185.600000,185.638400,185.680000,185.333500,0.038400,0.346500,2
185.782500,185.620000,185.850000,185.620000,-0.162500,0.230000,1
185.750000,185.810000,185.940000,185.700000,0.060000,0.240000,2
186.510000,186.560000,186.830000,186.280000,0.050000,0.550000,1
186.490000,186.540000,186.720000,186.440000,0.050000,0.280000,2
186.935000,186.530000,186.970000,186.480000,-0.405000,0.490000,1
186.760100,186.920000,186.945000,186.710000,0.159900,0.235000,1
186.620000,186.780000,186.890000,186.520000,0.160000,0.370000,1
186.290000,186.660000,186.680000,186.220000,0.370000,0.460000,1
186.240000,186.290000,186.319900,186.010000,0.050000,0.309900,2
186.500000,186.240000,186.550100,186.230000,-0.260000,0.320100,1
186.270000,186.540000,186.590000,186.180000,0.270000,0.410000,2
186.660000,186.230000,186.660000,186.135000,-0.430000,0.525000,1
186.590000,186.690000,186.690000,186.510000,0.100000,0.180000,2
186.690000,186.580000,186.770000,186.560000,-0.110000,0.210000,1
186.390000,186.680000,186.680000,186.290000,0.290000,0.390000,2
186.568900,186.430000,186.600000,186.430000,-0.138900,0.170000,2
186.810000,186.590000,186.820000,186.540000,-0.220000,0.280000,1
186.660000,186.800000,186.820000,186.570000,0.140000,0.250000,1
186.520000,186.650000,186.725000,186.490000,0.130000,0.235000,2
186.530000,186.500000,186.560000,186.430000,-0.030000,0.130000,2
186.690000,186.530000,186.710000,186.520000,-0.160000,0.190000,1
186.500000,186.690000,186.690000,186.450000,0.190000,0.240000,1
186.180000,186.510000,186.510000,186.040000,0.330000,0.470000,1
186.110000,186.185000,186.230000,185.880000,0.075000,0.350000,1
186.106500,186.140000,186.210000,185.950000,0.033500,0.260000,1
185.855000,186.090000,186.110000,185.670000,0.235000,0.440000,2
185.890000,185.870000,185.980000,185.800000,-0.020000,0.180000,2
185.990000,185.920000,186.100000,185.910000,-0.070000,0.190000,1
184.150000,185.240000,185.320000,184.000000,1.090000,1.320000,2
184.300000,184.120000,184.430000,183.960000,-0.180000,0.470000,1
183.850000,184.280000,184.300000,183.660000,0.430000,0.640000,1
183.250000,183.850000,183.860000,183.120000,0.600000,0.740000,1
183.170000,183.220000,183.450000,182.970000,0.050000,0.480000,1
183.100000,183.210000,183.460000,183.100000,0.110000,0.360000,2
183.270000,183.100000,183.560000,183.030000,-0.170000,0.530000,1
183.110000,183.280000,183.370000,183.080000,0.170000,0.290000,1
182.739000,183.100000,183.160000,182.620000,0.361000,0.540000,1
182.580000,182.730000,182.940000,182.480000,0.150000,0.460000,1
182.320000,182.560000,182.670000,182.280000,0.240000,0.390000,1
182.050000,182.340000,182.350000,181.800000,0.290000,0.550000,2
182.200000,182.040000,182.450000,182.000000,-0.160000,0.450000,1
181.980000,182.180000,182.340000,181.830000,0.200000,0.510000,1
181.830000,181.970000,182.160000,181.790000,0.140000,0.370000,1
181.820000,181.840000,181.980000,181.590000,0.020000,0.390000,1
181.710000,181.800000,181.810000,181.520000,0.090000,0.290000,1
181.445000,181.730000,181.730000,181.270000,0.285000,0.460000,2
181.580000,181.442100,181.700000,181.400000,-0.137900,0.300000,1
181.560000,181.570000,181.570000,181.070000,0.010000,0.500000,2
181.960000,181.540000,182.190000,181.440000,-0.420000,0.750000,2
182.250000,181.940000,182.330000,181.850000,-0.310000,0.480000,2
182.290000,182.260000,182.500000,182.170000,-0.030000,0.330000,1
181.955600,182.300000,182.420000,181.955600,0.344400,0.464400,2
182.070000,181.950000,182.070000,181.775000,-0.120000,0.295000,2
182.430000,182.070000,182.600000,182.070000,-0.360000,0.530000,2
182.690000,182.410000,182.870000,181.800000,-0.280000,1.070000,1
181.630000,182.710000,182.960000,181.480000,1.080000,1.480000,1
181.560000,181.620000,181.860000,181.270000,0.060000,0.590000,2
182.060000,181.520000,182.260000,181.360000,-0.540000,0.900000,1
181.630000,182.040000,182.105000,181.550000,0.410000,0.555000,1
181.360000,181.600000,181.680000,181.060000,0.240000,0.620000,1
180.680000,181.380000,181.380000,180.530000,0.700000,0.850000,1
180.241500,180.680000,180.700000,179.980000,0.438500,0.720000,1
179.960000,180.220000,180.455000,179.890000,0.260000,0.565000,1
179.460000,179.950000,179.950000,179.360000,0.490000,0.590000,2
179.540000,179.520000,179.915000,179.410000,-0.020000,0.505000,2
179.640000,179.520000,179.840000,179.410000,-0.120000,0.430000,1
179.110000,179.650000,179.660000,178.800000,0.540000,0.860000,1
179.084300,179.105000,179.370000,179.020000,0.020700,0.350000,1
178.720000,179.090000,179.090000,178.545000,0.370000,0.545000,1
178.670000,178.730100,178.935000,178.435000,0.060100,0.500000,2
179.373800,178.640000,179.375000,178.535000,-0.733800,0.840000,2
179.555000,179.375000,179.650000,179.225000,-0.180000,0.425000,1
179.490000,179.549000,179.840000,179.385000,0.059000,0.455000,2
180.270000,179.460000,180.300000,179.430100,-0.810000,0.869900,2
180.605000,180.270000,180.740000,180.140000,-0.335000,0.600000,1
180.490000,180.598500,180.675000,180.196400,0.108500,0.478600,2
180.660000,180.530000,180.860000,180.300000,-0.130000,0.560000,1
180.380000,180.670000,180.770000,180.300000,0.290000,0.470000,2
180.445000,180.370000,180.470000,180.010000,-0.075000,0.460000,1
180.210000,180.450000,180.750000,180.100000,0.240000,0.650000,1
179.750000,179.330000,179.830000,178.800300,-0.420000,1.029700,1
179.250000,179.045000,179.390000,178.895000,-0.205000,0.495000,2
179.750000,179.270000,179.830000,179.030000,-0.480000,0.800000,1
179.650000,179.750000,179.895000,179.650000,0.100000,0.245000,2
180.170000,179.666700,180.270000,179.666700,-0.503300,0.603300,1
180.080000,180.140000,180.212300,180.020000,0.060000,0.192300,1
180.050000,180.120000,180.200000,179.900000,0.070000,0.300000,2
180.090000,179.970000,180.102800,179.750000,-0.120000,0.352800,2
180.480000,180.140000,180.530000,179.950000,-0.340000,0.580000,1
180.330000,180.490000,180.490000,180.320000,0.160000,0.170000,2
180.440000,180.280000,180.450000,180.220000,-0.160000,0.230000,1
180.410000,180.400000,180.642700,180.340100,-0.010000,0.302600,1
180.090000,180.420000,180.420000,180.080000,0.330000,0.340000,1
180.010000,180.100000,180.100000,179.820000,0.090000,0.280000,1
179.760000,180.060000,180.140000,179.750000,0.300000,0.390000,1
179.660000,179.760000,179.850000,179.520000,0.100000,0.330000,1
179.590000,179.650000,179.670000,179.460000,0.060000,0.210000,2
179.750000,179.560000,179.839900,179.560000,-0.190000,0.279900,1
179.350000,179.685000,179.730000,179.300000,0.335000,0.430000,1
179.230000,179.340000,179.390000,179.160000,0.110000,0.230000,2
179.320000,179.244100,179.460000,179.230000,-0.075900,0.230000,1
179.150000,179.320000,179.320000,179.070000,0.170000,0.250000,2
179.179900,179.150000,179.340000,179.075000,-0.029900,0.265000,1
178.790000,179.170000,179.170000,178.790000,0.380000,0.380000,1
178.330000,178.770000,178.840000,178.300000,0.440000,0.540000,1
177.890000,178.340000,178.460000,177.870800,0.450000,0.589200,1
177.610000,177.880000,177.900000,177.310000,0.270000,0.590000,2
177.680000,177.600000,177.700000,177.130000,-0.080000,0.570000,2
177.980000,177.700000,178.015900,177.700000,-0.280000,0.315900,2
178.090000,177.970000,178.140000,177.590000,-0.120000,0.550000,1
178.010000,178.100000,178.100000,177.770000,0.090000,0.330000,1
177.780000,178.005000,178.010000,177.715000,0.225000,0.295000,1
177.520000,177.790000,177.800000,177.370000,0.270000,0.430000,1
177.450000,177.515000,177.770000,177.450000,0.065000,0.320000,2
177.960000,177.430000,177.970000,177.280000,-0.530000,0.690000,2
178.200000,177.980000,178.240000,177.880000,-0.220000,0.360000,1
177.950000,178.190000,178.220000,177.810000,0.240000,0.410000,2
178.060000,177.920000,178.178900,177.830000,-0.140000,0.348900,1
177.980000,178.010000,178.150000,177.960000,0.030000,0.190000,1
177.830000,178.000000,178.095000,177.660000,0.170000,0.435000,1
177.510000,177.850000,177.965000,177.460000,0.340000,0.505000,1
177.006600,177.530000,177.560000,176.955000,0.523400,0.605000,2
177.460000,176.990000,177.470000,176.950000,-0.470000,0.520000,2
177.700000,177.420000,177.755000,177.310000,-0.280000,0.445000,1
177.500000,177.700000,177.710000,177.460000,0.200000,0.250000,1
177.190000,177.470000,177.500000,177.120000,0.280000,0.380000,2
177.240000,177.187500,177.350000,177.060000,-0.052500,0.290000,2
177.260000,177.240000,177.450000,177.240000,-0.020000,0.210000,2
177.660000,177.240000,177.670000,177.240000,-0.420000,0.430000,2
177.963600,177.670000,178.020000,177.650000,-0.293600,0.370000,2
178.110000,177.990000,178.230000,177.990000,-0.120000,0.240000,2
178.150000,178.110000,178.330000,177.990000,-0.040000,0.340000,2
178.200000,178.160000,178.270000,178.130000,-0.040000,0.140000,1
177.930000,178.210000,178.210000,177.910000,0.280000,0.300000,2
178.270000,177.940000,178.431200,177.880000,-0.330000,0.551200,2
178.580000,178.260000,178.640000,178.260000,-0.320000,0.380000,1
178.410000,178.580000,178.610000,178.380000,0.170000,0.230000,1
178.390000,178.430000,178.570000,178.378300,0.040000,0.191700,2
178.590000,178.390000,178.770000,178.390000,-0.200000,0.380000,1
178.480000,178.590000,178.750000,178.480000,0.110000,0.270000,2
178.840000,178.520000,178.920000,178.510000,-0.320000,0.410000,2
179.000000,178.840000,179.000000,178.690000,-0.160000,0.310000,2
179.060000,178.990000,179.060000,178.870000,-0.070000,0.190000,2
179.290000,179.060000,179.350000,178.980000,-0.230000,0.370000,1
179.120000,179.300000,179.400000,179.099900,0.180000,0.300100,1
179.050000,179.110000,179.290000,179.030000,0.060000,0.260000,2
179.310000,179.030000,179.430000,178.990000,-0.280000,0.440000,1
179.254900,179.330000,179.370000,179.120000,0.075100,0.250000,2
179.270100,179.230000,179.370000,179.170000,-0.040100,0.200000,2
179.430000,179.253400,179.520000,179.253400,-0.176600,0.266600,1
179.050000,179.450000,179.450000,179.050000,0.400000,0.400000,1
178.990000,179.050000,179.180000,178.930000,0.060000,0.250000,2
179.120000,179.010000,179.230000,179.000000,-0.110000,0.230000,2
179.346600,179.130000,179.360000,179.060000,-0.216600,0.300000,2
179.350000,179.340000,179.420000,179.280000,-0.010000,0.140000,2
179.480000,179.370000,179.550000,179.325000,-0.110000,0.225000,1
179.260000,179.455000,179.510000,179.170000,0.195000,0.340000,1
179.100000,179.260000,179.335000,179.100000,0.160000,0.235000,2
179.580000,179.200000,179.600000,178.750000,-0.380000,0.850000,2
179.800000,179.540000,179.990000,179.490000,-0.260000,0.500000,1
179.740000,179.780000,179.850000,179.200000,0.040000,0.650000,1
179.200000,179.750000,179.750000,178.930000,0.550000,0.820000,2
179.710000,179.230000,179.740000,179.170000,-0.480000,0.570000,2
179.940000,179.700000,179.940000,179.600000,-0.240000,0.340000,1
179.830000,179.950000,180.080000,179.790000,0.120000,0.290000,1
179.450000,179.930000,179.960000,179.450000,0.480000,0.510000,2
179.480000,179.430000,179.650000,179.270000,-0.050000,0.380000,2
179.940000,179.502500,179.940000,179.502500,-0.437500,0.437500,2
180.280000,179.915000,180.280000,179.895000,-0.365000,0.385000,2
180.530000,180.280000,180.540000,180.160000,-0.250000,0.380000,2
180.810000,180.560000,180.870100,180.530100,-0.250000,0.340000,1
180.700000,180.790000,180.959900,180.639900,0.090000,0.320000,2
180.860000,180.710000,181.010000,180.640000,-0.150000,0.370000,1
180.780000,180.830000,180.980000,180.750000,0.050000,0.230000,1
180.445000,180.800000,180.860000,180.340000,0.355000,0.520000,1
180.340000,180.450000,180.565000,180.310000,0.110000,0.255000,1
180.080000,180.320000,180.390000,179.960000,0.240000,0.430000,1
179.790000,180.100000,180.200000,179.790000,0.310000,0.410000,2
180.070000,179.820000,180.085000,179.710000,-0.250000,0.375000,1
180.000000,180.080000,180.238500,179.900000,0.080000,0.338500,2
180.400000,180.030000,180.440000,180.030000,-0.370000,0.410000,2
180.450000,180.460000,180.680000,180.450000,0.010000,0.230000,1
180.320000,180.473500,180.560000,180.300000,0.153500,0.260000,2
180.490000,180.320000,180.626700,180.320000,-0.170000,0.306700,2
180.500000,180.500000,180.585000,180.382300,0.000000,0.202700,1
180.320000,180.440000,180.470000,180.250000,0.120000,0.220000,2
180.490000,180.330000,180.630000,180.330000,-0.160000,0.300000,2
180.510000,180.500000,180.630000,180.410000,-0.010000,0.220000,1
180.440000,180.500000,180.680000,180.410000,0.060000,0.270000,1
180.410000,180.440000,180.630000,180.410000,0.030000,0.220000,1
179.980000,180.421000,180.421000,179.980000,0.441000,0.441000,1
179.820000,180.005000,180.050000,179.820000,0.185000,0.230000,2
179.840000,179.820000,180.040000,179.820000,-0.020000,0.220000,1
179.820000,179.850000,179.970000,179.810000,0.030000,0.160000,1
179.790100,179.810000,179.880000,179.620000,0.019900,0.260000,2
180.000000,179.780000,180.090000,179.780000,-0.220000,0.310000,1
179.480000,180.010000,180.030000,179.460100,0.530000,0.569900,1
179.450000,179.485000,179.660100,179.280000,0.035000,0.380100,1
179.380000,179.460000,179.480000,179.310000,0.080000,0.170000,2
179.420000,179.370000,179.560000,179.330000,-0.050000,0.230000,1
179.100000,179.420000,179.420000,178.970000,0.320000,0.450000,2
179.110000,179.090000,179.250000,178.940000,-0.020000,0.310000,2
179.450000,179.090000,179.520000,179.070000,-0.360000,0.450000,1
179.430000,179.440000,179.660000,179.420000,0.010000,0.240000,2
179.770000,179.420000,179.840000,179.420000,-0.350000,0.420000,1
179.680000,179.770000,179.770000,179.590000,0.090000,0.180000,1
179.520000,179.650000,179.660000,179.460000,0.130000,0.200000,1
179.305000,179.520000,179.520000,179.250000,0.215000,0.270000,1
179.140000,179.300000,179.450000,179.065000,0.160000,0.385000,2
179.220000,179.110000,179.320000,179.000000,-0.110000,0.320000,2
179.340000,179.170000,179.360000,179.150000,-0.170000,0.210000,2
179.525000,179.340000,179.650000,179.340000,-0.185000,0.310000,1
179.390000,179.530000,179.550000,179.330000,0.140000,0.220000,2
179.650000,179.380000,179.650000,179.190000,-0.270000,0.460000,2
179.660000,179.650000,179.720000,179.500000,-0.010000,0.220000,1
179.380000,179.690000,179.750000,179.370000,0.310000,0.380000,2
179.492600,179.380000,179.576200,179.290000,-0.112600,0.286200,2
179.510000,179.480000,179.671000,179.430000,-0.030000,0.241000,1
179.330000,179.570000,179.600000,179.300000,0.240000,0.300000,2
179.430000,179.320000,179.460000,179.160000,-0.110000,0.300000,2
179.570000,179.420000,179.620000,179.380000,-0.150000,0.240000,1
179.560000,179.580000,179.590000,179.320000,0.020000,0.270000,2
179.890000,179.570000,179.950000,179.530000,-0.320000,0.420000,2
179.940000,179.900000,180.020000,179.890000,-0.040000,0.130000,1
179.810000,179.920000,179.990000,179.780000,0.110000,0.210000,2
179.870000,179.820000,179.920000,179.820000,-0.050000,0.100000,1
179.832200,179.870000,179.870000,179.700000,0.037800,0.170000,1
179.820000,179.830000,179.900000,179.770000,0.010000,0.130000,1
179.450000,179.827600,179.827600,179.360000,0.377600,0.467600,2
179.500000,179.440000,179.550000,179.440000,-0.060000,0.110000,2
179.610000,179.505000,179.660000,179.460000,-0.105000,0.200000,2
179.650000,179.605000,179.680000,179.550000,-0.045000,0.130000,1
179.600000,179.630000,179.660000,179.550000,0.030000,0.110000,2
179.910000,179.600000,180.004000,179.600000,-0.310000,0.404000,1
179.750000,179.880000,179.905000,179.590000,0.130000,0.315000,1
179.580000,179.730000,179.730000,179.510000,0.150000,0.220000,1
178.065000,178.540000,178.610000,178.010000,0.475000,0.600000,1
177.440000,178.060000,178.150000,177.330000,0.620000,0.820000,1
177.430000,177.400000,177.949900,177.390000,-0.030000,0.559900,1
177.070000,177.430000,177.750000,177.070000,0.360000,0.680000,1
176.730000,177.080000,177.180000,176.670000,0.350000,0.510000,1
176.200000,176.710000,176.785000,175.940000,0.510000,0.845000,1
175.840000,176.220000,176.550000,175.580000,0.380000,0.970000,2
176.190000,175.860000,176.350000,175.820000,-0.330000,0.530000,1
176.090000,176.130000,176.470000,175.970000,0.040000,0.500000,2
176.460000,176.060000,176.470000,175.930000,-0.400000,0.540000,2
176.700000,176.430000,176.770000,176.380000,-0.270000,0.390000,1
176.500000,176.720000,176.770000,176.360000,0.220000,0.410000,1
176.400000,176.450000,176.780000,176.180000,0.050000,0.600000,1
176.200000,176.360000,176.540000,176.185000,0.160000,0.355000,2
176.400000,176.260000,176.610000,176.120000,-0.140000,0.490000,1
176.220000,176.400000,176.690000,176.140000,0.180000,0.550000,2
176.390000,176.240000,176.760000,176.240000,-0.150000,0.520000,1
176.220000,176.389900,176.390000,175.940000,0.169900,0.450000,1
175.830000,176.240000,176.360000,175.820000,0.410000,0.540000,1
175.320000,175.850000,175.900000,175.320000,0.530000,0.580000,2
175.460000,175.340000,175.690000,175.270000,-0.120000,0.420000,1
