2834.889900,2829.240000,2835.330100,2827.370100,-5.649900,7.960000,1
2832.570100,2834.600100,2835.700000,2830.310100,2.030000,5.389900,2
2834.149900,2832.210000,2834.260000,2829.060100,-1.939900,5.199900,2
2834.950000,2834.169900,2835.730000,2832.909900,-0.780100,2.820100,2
2836.379900,2835.270000,2836.879900,2834.010000,-1.109900,2.869900,2
2838.240000,2836.409900,2840.060100,2835.810100,-1.830100,4.250000,2
2840.070100,2838.220000,2840.070100,2837.560100,-1.850100,2.510000,2
2840.120100,2838.929900,2843.710000,2836.389900,-1.190200,7.320100,2
2844.560100,2839.990000,2844.770000,2839.990000,-4.570100,4.780000,2
2850.500000,2844.669900,2851.240000,2844.300000,-5.830100,6.940000,2
2850.510000,2850.460000,2853.169900,2850.340100,-0.050000,2.829800,1
2850.490000,2850.740000,2850.740000,2847.399900,0.250000,3.340100,1
2850.120100,2850.379900,2851.889900,2848.700000,0.259800,3.189900,1
2850.040000,2850.129900,2850.760000,2849.000000,0.089900,1.760000,2
2861.399900,2856.510000,2861.780000,2856.510000,-4.889900,5.270000,1
2859.470000,2862.330100,2863.129900,2859.220000,2.860100,3.909900,2
2861.750000,2859.290000,2862.909900,2858.480000,-2.460000,4.429900,1
2860.520000,2861.570100,2862.750000,2859.960000,1.050100,2.790000,2
2862.050000,2860.510000,2863.139900,2859.389900,-1.540000,3.750000,1
2861.330100,2861.939900,2862.379900,2860.179900,0.609800,2.200000,1
2858.520000,2861.210000,2861.210000,2857.720000,2.690000,3.490000,1
2855.490000,2856.250000,2857.939900,2854.149900,0.760000,3.790000,2
2859.470000,2854.689900,2860.129900,2853.129900,-4.780100,7.000000,1
2856.350100,2859.780000,2860.830100,2855.720000,3.429900,5.110100,2
2857.820100,2856.429900,2859.389900,2856.320100,-1.390200,3.069800,2
2860.939900,2857.840100,2860.950000,2857.200000,-3.099800,3.750000,2
2861.470000,2860.980000,2861.470000,2859.310100,-0.490000,2.159900,1
2857.570100,2861.530000,2862.419900,2857.570100,3.959900,4.849800,2
2861.080100,2857.110100,2861.389900,2856.139900,-3.970000,5.250000,1
2860.120100,2861.409900,2862.389900,2858.850100,1.289800,3.539800,1
2857.710000,2860.070100,2860.230000,2855.020000,2.360100,5.210000,2
2860.240000,2857.649900,2860.470000,2857.649900,-2.590100,2.820100,1
2859.020000,2860.260000,2861.080100,2858.340100,1.240000,2.740000,1
2857.939900,2859.179900,2860.500000,2857.800000,1.240000,2.700000,1
2853.850100,2858.220000,2858.280000,2851.990000,4.369900,6.290000,1
2835.220000,2837.040000,2840.290000,2831.770000,1.820000,8.520000,2
2839.570100,2835.200000,2841.000000,2833.800000,-4.370100,7.200000,1
2838.730000,2839.610100,2842.080100,2836.960000,0.880100,5.120100,1
2835.929900,2838.879900,2839.409900,2834.060100,2.950000,5.349800,1
2826.460000,2835.840100,2836.200000,2826.460000,9.380100,9.740000,2
2834.950000,2826.250000,2837.600100,2825.830100,-8.700000,11.770000,1
2834.460000,2835.070100,2835.629900,2831.820100,0.610100,3.809800,2
2841.669900,2835.450000,2843.330100,2835.450000,-6.219900,7.880100,1
2832.110100,2842.260000,2842.960000,2832.110100,10.149900,10.849900,1
2824.240000,2831.510000,2832.840100,2823.010000,7.270000,9.830100,2
2826.730000,2824.169900,2826.889900,2819.919900,-2.560100,6.970000,2
2832.300000,2826.850100,2832.820100,2824.950000,-5.449900,7.870100,1
2825.179900,2832.429900,2832.970000,2825.080100,7.250000,7.889900,1
2821.700000,2825.270000,2826.990000,2821.270000,3.570000,5.720000,2
2834.189900,2829.659900,2834.620100,2826.679900,-4.530000,7.940200,2
2839.100100,2834.010000,2841.070100,2833.550000,-5.090100,7.520100,2
2841.590100,2839.149900,2841.590100,2836.970000,-2.440200,4.620100,1
2839.350100,2841.639900,2842.530000,2838.270000,2.289800,4.260000,2
2840.149900,2839.480000,2842.710000,2839.090100,-0.669900,3.619900,2
2842.149900,2840.260000,2843.100100,2840.210000,-1.889900,2.890100,1
2839.450000,2841.950000,2842.590100,2839.350100,2.500000,3.240000,1
2806.030000,2824.129900,2825.730000,2805.929900,18.099900,19.800100,2
2811.929900,2804.870100,2812.990000,2802.939900,-7.059800,10.050100,2
2814.389900,2812.070100,2815.350100,2807.240000,-2.319800,8.110100,1
2813.240000,2814.389900,2818.560100,2811.600100,1.149900,6.960000,1
2806.659900,2813.210000,2814.490000,2806.470000,6.550100,8.020000,2
2815.700000,2806.500000,2817.770000,2805.810100,-9.200000,11.959900,2
2818.450000,2816.000000,2821.620100,2815.970000,-2.450000,5.650100,2
2838.750000,2834.300000,2838.800000,2834.300000,-4.450000,4.500000,2
2845.230000,2839.240000,2845.230000,2838.860100,-5.990000,6.369900,2
2848.669900,2845.379900,2850.470000,2844.070100,-3.290000,6.399900,1
2846.790000,2848.280000,2848.340100,2844.450000,1.490000,3.890100,1
2843.220000,2846.840100,2848.000000,2843.220000,3.620100,4.780000,2
2844.550000,2842.740000,2844.840100,2839.960000,-1.810000,4.880100,1
2840.720000,2844.270000,2844.270000,2837.540000,3.550000,6.730000,1
2834.659900,2837.669900,2842.480000,2833.870100,3.010000,8.609900,2
2841.330100,2835.270000,2841.399900,2835.000000,-6.060100,6.399900,2
2844.450000,2841.450000,2846.720000,2841.240000,-3.000000,5.480000,1
2840.409900,2844.480000,2844.530000,2840.399900,4.070100,4.130100,2
2851.990000,2840.399900,2852.860100,2840.399900,-11.590100,12.460200,1
2851.280000,2851.950000,2855.570100,2850.250000,0.670000,5.320100,1
2849.350100,2851.310100,2852.909900,2849.350100,1.960000,3.559800,2
2854.550000,2854.700000,2857.710000,2851.629900,0.150000,6.080100,1
2854.179900,2854.260000,2855.120100,2850.639900,0.080100,4.480200,2
2857.679900,2853.960000,2858.310100,2853.659900,-3.719900,4.650200,2
2858.320100,2857.990000,2858.520000,2856.439900,-0.330100,2.080100,2
2858.970000,2858.320100,2859.260000,2857.659900,-0.649900,1.600100,1
2858.470000,2859.080100,2859.280000,2856.790000,0.610100,2.490000,1
2856.790000,2858.470000,2859.720000,2856.429900,1.680000,3.290100,2
2867.010000,2862.480000,2868.689900,2862.280000,-4.530000,6.409900,1
2864.790000,2867.030000,2867.970000,2863.379900,2.240000,4.590100,2
2871.419900,2864.889900,2871.550000,2864.629900,-6.530000,6.920100,2
2871.450000,2871.450000,2873.090100,2870.129900,0.000000,2.960200,1
2870.450000,2871.450000,2872.649900,2869.620100,1.000000,3.029800,1
2867.090100,2870.409900,2870.409900,2864.879900,3.319800,5.530000,1
2863.240000,2866.939900,2867.300000,2861.700000,3.699900,5.600000,1
2857.639900,2860.639900,2862.810100,2856.100100,3.000000,6.710000,2
2866.600100,2857.620100,2866.600100,2857.620100,-8.980000,8.980000,1
2864.080100,2866.679900,2867.520000,2864.060100,2.599800,3.459900,2
2864.159900,2864.090100,2864.800000,2862.419900,-0.069800,2.380100,1
2861.889900,2864.060100,2866.800000,2859.980000,2.170200,6.820000,2
2863.300000,2861.899900,2864.060100,2860.689900,-1.400100,3.370200,1
2862.020000,2863.570100,2865.050000,2862.020000,1.550100,3.030000,2
2868.050000,2860.120100,2868.050000,2859.110100,-7.929900,8.939900,1
2857.169900,2868.000000,2868.710000,2854.720000,10.830100,13.990000,2
2860.399900,2857.200000,2860.409900,2854.429900,-3.199900,5.980000,1
2858.780000,2860.470000,2860.760000,2856.250000,1.690000,4.510000,2
2859.460000,2858.840100,2859.879900,2856.830100,-0.619900,3.049800,2
2859.760000,2859.500000,2861.020000,2858.399900,-0.260000,2.620100,1
2856.760000,2859.899900,2859.929900,2854.610100,3.139900,5.319800,2
2867.419900,2863.490000,2867.689900,2863.490000,-3.929900,4.199900,2
2871.919900,2867.620100,2873.770000,2867.360100,-4.299800,6.409900,2
2875.889900,2871.750000,2876.030000,2871.750000,-4.139900,4.280000,1
2873.590100,2875.610100,2876.139900,2873.179900,2.020000,2.960000,2
2874.760000,2873.370100,2874.970000,2870.330100,-1.389900,4.639900,1
2873.970000,2874.740000,2875.300000,2872.669900,0.770000,2.630100,2
2874.899900,2873.899900,2875.700000,2873.120100,-1.000000,2.579900,2
2895.389900,2886.850100,2896.409900,2886.730000,-8.539800,9.679900,1
2894.510000,2895.500000,2895.500000,2891.310100,0.990000,4.189900,2
2897.280000,2894.230000,2897.790000,2892.200000,-3.050000,5.590000,1
2895.500000,2897.210000,2898.220000,2895.490000,1.710000,2.730000,2
2896.450000,2895.500000,2897.290000,2895.080100,-0.950000,2.209900,1
2895.950000,2896.450000,2897.280000,2894.020000,0.500000,3.260000,2
2896.860100,2895.659900,2897.100100,2894.770000,-1.200200,2.330100,2
2898.580100,2901.850100,2903.710000,2898.010000,3.270000,5.700000,2
2899.810100,2898.500000,2900.399900,2896.260000,-1.310100,4.139900,1
2895.970000,2899.700000,2899.700000,2893.500000,3.730000,6.200000,2
2896.290000,2896.320100,2899.020000,2895.730000,0.030100,3.290000,2
2899.000000,2896.350100,2899.840100,2895.750000,-2.649900,4.090100,1
2897.730000,2898.970000,2899.760000,2896.740000,1.240000,3.020000,1
2897.010000,2897.750000,2898.560100,2894.730000,0.740000,3.830100,2
2904.590100,2901.090100,2904.590100,2898.730000,-3.500000,5.860100,2
2913.470000,2905.050000,2913.649900,2904.629900,-8.420000,9.020000,2
2913.960000,2913.490000,2915.200000,2911.490000,-0.470000,3.710000,1
2912.860100,2913.960000,2914.919900,2912.409900,1.099900,2.510000,1
2911.810100,2912.800000,2912.810100,2910.570100,0.989900,2.240000,2
2915.550000,2911.790000,2915.590100,2911.530000,-3.760000,4.060100,1
2914.139900,2915.350100,2916.500000,2913.030000,1.210200,3.470000,1
2909.520000,2908.560100,2911.200000,2906.879900,-0.959900,4.320100,1
2905.030000,2909.530000,2912.399900,2904.169900,4.500000,8.230000,2
2907.560100,2905.360100,2907.870100,2904.159900,-2.200000,3.710200,2
2911.610100,2907.590100,2911.970000,2907.510000,-4.020000,4.460000,1
2901.110100,2911.639900,2912.210000,2898.110100,10.529800,14.099900,1
2899.510000,2900.649900,2904.950000,2895.220000,1.139900,9.730000,2
2901.200000,2899.830100,2902.080100,2898.370100,-1.369900,3.710000,2
2903.510000,2897.290000,2906.179900,2896.389900,-6.220000,9.790000,1
2898.060100,2903.510000,2904.899900,2898.060100,5.449900,6.839800,1
2895.340100,2898.570100,2900.030000,2893.020000,3.230000,7.010000,2
2896.030000,2895.270000,2897.169900,2891.730000,-0.760000,5.439900,1
2893.550000,2896.050000,2897.139900,2892.040000,2.500000,5.099900,2
2894.110100,2893.480000,2898.200000,2892.990000,-0.630100,5.210000,2
2902.429900,2894.070100,2903.280000,2894.070100,-8.359800,9.209900,1
2894.700000,2896.490000,2898.840100,2886.600100,1.790000,12.240000,2
2894.730000,2894.899900,2900.120100,2893.429900,0.169900,6.690200,1
2887.990000,2894.409900,2896.629900,2885.149900,6.419900,11.480000,2
2892.090100,2887.889900,2893.080100,2886.820100,-4.200200,6.260000,2
2896.240000,2892.340100,2896.649900,2890.649900,-3.899900,6.000000,1
2895.360100,2895.820100,2898.189900,2894.810100,0.460000,3.379800,2
2897.070100,2895.409900,2897.070100,2892.070100,-1.660200,5.000000,1
2882.409900,2890.960000,2894.159900,2877.169900,8.550100,16.990000,1
2880.020000,2882.780000,2885.909900,2877.770000,2.760000,8.139900,2
2887.780000,2879.810100,2888.500000,2879.179900,-7.969900,9.320100,2
2890.629900,2888.220000,2891.790000,2885.820100,-2.409900,5.969900,1
2888.899900,2890.550000,2892.620100,2886.820100,1.650100,5.800000,1
2888.460000,2889.080100,2891.179900,2886.600100,0.620100,4.579800,1
2888.210000,2888.520000,2889.419900,2885.169900,0.310000,4.250000,1
2882.929900,2888.050000,2891.760000,2879.540000,5.120100,12.220000,1
2873.290000,2883.350100,2883.350100,2868.270000,10.060100,15.080100,2
2873.520000,2872.520000,2877.490000,2871.780000,-1.000000,5.710000,1
2872.530000,2873.429900,2874.439900,2867.340100,0.899900,7.099800,2
2873.980000,2872.470000,2876.629900,2871.760000,-1.510000,4.869900,2
2882.780000,2875.139900,2883.550000,2874.929900,-7.640100,8.620100,1
2878.370100,2882.879900,2883.220000,2878.100100,4.509800,5.119900,1
2877.080100,2866.500000,2880.399900,2864.360100,-10.580100,16.039800,2
2881.179900,2877.350100,2881.500000,2876.179900,-3.829800,5.320100,1
2868.480000,2881.350100,2883.679900,2868.139900,12.870100,15.540000,2
2871.040000,2868.290000,2873.470000,2866.540000,-2.750000,6.930000,2
2875.480000,2870.929900,2875.480000,2868.179900,-4.550100,7.300100,1
2874.750000,2875.179900,2876.429900,2873.000000,0.429900,3.429900,1
2871.899900,2874.909900,2875.590100,2869.260000,3.010000,6.330100,2
2879.580100,2882.439900,2886.679900,2877.659900,2.859800,9.020000,2
2883.240000,2880.070100,2883.820100,2877.669900,-3.169900,6.150200,1
2876.740000,2883.120100,2883.280000,2876.490000,6.380100,6.790000,2
2879.439900,2876.750000,2879.760000,2875.950000,-2.689900,3.810000,2
2880.330100,2879.480000,2880.710000,2877.010000,-0.850100,3.700000,1
2879.899900,2880.389900,2882.139900,2879.899900,0.490000,2.240000,1
2877.639900,2879.860100,2880.210000,2876.649900,2.220200,3.560100,2
2879.710000,2869.530000,2880.330100,2866.850100,-10.180000,13.480000,2
2882.419900,2880.000000,2882.899900,2875.679900,-2.419900,7.220000,2
2889.639900,2882.419900,2892.500000,2882.419900,-7.220000,10.080100,1
2889.149900,2889.840100,2892.169900,2888.250000,0.690200,3.919900,2
2890.639900,2888.740000,2890.689900,2887.250000,-1.899900,3.439900,1
2889.210000,2890.570100,2891.669900,2888.770000,1.360100,2.899900,1
2887.649900,2888.899900,2890.030000,2886.970000,1.250000,3.060000,1
2882.899900,2887.780000,2890.480000,2881.200000,4.880100,9.280000,2
2892.149900,2882.330100,2892.189900,2879.200000,-9.819800,12.989900,1
2887.020000,2893.060100,2894.550000,2882.780000,6.040100,11.770000,2
2888.620100,2887.020000,2889.260000,2885.570100,-1.600100,3.689900,1
2884.710000,2888.540000,2889.740000,2883.350100,3.830000,6.389900,2
2890.620100,2884.919900,2890.629900,2882.629900,-5.700200,8.000000,1
2888.820100,2890.860100,2892.030000,2888.629900,2.040000,3.400100,2
2900.700000,2899.010000,2906.590100,2898.909900,-1.690000,7.680200,1
2897.820100,2900.929900,2902.500000,2896.770000,3.109800,5.730000,2
2903.750000,2898.260000,2905.620100,2896.939900,-5.490000,8.680200,1
2902.510000,2903.909900,2904.800000,2901.290000,1.399900,3.510000,1
2902.220000,2902.649900,2903.980000,2900.100100,0.429900,3.879900,1
2902.060100,2902.179900,2904.919900,2901.990000,0.119800,2.929900,2
2903.629900,2902.189900,2904.020000,2900.139900,-1.440000,3.880100,2
2903.950000,2906.010000,2908.210000,2900.899900,2.060000,7.310100,2
2906.550000,2904.590100,2908.030000,2904.590100,-1.959900,3.439900,1
2899.610100,2906.909900,2908.300000,2897.439900,7.299800,10.860100,2
2900.350100,2899.149900,2900.830100,2895.800000,-1.200200,5.030100,2
2902.480000,2900.429900,2903.409900,2900.370100,-2.050100,3.039800,2
2903.270000,2902.500000,2904.740000,2901.679900,-0.770000,3.060100,2
2904.879900,2903.230000,2906.320100,2903.200000,-1.649900,3.120100,1
2898.710000,2903.110100,2904.360100,2897.210000,4.400100,7.150100,1
2896.270000,2898.570100,2899.379900,2893.100100,2.300100,6.279800,2
2899.290000,2900.820100,2901.210000,2897.210000,1.530100,4.000000,2
2900.030000,2900.659900,2901.220000,2898.360100,0.629900,2.859900,1
2899.570100,2900.419900,2900.419900,2897.470000,0.849800,2.949900,1
2898.840100,2898.800000,2900.129900,2897.750000,-0.040100,2.379900,1
2898.300000,2898.629900,2899.320100,2897.669900,0.329900,1.650200,1
2893.830100,2898.100100,2898.840100,2893.280000,4.270000,5.560100,2
2897.350100,2893.840100,2897.350100,2893.840100,-3.510000,3.510000,1
2896.399900,2898.129900,2898.129900,2896.020000,1.730000,2.109900,2
2897.060100,2896.460000,2897.770000,2896.409900,-0.600100,1.360100,2
2897.340100,2896.939900,2898.080100,2895.850100,-0.400200,2.230000,1
2896.980000,2897.740000,2897.960000,2896.710000,0.760000,1.250000,2
2898.300000,2896.919900,2899.320100,2896.540000,-1.380100,2.780100,1
2897.350100,2898.429900,2898.560100,2896.649900,1.079800,1.910200,1
2897.230000,2897.350100,2898.770000,2894.679900,0.120100,4.090100,1
2894.840100,2897.070100,2897.780000,2894.840100,2.230000,2.939900,1
2894.040000,2894.790000,2895.200000,2893.790000,0.750000,1.410000,1
2893.200000,2893.939900,2893.939900,2891.710000,0.739900,2.229900,2
2895.399900,2893.610100,2896.800000,2893.010000,-1.789800,3.790000,2
2896.070100,2895.250000,2896.139900,2894.669900,-0.820100,1.470000,1
2895.590100,2895.850100,2896.560100,2895.230000,0.260000,1.330100,1
2895.330100,2895.610100,2896.139900,2895.100100,0.280000,1.039800,1
2891.689900,2895.389900,2895.389900,2891.379900,3.700000,4.010000,1
2891.409900,2892.470000,2893.210000,2890.950000,1.060100,2.260000,1
2889.060100,2891.409900,2891.639900,2887.990000,2.349800,3.649900,1
2888.040000,2889.220000,2889.850100,2886.350100,1.180000,3.500000,2
2889.000000,2888.909900,2889.840100,2886.179900,-0.090100,3.660200,2
2899.040000,2891.530000,2899.490000,2891.530000,-7.510000,7.960000,1
2898.010000,2899.520000,2900.750000,2897.470000,1.510000,3.280000,2
2899.330100,2897.830100,2899.330100,2895.439900,-1.500000,3.890200,2
2901.110100,2899.960000,2901.840100,2899.960000,-1.150100,1.880100,2
2902.240000,2901.230000,2902.560100,2898.879900,-1.010000,3.680200,2
2903.800000,2901.899900,2903.800000,2901.220000,-1.900100,2.580000,2
2905.090100,2904.790000,2905.090100,2902.070100,-0.300100,3.020000,2
2906.470000,2904.950000,2906.470000,2904.919900,-1.520000,1.550100,2
2907.250000,2906.520000,2907.450000,2905.520000,-0.730000,1.930000,1
2907.250000,2907.530000,2907.800000,2906.360100,0.280000,1.439900,2
2908.419900,2907.679900,2909.879900,2907.679900,-0.740000,2.200000,1
2906.100100,2908.480000,2908.480000,2906.090100,2.379900,2.389900,1
2905.770000,2906.270000,2907.639900,2905.770000,0.500000,1.869900,1
2905.550000,2905.840100,2906.370100,2905.010000,0.290100,1.360100,2
2906.810100,2905.800000,2907.139900,2905.800000,-1.010100,1.339900,1
2905.520000,2907.080100,2907.740000,2905.470000,1.560100,2.270000,2
2906.570100,2905.730000,2906.570100,2904.350100,-0.840100,2.220000,2
2907.669900,2906.310100,2908.110100,2905.679900,-1.359800,2.430200,2
2908.490000,2907.820100,2908.639900,2907.310100,-0.669900,1.329800,2
2909.700000,2908.450000,2910.240000,2907.820100,-1.250000,2.419900,2
2910.510000,2909.939900,2911.139900,2909.679900,-0.570100,1.460000,1
2908.330100,2910.379900,2910.800000,2908.020000,2.049800,2.780000,2
2908.540000,2908.250000,2908.830100,2907.480000,-0.290000,1.350100,2
2908.600100,2908.550000,2909.770000,2907.540000,-0.050100,2.230000,1
2906.840100,2908.600100,2908.600100,2906.669900,1.760000,1.930200,1
2905.520000,2906.840100,2906.840100,2904.210000,1.320100,2.630100,2
2907.540000,2906.760000,2910.570100,2906.340100,-0.780000,4.230000,2
2907.689900,2907.280000,2908.310100,2906.510000,-0.409900,1.800100,1
2905.030000,2907.929900,2910.189900,2905.030000,2.899900,5.159900,2
2905.919900,2904.610100,2907.970000,2903.850100,-1.309800,4.119900,2
2907.929900,2906.020000,2907.990000,2905.770000,-1.909900,2.220000,1
2906.290000,2907.810100,2908.540000,2905.889900,1.520100,2.650100,2
2911.110100,2906.370100,2911.750000,2905.669900,-4.740000,6.080100,1
2908.899900,2911.370100,2912.260000,2908.460000,2.470200,3.800000,2
2909.330100,2908.780000,2909.899900,2908.010000,-0.550100,1.889900,2
2910.340100,2909.179900,2910.669900,2907.970000,-1.160200,2.699900,1
2909.010000,2910.500000,2911.210000,2908.350100,1.490000,2.859900,2
2909.040000,2909.110100,2909.510000,2908.270000,0.070100,1.240000,1
2907.270000,2909.070100,2909.330100,2906.149900,1.800100,3.180200,2
2909.580100,2907.240000,2909.580100,2906.879900,-2.340100,2.700200,1
2907.210000,2909.490000,2909.550000,2907.210000,2.280000,2.340000,1
2906.780000,2907.439900,2908.320100,2906.600100,0.659900,1.720000,2
2907.760000,2906.790000,2908.710000,2906.520000,-0.970000,2.190000,2
2908.230000,2907.919900,2908.590100,2907.270000,-0.310100,1.320100,2
2908.570100,2908.110100,2908.760000,2907.159900,-0.460000,1.600100,1
2908.200000,2908.590100,2909.290000,2908.149900,0.390100,1.140100,1
2907.110100,2908.210000,2908.300000,2907.110100,1.099900,1.189900,1
2906.639900,2907.120100,2907.870100,2906.610100,0.480200,1.260000,2
2907.250000,2906.840100,2907.760000,2906.720000,-0.409900,1.040000,2
2908.189900,2907.320100,2908.870100,2906.240000,-0.869800,2.630100,2
2909.879900,2908.200000,2909.970000,2908.200000,-1.679900,1.770000,1
2908.030000,2909.850100,2910.110100,2908.030000,1.820100,2.080100,2
2924.060100,2920.939900,2925.350100,2920.939900,-3.120200,4.410200,1
2922.770000,2923.939900,2924.060100,2920.800000,1.169900,3.260100,2
2924.679900,2922.820100,2925.429900,2922.820100,-1.859800,2.609800,1
2923.310100,2924.100100,2927.220000,2923.310100,0.790000,3.909900,2
2926.450000,2923.450000,2926.450000,2922.730000,-3.000000,3.720000,1
2924.980000,2926.889900,2926.889900,2924.370100,1.909900,2.519800,2
2925.889900,2925.159900,2926.659900,2925.159900,-0.730000,1.500000,2
2927.520000,2925.960000,2927.520000,2925.290000,-1.560000,2.230000,2
2929.409900,2927.760000,2929.460000,2927.550000,-1.649900,1.910000,2
2930.200000,2929.520000,2930.200000,2928.460000,-0.680000,1.740000,1
2928.960000,2930.350100,2930.350100,2928.820100,1.390100,1.530000,2
2929.669900,2929.200000,2930.240000,2929.129900,-0.469900,1.110100,2
2930.510000,2929.820100,2930.540000,2928.919900,-0.689900,1.620100,2
2931.220000,2931.090100,2931.320100,2930.429900,-0.129900,0.890200,2
2931.419900,2931.300000,2932.530000,2931.290000,-0.119900,1.240000,1
2929.629900,2931.389900,2931.389900,2929.629900,1.760000,1.760000,2
2930.050000,2929.560100,2930.179900,2929.419900,-0.489900,0.760000,2
2930.429900,2930.030000,2930.679900,2929.120100,-0.399900,1.559800,2
2931.169900,2930.379900,2931.450000,2930.320100,-0.790000,1.129900,1
2931.149900,2931.100100,2931.149900,2930.129900,-0.049800,1.020000,1
2930.889900,2931.250000,2931.870100,2929.530000,0.360100,2.340100,2
2932.200000,2931.100100,2932.669900,2931.100100,-1.099900,1.569800,2
2933.879900,2932.250000,2934.179900,2931.929900,-1.629900,2.250000,1
2933.060100,2933.990000,2934.780000,2932.810100,0.929900,1.969900,1
2930.980000,2933.210000,2933.210000,2930.970000,2.230000,2.240000,2
2931.169900,2931.000000,2932.429900,2930.149900,-0.169900,2.280000,2
2939.850100,2936.570100,2940.520000,2936.570100,-3.280000,3.949900,1
2937.550000,2939.560100,2940.790000,2937.550000,2.010100,3.240000,2
2938.600100,2937.000000,2939.179900,2936.790000,-1.600100,2.389900,1
2934.580100,2938.689900,2938.780000,2934.330100,4.109800,4.449900,2
2934.830100,2934.210000,2935.700000,2933.360100,-0.620100,2.339900,1
2934.300000,2934.960000,2935.620100,2933.570100,0.660000,2.050000,2
2934.510000,2934.179900,2935.139900,2932.939900,-0.330100,2.200000,2
2935.850100,2934.600100,2935.919900,2934.600100,-1.250000,1.319800,1
2935.659900,2936.220000,2936.220000,2934.929900,0.560100,1.290100,2
2937.080100,2935.620100,2937.429900,2935.560100,-1.460000,1.869800,2
2937.720000,2937.149900,2938.350100,2936.840100,-0.570100,1.510000,1
2935.689900,2937.669900,2937.669900,2935.540000,1.980000,2.129900,1
2934.090100,2936.080100,2936.080100,2933.840100,1.990000,2.240000,2
2934.810100,2934.290000,2935.610100,2934.280000,-0.520100,1.330100,1
2933.760000,2934.790000,2934.860100,2933.649900,1.030000,1.210200,2
2934.020000,2933.669900,2935.220000,2933.669900,-0.350100,1.550100,2
2934.070100,2934.139900,2934.220000,2933.050000,0.069800,1.170000,2
2934.300000,2934.050000,2934.300000,2932.220000,-0.250000,2.080000,1
2931.100100,2934.340100,2934.340100,2931.100100,3.240000,3.240000,2
2933.040000,2931.010000,2933.320100,2931.010000,-2.030000,2.310100,1
2932.340100,2933.100100,2933.810100,2932.340100,0.760000,1.470000,1
2930.639900,2932.460000,2932.780000,2930.320100,1.820100,2.459900,2
2932.149900,2930.550000,2932.340100,2930.550000,-1.599900,1.790100,1
2930.490000,2932.080100,2932.080100,2930.409900,1.590100,1.670200,1
2929.730000,2930.570100,2930.980000,2929.419900,0.840100,1.560100,1
2929.230000,2930.610100,2931.270000,2927.169900,1.380100,4.100100,1
2922.510000,2921.790000,2922.760000,2918.040000,-0.720000,4.720000,1
2921.870100,2923.480000,2923.570100,2920.720000,1.609900,2.850100,1
2921.139900,2921.980000,2922.000000,2919.840100,0.840100,2.159900,1
2916.850100,2921.560100,2921.560100,2916.050000,4.710000,5.510100,1
2914.840100,2917.050000,2918.840100,2912.629900,2.209900,6.210200,2
2916.639900,2914.669900,2916.639900,2913.120100,-1.970000,3.519800,1
2915.260000,2917.439900,2917.520000,2914.270000,2.179900,3.250000,2
2919.149900,2915.470000,2920.689900,2915.470000,-3.679900,5.219900,1
2917.360100,2919.460000,2919.679900,2917.360100,2.099900,2.319800,1
2916.990000,2917.510000,2918.210000,2916.810100,0.520000,1.399900,1
2915.659900,2917.320100,2917.810100,2915.360100,1.660200,2.450000,2
2915.939900,2915.580100,2916.470000,2915.480000,-0.359800,0.990000,2
2916.399900,2915.960000,2916.399900,2915.050000,-0.439900,1.349900,1
2915.040000,2916.649900,2917.580100,2914.520000,1.609900,3.060100,1
2915.000000,2915.110100,2915.570100,2914.480000,0.110100,1.090100,2
2915.570100,2914.929900,2917.330100,2914.300000,-0.640200,3.030100,2
2918.899900,2915.780000,2919.050000,2915.780000,-3.119900,3.270000,2
2919.010000,2919.240000,2919.240000,2918.300000,0.230000,0.940000,2
2920.350100,2919.100100,2920.350100,2919.000000,-1.250000,1.350100,1
2918.870100,2920.409900,2920.639900,2918.080100,1.539800,2.559800,2
2919.500000,2918.780000,2920.010000,2918.320100,-0.720000,1.689900,1
2919.090100,2919.409900,2920.370100,2919.090100,0.319800,1.280000,2
2920.379900,2918.909900,2921.200000,2918.600100,-1.470000,2.599900,1
2920.080100,2920.090100,2920.530000,2919.649900,0.010000,0.880100,1
2919.929900,2920.300000,2920.340100,2918.919900,0.370100,1.420200,1
2919.860100,2919.970000,2920.679900,2919.460000,0.109900,1.219900,2
2922.790000,2923.210000,2923.610100,2920.850100,0.420000,2.760000,1
2920.850100,2921.899900,2922.340100,2920.590100,1.049800,1.750000,1
2920.379900,2920.590100,2922.270000,2919.090100,0.210200,3.179900,1
2919.710000,2920.929900,2921.850100,2919.030000,1.219900,2.820100,2
2921.080100,2920.260000,2921.080100,2919.330100,-0.820100,1.750000,1
2917.260000,2921.600100,2921.720000,2917.260000,4.340100,4.460000,2
2920.330100,2916.899900,2920.330100,2915.689900,-3.430200,4.640200,2
2922.020000,2920.179900,2922.020000,2919.460000,-1.840100,2.560000,2
2922.480000,2922.340100,2923.010000,2921.980000,-0.139900,1.030000,1
2921.540000,2922.689900,2922.950000,2921.540000,1.149900,1.410000,2
2922.530000,2921.879900,2923.100100,2921.720000,-0.650100,1.380100,1
2922.120100,2922.669900,2922.669900,2921.860100,0.549800,0.809800,1
2920.200000,2922.200000,2922.200000,2920.100100,2.000000,2.099900,1
2919.939900,2920.159900,2920.379900,2919.439900,0.220000,0.940000,1
2919.149900,2919.980000,2920.010000,2917.860100,0.830100,2.149900,1
2918.189900,2919.090100,2919.090100,2918.169900,0.900200,0.920200,1
2914.700000,2917.790000,2918.110100,2913.760000,3.090000,4.350100,2
2916.560100,2914.480000,2916.570100,2914.260000,-2.080100,2.310100,2
2916.879900,2916.560100,2917.030000,2915.790000,-0.319800,1.240000,2
2917.679900,2916.889900,2918.110100,2916.860100,-0.790000,1.250000,1
2915.990000,2917.439900,2917.439900,2915.919900,1.449900,1.520000,2
2916.399900,2916.000000,2916.520000,2914.700000,-0.399900,1.820000,1
2915.800000,2916.679900,2916.889900,2915.419900,0.879900,1.470000,2
2917.419900,2915.840100,2917.510000,2915.370100,-1.579800,2.139900,1
2916.629900,2917.570100,2918.429900,2916.629900,0.940200,1.800000,1
2915.929900,2916.879900,2917.760000,2914.070100,0.950000,3.689900,2
2920.629900,2917.090100,2920.810100,2917.090100,-3.539800,3.720000,1
2919.429900,2920.870100,2921.399900,2919.429900,1.440200,1.970000,1
2917.000000,2919.780000,2920.370100,2915.629900,2.780000,4.740200,2
2918.460000,2917.100100,2919.149900,2917.100100,-1.359900,2.049800,2
2920.860100,2918.399900,2921.260000,2918.360100,-2.460200,2.899900,2
2922.129900,2921.169900,2922.200000,2920.419900,-0.960000,1.780100,1
2922.050000,2921.980000,2922.750000,2921.980000,-0.070000,0.770000,2
2923.780000,2922.340100,2923.780000,2922.340100,-1.439900,1.439900,1
2922.659900,2923.919900,2923.919900,2922.389900,1.260000,1.530000,2
2922.710000,2922.889900,2923.450000,2922.200000,0.179900,1.250000,1
2922.520000,2922.659900,2922.750000,2921.659900,0.139900,1.090100,2
2923.090100,2922.490000,2923.159900,2922.370100,-0.600100,0.789800,2
2923.189900,2923.169900,2923.700000,2922.850100,-0.020000,0.849900,2
2924.939900,2923.200000,2925.050000,2923.200000,-1.739900,1.850000,1
2924.540000,2924.970000,2925.270000,2924.040000,0.430000,1.230000,1
2924.070100,2924.530000,2924.980000,2924.070100,0.459900,0.909900,1
2923.379900,2924.060100,2924.129900,2923.000000,0.680200,1.129900,1
2922.810100,2923.340100,2923.460000,2922.409900,0.530000,1.050100,2
2926.429900,2923.030000,2928.040000,2922.370100,-3.399900,5.669900,2
2928.200000,2927.220000,2931.070100,2927.120100,-0.980000,3.950000,1
2924.010000,2928.030000,2928.970000,2924.010000,4.020000,4.960000,1
2923.040000,2923.649900,2923.970000,2922.010000,0.609900,1.960000,1
2921.120100,2922.770000,2922.770000,2918.919900,1.649900,3.850100,2
2922.110100,2920.870100,2924.220000,2920.770000,-1.240000,3.450000,1
2912.409900,2921.870100,2921.870100,2912.409900,9.460200,9.460200,1
2904.860100,2911.530000,2911.610100,2903.500000,6.669900,8.110100,2
2913.919900,2912.189900,2913.919900,2909.320100,-1.730000,4.599800,2
2914.439900,2915.120100,2915.470000,2913.000000,0.680200,2.470000,2
2918.510000,2914.740000,2919.730000,2914.740000,-3.770000,4.990000,2
2920.120100,2918.689900,2920.620100,2918.210000,-1.430200,2.410100,2
2922.740000,2920.290000,2922.810100,2919.439900,-2.450000,3.370200,1
2921.850100,2922.379900,2923.010000,2921.350100,0.529800,1.659900,1
2921.100100,2922.280000,2923.860100,2920.760000,1.179900,3.100100,2
2921.750000,2921.429900,2922.350100,2920.939900,-0.320100,1.410200,2
2922.480000,2921.720000,2922.520000,2920.399900,-0.760000,2.120100,2
2924.580100,2922.870100,2924.580100,2922.240000,-1.710000,2.340100,2
2924.870100,2924.840100,2925.590100,2924.200000,-0.030000,1.390100,2
2926.080100,2924.909900,2926.419900,2924.909900,-1.170200,1.510000,2
2926.210000,2926.320100,2926.629900,2925.200000,0.110100,1.429900,1
2925.879900,2926.139900,2927.220000,2925.879900,0.260000,1.340100,1
2923.580100,2925.560100,2925.560100,2923.330100,1.980000,2.230000,1
2923.149900,2923.760000,2924.090100,2922.220000,0.610100,1.870100,1
2922.830100,2923.310100,2923.770000,2922.030000,0.480000,1.740000,1
2922.500000,2922.860100,2923.129900,2922.139900,0.360100,0.990000,1
2920.540000,2922.360100,2922.480000,2919.340100,1.820100,3.139900,1
2920.460000,2920.530000,2921.610100,2920.080100,0.070000,1.530000,1
2918.270000,2920.389900,2920.879900,2918.270000,2.119900,2.609900,1
2917.530000,2918.300000,2919.169900,2917.429900,0.770000,1.740000,1
2917.320100,2917.800000,2918.780000,2915.659900,0.479900,3.120100,1
2915.169900,2917.030000,2918.220000,2914.970000,1.860100,3.250000,1
2913.530000,2914.970000,2915.129900,2912.360100,1.440000,2.769800,2
2914.189900,2913.320100,2916.820100,2913.320100,-0.869800,3.500000,1
2911.010000,2908.679900,2911.879900,2908.679900,-2.330100,3.200000,2
2911.520000,2909.450000,2911.700000,2907.860100,-2.070000,3.839900,1
2910.379900,2911.850100,2913.429900,2910.230000,1.470200,3.199900,2
2914.639900,2910.189900,2914.870100,2910.159900,-4.450000,4.710200,2
2916.000000,2914.770000,2916.710000,2913.780000,-1.230000,2.930000,2
2917.580100,2915.800000,2918.870100,2915.800000,-1.780100,3.070100,2
2919.439900,2917.860100,2919.760000,2917.730000,-1.579800,2.030000,1
2918.980000,2919.649900,2920.260000,2918.570100,0.669900,1.689900,1
2917.280000,2919.149900,2919.700000,2917.120100,1.869900,2.579900,1
2916.830100,2917.450000,2918.100100,2916.669900,0.619900,1.430200,2
2917.689900,2916.710000,2917.689900,2916.560100,-0.979900,1.129800,1
2916.610100,2917.850100,2918.370100,2916.330100,1.240000,2.040000,1
2916.240000,2916.669900,2917.399900,2916.240000,0.429900,1.159900,1
2914.970000,2916.570100,2916.600100,2911.460000,1.600100,5.140100,1
2914.710000,2915.010000,2915.129900,2913.860100,0.300000,1.269800,2
2916.960000,2914.730000,2917.010000,2914.730000,-2.230000,2.280000,2
2917.730000,2916.980000,2918.600100,2916.980000,-0.750000,1.620100,1
2916.770000,2917.730000,2919.010000,2916.689900,0.960000,2.320100,1
2914.360100,2916.470000,2916.720000,2912.879900,2.109900,3.840100,2
2915.540000,2914.370100,2915.960000,2913.490000,-1.169900,2.470000,1
2915.270000,2915.610100,2916.250000,2914.730000,0.340100,1.520000,1
2913.620100,2915.260000,2915.260000,2913.310100,1.639900,1.949900,1
2913.389900,2913.570100,2914.419900,2912.810100,0.180200,1.609800,2
2914.560100,2913.360100,2915.639900,2912.520000,-1.200000,3.119900,1
2912.080100,2914.570100,2914.570100,2911.750000,2.490000,2.820100,2
2914.220000,2913.139900,2914.659900,2911.379900,-1.080100,3.280000,2
2932.230000,2928.280000,2932.230000,2928.280000,-3.950000,3.950000,2
2933.820100,2932.159900,2934.250000,2932.159900,-1.660200,2.090100,2
2935.610100,2934.480000,2936.149900,2933.399900,-1.130100,2.750000,2
2935.950000,2935.189900,2936.210000,2934.000000,-0.760100,2.210000,1
2933.790000,2936.350100,2937.040000,2933.639900,2.560100,3.400100,2
2934.780000,2933.960000,2934.780000,2933.439900,-0.820000,1.340100,2
2935.159900,2933.620100,2935.230000,2933.620100,-1.539800,1.609900,1
2933.540000,2935.090100,2935.110100,2933.320100,1.550100,1.790000,2
2934.870100,2933.540000,2935.010000,2932.520000,-1.330100,2.490000,1
2932.929900,2934.689900,2935.149900,2931.899900,1.760000,3.250000,1
2932.379900,2933.120100,2933.260000,2931.929900,0.740200,1.330100,1
2929.050000,2932.240000,2932.540000,2927.760000,3.190000,4.780000,1
2928.149900,2928.919900,2929.399900,2927.600100,0.770000,1.799800,1
2927.600100,2927.570100,2928.060100,2926.659900,-0.030000,1.400200,2
2928.470000,2927.379900,2928.919900,2927.159900,-1.090100,1.760000,2
2929.530000,2928.649900,2929.860100,2928.409900,-0.880100,1.450200,2
2930.460000,2929.750000,2930.590100,2928.740000,-0.710000,1.850100,1
2928.189900,2930.399900,2930.510000,2927.820100,2.210000,2.689900,1
2927.100100,2927.960000,2928.179900,2925.379900,0.859900,2.800000,2
2927.970000,2927.240000,2928.280000,2926.490000,-0.730000,1.790000,1
2925.810100,2928.030000,2928.179900,2925.189900,2.219900,2.990000,2
2927.460000,2925.879900,2927.990000,2925.879900,-1.580100,2.110100,1
2926.439900,2927.879900,2928.520000,2925.990000,1.440000,2.530000,1
2922.500000,2926.610100,2927.720000,2921.409900,4.110100,6.310100,1
2918.439900,2922.470000,2922.470000,2917.929900,4.030100,4.540100,2
2924.149900,2918.830100,2925.179900,2918.830100,-5.319800,6.349800,2
2924.189900,2922.980000,2924.379900,2921.730000,-1.209900,2.649900,2
2924.850100,2925.330100,2926.340100,2922.470000,0.480000,3.870100,1
2921.909900,2924.740000,2924.740000,2921.679900,2.830100,3.060100,2
2922.730000,2922.370100,2923.149900,2920.460000,-0.359900,2.689900,1
2919.460000,2922.770000,2923.210000,2919.460000,3.310000,3.750000,2
2924.510000,2919.889900,2926.530000,2919.830100,-4.620100,6.699900,2
2926.830100,2924.399900,2926.950000,2924.060100,-2.430200,2.889900,1
2925.439900,2926.810100,2926.810100,2925.200000,1.370200,1.610100,2
2927.899900,2925.020000,2928.040000,2924.990000,-2.879900,3.050000,2
2930.050000,2928.409900,2930.270000,2928.399900,-1.640100,1.870100,1
2929.090100,2930.179900,2931.379900,2929.090100,1.089800,2.289800,1
2929.080100,2929.230000,2929.439900,2928.159900,0.149900,1.280000,2
2930.590100,2929.080100,2931.409900,2929.010000,-1.510000,2.399900,1
2927.570100,2930.649900,2930.649900,2926.379900,3.079800,4.270000,2
2928.050000,2927.500000,2928.720000,2927.500000,-0.550000,1.220000,2
2928.750000,2928.169900,2929.620100,2928.169900,-0.580100,1.450200,2
2930.710000,2928.750000,2930.800000,2928.750000,-1.960000,2.050000,1
2929.379900,2930.700000,2930.700000,2928.820100,1.320100,1.879900,2
2929.730000,2929.330100,2930.189900,2928.840100,-0.399900,1.349800,2
2930.540000,2929.750000,2931.020000,2929.540000,-0.790000,1.480000,1
2927.389900,2930.530000,2930.790000,2927.200000,3.140100,3.590000,1
2926.200000,2927.000000,2928.169900,2925.820100,0.800000,2.349800,1
2922.020000,2926.000000,2926.000000,2921.679900,3.980000,4.320100,1
2921.399900,2921.929900,2922.490000,2919.600100,0.530000,2.889900,2
2923.189900,2922.189900,2924.149900,2921.720000,-1.000000,2.429900,2
2923.620100,2923.260000,2925.210000,2923.260000,-0.360100,1.950000,2
2934.220000,2933.210000,2937.090100,2933.080100,-1.010000,4.010000,1
2933.360100,2934.790000,2935.030000,2933.080100,1.429900,1.949900,2
2938.620100,2933.590100,2938.620100,2933.250000,-5.030000,5.370100,1
2937.429900,2938.510000,2939.760000,2937.129900,1.080100,2.630100,1
2936.220000,2937.350100,2937.350100,2934.129900,1.130100,3.220200,1
2934.300000,2936.760000,2936.860100,2934.300000,2.460000,2.560100,1
2933.310100,2934.620100,2934.620100,2932.030000,1.310000,2.590100,2
2935.310100,2933.100100,2935.310100,2933.100100,-2.210000,2.210000,1
2932.850100,2935.530000,2935.730000,2931.830100,2.679900,3.899900,2
2936.730000,2932.500000,2936.730000,2932.120100,-4.230000,4.609900,1
2935.810100,2937.010000,2937.189900,2934.730000,1.199900,2.459900,2
2937.100100,2935.720000,2937.689900,2935.720000,-1.380100,1.969900,1
2934.679900,2937.070100,2937.320100,2934.070100,2.390200,3.250000,2
2935.970000,2934.909900,2936.090100,2934.909900,-1.060100,1.180200,2
2937.010000,2935.879900,2937.110100,2935.580100,-1.130100,1.530000,1
2936.100100,2937.020000,2937.200000,2934.700000,0.919900,2.500000,1
2934.730000,2936.110100,2936.470000,2934.530000,1.380100,1.940000,2
2935.760000,2934.770000,2935.879900,2934.550000,-0.990000,1.329900,2
2937.270000,2935.919900,2937.370100,2935.810100,-1.350100,1.560000,1
2935.169900,2937.320100,2937.340100,2934.429900,2.150200,2.910200,1
2928.080100,2935.100100,2935.149900,2927.000000,7.020000,8.149900,1
2926.950000,2928.120100,2928.600100,2924.169900,1.170100,4.430200,1
2926.379900,2928.030000,2928.030000,2925.330100,1.650100,2.699900,1
2923.720000,2926.470000,2926.480000,2921.540000,2.750000,4.940000,2
2924.620100,2924.110100,2925.360100,2923.629900,-0.510000,1.730200,2
2925.250000,2925.280000,2926.929900,2924.970000,0.030000,1.959900,1
2914.610100,2918.919900,2919.639900,2914.460000,4.309800,5.179900,1
2914.080100,2914.280000,2916.610100,2913.679900,0.199900,2.930200,1
2908.260000,2913.879900,2913.879900,2907.340100,5.619900,6.539800,1
2904.260000,2908.169900,2908.659900,2902.000000,3.909900,6.659900,1
2903.639900,2903.480000,2905.460000,2901.669900,-0.159900,3.790100,2
2903.810100,2904.320100,2906.909900,2903.810100,0.510000,3.099800,2
2905.899900,2903.610100,2908.540000,2903.610100,-2.289800,4.929900,1
2903.939900,2905.770000,2906.830100,2903.939900,1.830100,2.890200,1
2900.810100,2904.830100,2905.270000,2900.060100,4.020000,5.209900,1
2899.270000,2900.439900,2902.909900,2899.129900,1.169900,3.780000,1
2896.000000,2898.870100,2899.669900,2896.000000,2.870100,3.669900,1
2893.100100,2896.399900,2896.409900,2890.230000,3.299800,6.179900,2
2897.110100,2893.590100,2900.030000,2893.320100,-3.520000,6.709900,1
2894.810100,2896.780000,2898.419900,2894.139900,1.969900,4.280000,1
2890.310100,2894.040000,2895.169900,2890.310100,3.729900,4.859800,2
2891.050000,2890.409900,2891.980000,2887.850100,-0.640100,4.129900,2
2892.189900,2890.850100,2892.189900,2886.710000,-1.339800,5.479900,1
2888.379900,2892.110100,2892.110100,2886.639900,3.730200,5.470200,2
2889.280000,2888.370100,2890.629900,2887.669900,-0.909900,2.960000,1
2887.620100,2889.000000,2889.000000,2884.060100,1.379900,4.939900,2
2892.399900,2887.600100,2894.899900,2886.790000,-4.799800,8.109900,2
2897.980000,2892.470000,2898.419900,2891.860100,-5.510000,6.559800,2
2898.980000,2898.070100,2900.990000,2896.899900,-0.909900,4.090100,1
2896.000000,2899.450000,2900.360100,2896.000000,3.450000,4.360100,2
2896.800000,2895.689900,2896.800000,2893.710000,-1.110100,3.090000,2
2901.060100,2897.750000,2903.689900,2897.750000,-3.310100,5.939900,2
2906.760000,2902.639900,2909.480000,2901.790000,-4.120100,7.690000,1
2902.149900,2908.720000,2908.990000,2901.179900,6.570100,7.810100,1
2899.520000,2901.439900,2904.110100,2899.220000,1.919900,4.890100,2
2904.649900,2900.120100,2905.419900,2899.110100,-4.529800,6.309800,1
2901.020000,2904.399900,2904.399900,2899.990000,3.379900,4.409900,1
2896.879900,2900.610100,2900.860100,2895.980000,3.730200,4.880100,1
2892.210000,2897.530000,2897.530000,2890.870100,5.320000,6.659900,1
2888.399900,2892.879900,2892.879900,2887.879900,4.480000,5.000000,1
2884.270000,2888.080100,2889.689900,2883.310100,3.810100,6.379800,1
2877.840100,2883.120100,2883.120100,2877.669900,5.280000,5.450200,2
2878.629900,2876.950000,2882.480000,2876.950000,-1.679900,5.530000,2
2880.460000,2878.510000,2882.330100,2877.330100,-1.950000,5.000000,1
2875.679900,2879.960000,2879.960000,2873.679900,4.280100,6.280100,2
2876.439900,2875.490000,2878.889900,2875.250000,-0.949900,3.639900,1
2873.070100,2875.980000,2876.210000,2871.950000,2.909900,4.260000,1
2870.629900,2873.330100,2874.760000,2869.590100,2.700200,5.169900,2
2877.720000,2871.580100,2877.720000,2869.450000,-6.139900,8.270000,2
2879.760000,2877.840100,2880.689900,2876.679900,-1.919900,4.010000,1
2877.730000,2879.610100,2881.510000,2877.669900,1.880100,3.840100,2
2883.830100,2877.659900,2883.939900,2877.560100,-6.170200,6.379800,2
2886.230000,2883.950000,2887.610100,2882.710000,-2.280000,4.900100,2
2886.860100,2886.470000,2886.939900,2883.659900,-0.390100,3.280000,2
2888.280000,2887.439900,2890.090100,2884.780000,-0.840100,5.310100,1
2886.179900,2888.320100,2889.399900,2885.600100,2.140200,3.799800,2
2886.510000,2886.490000,2886.510000,2881.760000,-0.020000,4.750000,1
2885.020000,2886.570100,2890.370100,2884.460000,1.550100,5.910100,1
2881.669900,2876.810100,2881.950000,2874.110100,-4.859800,7.839900,1
2878.960000,2877.139900,2878.960000,2875.600100,-1.820100,3.359900,2
2881.669900,2879.230000,2881.950000,2877.800000,-2.439900,4.150000,2
2882.409900,2882.929900,2883.909900,2882.409900,0.520000,1.500000,2
2886.439900,2881.730000,2886.649900,2881.700000,-4.709900,4.949900,1
2884.700000,2885.290000,2885.570100,2884.659900,0.590000,0.910200,2
2886.129900,2884.409900,2886.129900,2884.409900,-1.720000,1.720000,1
2885.700000,2885.590100,2885.750000,2884.000000,-0.109900,1.750000,2
2888.340100,2886.310100,2888.530000,2885.250000,-2.030000,3.280000,1
2887.139900,2888.600100,2888.600100,2887.139900,1.460200,1.460200,2
2887.450000,2886.970000,2887.689900,2886.639900,-0.480000,1.050000,1
2887.360100,2888.100100,2888.820100,2887.159900,0.740000,1.660200,1
2886.429900,2886.669900,2887.560100,2886.429900,0.240000,1.130200,1
2885.409900,2886.060100,2886.060100,2884.320100,0.650200,1.740000,1
2883.820100,2885.659900,2886.010000,2883.820100,1.839800,2.189900,1
2882.060100,2884.230000,2884.230000,2881.520000,2.169900,2.710000,2
2882.260000,2882.300000,2882.490000,2881.270000,0.040000,1.220000,2
2883.030000,2881.629900,2883.490000,2881.629900,-1.400100,1.860100,1
2879.450000,2882.850100,2882.850100,2879.450000,3.400100,3.400100,1
2877.990000,2879.450000,2879.450000,2877.990000,1.460000,1.460000,2
2879.409900,2878.360100,2879.590100,2878.360100,-1.049800,1.230000,2
2879.639900,2879.129900,2879.939900,2878.030000,-0.510000,1.909900,1
2879.290000,2879.240000,2879.700000,2878.419900,-0.050000,1.280100,1
2876.570100,2879.030000,2879.030000,2876.419900,2.459900,2.610100,1
2873.980000,2876.320100,2876.540000,2873.939900,2.340100,2.600100,1
2870.639900,2873.620100,2874.210000,2870.639900,2.980200,3.570100,1
2867.300000,2869.710000,2869.860100,2866.179900,2.410000,3.680200,1
2864.530000,2866.070100,2866.090100,2862.470000,1.540100,3.620100,2
2867.520000,2864.929900,2867.689900,2864.929900,-2.590100,2.760000,2
2868.419900,2866.560100,2868.419900,2864.290000,-1.859800,4.129900,1
2868.200000,2867.700000,2868.200000,2865.520000,-0.500000,2.680000,1
2867.040000,2867.870100,2868.290000,2866.470000,0.830100,1.820000,1
2866.720000,2867.280000,2867.310100,2865.429900,0.560000,1.880200,1
2866.379900,2867.260000,2868.439900,2866.129900,0.880100,2.310000,2
2870.909900,2865.570100,2870.909900,2865.159900,-5.339800,5.750000,2
2872.230000,2871.169900,2872.230000,2870.429900,-1.060100,1.800100,1
2868.939900,2872.110100,2872.110100,2868.939900,3.170200,3.170200,2
2870.159900,2869.080100,2870.629900,2868.280000,-1.079800,2.349900,2
2870.260000,2869.870100,2871.149900,2869.510000,-0.389900,1.639900,1
2869.939900,2870.200000,2870.970000,2868.340100,0.260100,2.629900,1
2867.020000,2869.780000,2870.540000,2866.939900,2.760000,3.600100,1
2863.159900,2867.439900,2867.439900,2863.159900,4.280000,4.280000,2
2867.320100,2862.780000,2867.320100,2862.780000,-4.540100,4.540100,2
2870.899900,2867.030000,2870.899900,2866.090100,-3.869900,4.809800,1
2868.610100,2870.540000,2870.540000,2868.480000,1.929900,2.060000,1
2864.720000,2868.370100,2868.379900,2864.300000,3.650100,4.079900,1
2864.530000,2864.960000,2865.639900,2863.710000,0.430000,1.929900,2
2865.179900,2865.590100,2866.980000,2865.179900,0.410200,1.800100,2
2868.240000,2864.990000,2868.710000,2864.970000,-3.250000,3.740000,2
2870.679900,2868.909900,2870.970000,2868.909900,-1.770000,2.060100,2
2872.139900,2870.939900,2872.919900,2870.939900,-1.200000,1.980000,1
2872.030000,2872.220000,2873.629900,2871.350100,0.190000,2.279800,2
2872.939900,2872.370100,2873.639900,2872.310100,-0.569800,1.329800,1
2871.129900,2873.030000,2873.030000,2871.129900,1.900100,1.900100,2
2875.939900,2870.649900,2876.770000,2870.580100,-5.290000,6.189900,2
2880.600100,2876.179900,2881.320100,2876.179900,-4.420200,5.140200,1
2878.230000,2880.340100,2880.389900,2877.909900,2.110100,2.480000,1
2877.899900,2878.149900,2879.730000,2877.899900,0.250000,1.830100,2
2879.169900,2878.060100,2881.320100,2878.060100,-1.109800,3.260000,2
2879.700000,2879.340100,2880.950000,2879.210000,-0.359900,1.740000,2
2883.169900,2879.840100,2883.780000,2879.840100,-3.329800,3.939900,2
2883.720000,2883.030000,2883.720000,2882.060100,-0.690000,1.659900,2
2884.020000,2883.480000,2884.090100,2882.669900,-0.540000,1.420200,2
2885.790000,2884.270000,2886.230000,2883.560100,-1.520000,2.669900,1
2883.700000,2885.480000,2886.379900,2883.700000,1.780000,2.679900,1
2883.210000,2883.429900,2885.230000,2883.210000,0.219900,2.020000,2
2886.350100,2882.750000,2887.030000,2882.750000,-3.600100,4.280000,1
2885.800000,2886.480000,2886.659900,2883.980000,0.680000,2.679900,2
2886.740000,2885.669900,2887.470000,2885.490000,-1.070100,1.980000,2
2887.639900,2886.310100,2888.250000,2886.310100,-1.329800,1.939900,1
2884.600100,2887.639900,2887.929900,2884.600100,3.039800,3.329800,1
2884.600100,2884.620100,2886.230000,2884.340100,0.020000,1.889900,2
2885.550000,2886.100100,2887.010000,2885.010000,0.550100,2.000000,2
2887.240000,2885.560100,2887.399900,2884.909900,-1.679900,2.490000,2
2887.850100,2887.740000,2888.580100,2887.240000,-0.110100,1.340100,2
2888.550000,2888.220000,2889.200000,2887.360100,-0.330000,1.839900,1
2886.730000,2887.649900,2887.649900,2886.379900,0.919900,1.270000,1
2885.230000,2886.649900,2887.100100,2885.080100,1.419900,2.020000,1
2882.800000,2880.610100,2882.800000,2877.290000,-2.189900,5.510000,1
2881.330100,2883.379900,2883.379900,2880.570100,2.049800,2.809800,1
2878.960000,2880.200000,2880.200000,2877.530000,1.240000,2.670000,1
2874.760000,2878.189900,2878.189900,2874.350100,3.429900,3.839800,2
2882.679900,2875.370100,2882.679900,2875.370100,-7.309800,7.309800,2
2884.340100,2882.510000,2884.340100,2882.510000,-1.830100,1.830100,2
2885.560100,2885.490000,2886.689900,2884.830100,-0.070100,1.859800,1
2883.159900,2885.720000,2885.720000,2883.159900,2.560100,2.560100,2
2883.179900,2883.679900,2884.240000,2881.300000,0.500000,2.940000,2
2886.020000,2883.340100,2886.020000,2883.340100,-2.679900,2.679900,2
2888.929900,2886.350100,2888.929900,2886.290000,-2.579800,2.639900,2
2891.050000,2888.790000,2891.310100,2887.870100,-2.260000,3.440000,2
2892.710000,2891.580100,2894.070100,2891.290000,-1.129900,2.780100,1
2891.689900,2893.340100,2893.649900,2891.490000,1.650200,2.159900,2
2893.860100,2892.070100,2894.149900,2891.830100,-1.790000,2.319800,1
2893.310100,2892.810100,2894.639900,2891.639900,-0.500000,3.000000,1
2889.040000,2892.700000,2893.590100,2888.790000,3.660000,4.800100,1
2886.850100,2889.450000,2889.450000,2886.850100,2.599900,2.599900,1
2885.610100,2886.830100,2887.120100,2884.450000,1.220000,2.670100,1
2882.120100,2885.600100,2885.980000,2882.120100,3.480000,3.859900,2
2885.429900,2883.060100,2885.429900,2881.929900,-2.369800,3.500000,1
2884.990000,2886.159900,2886.370100,2884.030000,1.169900,2.340100,2
2888.280000,2885.659900,2888.360100,2885.659900,-2.620100,2.700200,2
2889.800000,2888.610100,2890.689900,2888.610100,-1.189900,2.079800,1
2887.780000,2889.689900,2890.100100,2887.780000,1.909900,2.320100,2
2888.399900,2887.460000,2889.810100,2887.460000,-0.939900,2.350100,2
2889.129900,2888.750000,2889.840100,2888.610100,-0.379900,1.230000,1
2888.110100,2889.000000,2889.560100,2887.030000,0.889900,2.530100,2
2890.790000,2888.000000,2891.419900,2888.000000,-2.790000,3.419900,2
2891.320100,2891.649900,2891.879900,2890.629900,0.329800,1.250000,2
2891.730000,2891.340100,2893.490000,2890.970000,-0.389900,2.520000,1
2891.230000,2891.360100,2893.270000,2891.159900,0.130100,2.110100,1
2887.780000,2891.010000,2891.179900,2887.780000,3.230000,3.399900,1
2886.399900,2887.419900,2887.850100,2886.389900,1.020000,1.460200,1
2885.189900,2886.120100,2887.030000,2885.189900,0.930200,1.840100,2
2885.950000,2884.860100,2886.010000,2884.860100,-1.089900,1.149900,1
2884.330100,2885.270000,2885.330100,2883.429900,0.939900,1.900200,2
2886.260000,2884.510000,2887.270000,2884.510000,-1.750000,2.760000,1
2881.590100,2886.429900,2886.550000,2881.590100,4.839800,4.959900,1
2880.639900,2881.580100,2882.280000,2879.020000,0.940200,3.260000,1
2879.889900,2880.889900,2880.980000,2879.730000,1.000000,1.250000,2
2880.570100,2879.659900,2881.820100,2879.659900,-0.910200,2.160200,1
2877.560100,2880.060100,2880.060100,2876.860100,2.500000,3.200000,2
2878.700000,2877.290000,2879.409900,2876.770000,-1.410000,2.639900,2
2881.919900,2879.010000,2882.129900,2879.010000,-2.909900,3.119900,1
2881.330100,2881.689900,2882.710000,2881.330100,0.359800,1.379900,2
2884.460000,2881.080100,2885.360100,2881.080100,-3.379900,4.280000,1
2883.480000,2884.540000,2884.540000,2882.929900,1.060000,1.610100,1
2882.169900,2883.460000,2883.460000,2881.740000,1.290100,1.720000,1
2879.649900,2881.850100,2881.850100,2879.020000,2.200200,2.830100,1
2878.470000,2879.550000,2881.100100,2877.860100,1.080000,3.240000,2
2880.090100,2878.429900,2880.510000,2877.780000,-1.660200,2.730000,2
2880.750000,2879.590100,2880.750000,2879.520000,-1.159900,1.230000,2
2883.500000,2880.929900,2884.379900,2880.929900,-2.570100,3.450000,1
2881.679900,2883.340100,2883.340100,2881.570100,1.660200,1.770000,2
2882.879900,2881.580100,2882.879900,2880.080100,-1.299800,2.799800,2
2884.240000,2883.679900,2884.450000,2882.230000,-0.560100,2.220000,1
2882.689900,2884.350100,2885.290000,2882.689900,1.660200,2.600100,2
2884.669900,2882.889900,2885.010000,2882.820100,-1.780000,2.189900,2
2884.689900,2884.490000,2885.510000,2883.899900,-0.199900,1.610100,1
2883.149900,2885.080100,2885.080100,2883.149900,1.930200,1.930200,2
2883.610100,2883.090100,2883.639900,2881.790000,-0.520000,1.849900,2
2884.389900,2883.879900,2884.730000,2883.129900,-0.510000,1.600100,1
2883.570100,2884.450000,2884.450000,2882.169900,0.879900,2.280100,2
2887.290000,2883.450000,2887.419900,2883.419900,-3.840000,4.000000,2
2887.669900,2887.379900,2888.110100,2887.139900,-0.290000,0.970200,1
2886.240000,2887.189900,2887.600100,2886.100100,0.949900,1.500000,2
2886.689900,2886.110100,2887.120100,2886.050000,-0.579800,1.070100,1
2885.740000,2886.610100,2886.860100,2884.990000,0.870100,1.870100,1
2885.129900,2885.590100,2886.290000,2884.840100,0.460200,1.449900,1
2880.110100,2885.040000,2885.040000,2880.010000,4.929900,5.030000,2
2881.139900,2880.290000,2881.470000,2880.290000,-0.849900,1.180000,2
2881.439900,2881.070100,2881.810100,2880.429900,-0.369800,1.380200,2
2881.790000,2881.370100,2882.250000,2880.899900,-0.419900,1.350100,1
2880.899900,2881.530000,2881.730000,2880.480000,0.630100,1.250000,2
2885.120100,2882.800000,2885.970000,2882.780000,-2.320100,3.190000,1
2882.970000,2885.010000,2885.010000,2880.669900,2.040000,4.340100,1
2880.530000,2882.360100,2882.360100,2880.490000,1.830100,1.870100,1
2867.030000,2872.830100,2872.830100,2866.980000,5.800100,5.850100,1
2863.710000,2867.000000,2867.000000,2863.159900,3.290000,3.840100,2
2864.010000,2864.929900,2866.780000,2864.010000,0.919900,2.770000,1
2862.710000,2864.480000,2865.669900,2862.560100,1.770000,3.109800,1
2858.860100,2860.600100,2862.500000,2858.860100,1.740000,3.639900,1
2852.480000,2858.939900,2859.379900,2852.040000,6.459900,7.339900,1
2847.780000,2852.570100,2854.889900,2846.530000,4.790100,8.359900,2
2852.560100,2849.120100,2852.929900,2847.679900,-3.440000,5.250000,1
2850.750000,2852.460000,2853.590100,2850.750000,1.710000,2.840100,2
2852.320100,2849.810100,2852.320100,2847.929900,-2.510000,4.390200,2
2855.620100,2852.610100,2855.810100,2852.610100,-3.010000,3.200000,1
2853.439900,2855.439900,2856.320100,2853.379900,2.000000,2.940200,1
2851.950000,2853.310100,2855.470000,2851.950000,1.360100,3.520000,1
2849.710000,2849.939900,2852.290000,2849.370100,0.229900,2.919900,1
2849.250000,2849.740000,2850.169900,2849.250000,0.490000,0.919900,1
2849.169900,2848.899900,2849.169900,2848.899900,-0.270000,0.270000,1
2844.960000,2848.100100,2849.120100,2844.960000,3.140100,4.160100,1
2841.189900,2843.770000,2843.770000,2841.189900,2.580100,2.580100,1
2840.379900,2840.560100,2841.970000,2839.260000,0.180200,2.710000,1
2838.040000,2839.470000,2840.129900,2837.550000,1.430000,2.579900,1
2835.649900,2838.399900,2838.399900,2833.240000,2.750000,5.159900,2
