52.085000,51.965000,52.250000,51.870000,-0.120000,0.380000,2
52.265000,52.100000,52.444200,52.084800,-0.165000,0.359400,1
52.210000,52.290000,52.302500,52.065000,0.080000,0.237500,1
52.194700,52.200000,52.240000,52.130000,0.005300,0.110000,1
52.160000,52.200000,52.210000,52.129000,0.040000,0.081000,2
52.220000,52.166600,52.250000,52.166600,-0.053400,0.083400,2
52.270000,52.215000,52.270000,52.165000,-0.055000,0.105000,2
52.410000,52.101000,52.445000,51.770000,-0.309000,0.675000,2
52.505000,52.420000,52.530000,52.370000,-0.085000,0.160000,2
52.600000,52.509000,52.650000,52.435200,-0.091000,0.214800,1
52.580000,52.609000,52.680000,52.520200,0.029000,0.159800,1
52.570000,52.590000,52.600000,52.530000,0.020000,0.070000,2
52.595000,52.565000,52.715000,52.530000,-0.030000,0.185000,1
52.470000,52.595000,52.605000,52.470000,0.125000,0.135000,1
52.290000,52.400000,52.720000,52.230000,0.110000,0.490000,2
52.440000,52.300000,52.591000,52.290000,-0.140000,0.301000,1
52.420000,52.434000,52.490000,52.340000,0.014000,0.150000,2
52.445000,52.429700,52.455000,52.320000,-0.015300,0.135000,1
52.445000,52.445000,52.460000,52.390000,0.000000,0.070000,2
52.490000,52.450000,52.505000,52.390000,-0.040000,0.115000,1
52.470000,52.490000,52.545000,52.435000,0.020000,0.110000,2
52.755000,52.420000,52.815000,52.420000,-0.335000,0.395000,1
52.755000,52.755000,52.830000,52.570000,0.000000,0.260000,1
52.750000,52.755000,52.840000,52.730000,0.005000,0.110000,2
52.795000,52.750000,52.795000,52.715000,-0.045000,0.080000,2
52.860000,52.810000,52.870000,52.800000,-0.050000,0.070000,1
52.830000,52.860000,52.880000,52.735500,0.030000,0.144500,1
52.720000,52.830000,52.860000,52.710000,0.110000,0.150000,2
52.805500,52.730000,52.990000,52.720000,-0.075500,0.270000,2
52.885000,52.810000,53.060000,52.810000,-0.075000,0.250000,2
53.014000,52.895000,53.100000,52.895000,-0.119000,0.205000,1
53.010000,53.010200,53.050000,52.950000,0.000200,0.100000,2
53.079000,53.015000,53.085000,53.000000,-0.064000,0.085000,2
53.190000,53.070000,53.265000,53.055000,-0.120000,0.210000,1
53.010000,53.195000,53.195000,52.995000,0.185000,0.200000,1
52.710000,52.850000,52.910000,52.660000,0.140000,0.250000,1
52.650000,52.690000,52.830000,52.619900,0.040000,0.210100,1
52.466700,52.645000,52.660000,52.440000,0.178300,0.220000,1
52.420000,52.470000,52.540000,52.400000,0.050000,0.140000,1
52.410100,52.420000,52.460000,52.342500,0.009900,0.117500,2
52.505000,52.415000,52.580000,52.270000,-0.090000,0.310000,1
52.470000,52.520000,52.520000,52.380000,0.050000,0.140000,1
52.460000,52.630000,52.750000,52.440000,0.170000,0.310000,1
52.390000,52.450000,52.500000,52.365000,0.060000,0.135000,1
52.370000,52.400000,52.400000,52.230000,0.030000,0.170000,2
52.400000,52.375000,52.425000,52.280000,-0.025000,0.145000,1
52.340000,52.415000,52.448500,52.330000,0.075000,0.118500,1
52.320000,52.340000,52.370000,52.270000,0.020000,0.100000,1
52.230000,52.310000,52.310000,52.201000,0.080000,0.109000,2
52.640000,52.410000,52.680000,52.410000,-0.230000,0.270000,2
52.750000,52.640000,52.820000,52.570000,-0.110000,0.250000,1
52.643100,52.760000,52.810000,52.640000,0.116900,0.170000,1
52.616800,52.644700,52.675000,52.540000,0.027900,0.135000,2
52.770000,52.610000,52.790000,52.590000,-0.160000,0.200000,2
52.880000,52.775000,52.935000,52.770000,-0.105000,0.165000,1
52.880000,52.875000,52.900000,52.820000,-0.005000,0.080000,1
52.850000,52.730000,52.890000,52.470000,-0.120000,0.420000,2
52.970000,52.860000,52.990000,52.690000,-0.110000,0.300000,2
53.225000,52.980000,53.310000,52.974000,-0.245000,0.336000,1
53.215000,53.225000,53.360000,53.185000,0.010000,0.175000,1
52.970000,53.216500,53.275000,52.950000,0.246500,0.325000,2
53.070000,52.960000,53.115000,52.935000,-0.110000,0.180000,2
53.220000,53.073100,53.260000,53.073100,-0.146900,0.186900,2
53.685000,53.290000,53.840000,53.230000,-0.395000,0.610000,2
54.075000,53.700000,54.080000,53.700000,-0.375000,0.380000,2
54.131500,54.075000,54.235000,54.010000,-0.056500,0.225000,2
54.210000,54.130000,54.282500,54.030000,-0.080000,0.252500,2
54.225000,54.220000,54.260000,54.070000,-0.005000,0.190000,2
54.390000,54.225000,54.415000,54.175000,-0.165000,0.240000,1
54.280000,54.380000,54.380000,54.180000,0.100000,0.200000,2
54.620000,54.270000,54.620000,54.110000,-0.350000,0.510000,2
54.810000,54.625000,54.970000,54.600100,-0.185000,0.369900,2
55.004400,54.830000,55.050000,54.800000,-0.174400,0.250000,2
55.055700,55.005000,55.210000,55.000000,-0.050700,0.210000,1
54.985000,55.055000,55.180000,54.950000,0.070000,0.230000,1
54.773900,54.980000,55.110000,54.765000,0.206100,0.345000,2
54.790000,54.770000,54.810000,54.600000,-0.020000,0.210000,1
54.580000,54.980000,55.040000,54.570000,0.400000,0.470000,2
54.582200,54.590000,54.750000,54.550000,0.007800,0.200000,1
54.445200,54.580000,54.676000,54.430000,0.134800,0.246000,1
54.290000,54.440000,54.542900,54.283100,0.150000,0.259800,2
54.360000,54.290000,54.365000,54.210000,-0.070000,0.155000,2
54.700000,54.380000,54.723100,54.370000,-0.320000,0.353100,1
54.650000,54.690000,54.740000,54.590000,0.040000,0.150000,2
54.810000,54.880000,54.880000,54.480000,0.070000,0.400000,2
54.845000,54.810000,54.884300,54.640100,-0.035000,0.244200,2
54.987500,54.850000,54.995000,54.760000,-0.137500,0.235000,1
54.935000,54.970000,55.070000,54.930000,0.035000,0.140000,1
54.915000,54.935000,54.980000,54.850000,0.020000,0.130000,2
55.025000,54.915000,55.045000,54.871000,-0.110000,0.174000,1
54.910000,55.030000,55.030000,54.835000,0.120000,0.195000,1
54.175000,54.910000,55.000000,54.120000,0.735000,0.880000,2
54.350000,54.170000,54.350000,54.060000,-0.180000,0.290000,1
54.270000,54.351000,54.355000,54.200000,0.081000,0.155000,1
54.175000,54.280000,54.280000,54.140000,0.105000,0.140000,1
53.990000,54.175000,54.180000,53.950000,0.185000,0.230000,1
53.955000,53.990000,54.095000,53.940000,0.035000,0.155000,2
54.130000,53.960000,54.230000,53.944000,-0.170000,0.286000,2
54.510000,54.210000,54.540000,54.050000,-0.300000,0.490000,1
54.280000,54.520000,54.520000,54.240000,0.240000,0.280000,1
54.200000,54.260000,54.280000,54.185000,0.060000,0.095000,2
54.230000,54.190000,54.250000,54.170000,-0.040000,0.080000,1
54.220000,54.195000,54.227100,54.130000,-0.025000,0.097100,2
54.250000,54.215000,54.260000,54.150000,-0.035000,0.110000,2
54.280000,54.250000,54.290000,54.190000,-0.030000,0.100000,2
54.465000,54.300000,54.500000,54.240700,-0.165000,0.259300,2
54.700000,54.467600,54.700000,54.467600,-0.232400,0.232400,2
54.740000,54.695000,54.780000,54.695000,-0.045000,0.085000,2
54.740100,54.735400,54.780000,54.650000,-0.004700,0.130000,2
54.765000,54.750000,54.770000,54.650000,-0.015000,0.120000,1
54.720000,54.760000,54.825000,54.720000,0.040000,0.105000,2
54.770000,54.725000,54.790000,54.680000,-0.045000,0.110000,2
54.805000,55.000000,55.050000,54.715000,0.195000,0.335000,1
54.695000,54.830000,54.830000,54.665400,0.135000,0.164600,2
54.800000,54.700000,54.870000,54.690000,-0.100000,0.180000,1
54.795000,54.800000,54.810000,54.730000,0.005000,0.080000,2
54.820000,54.795600,54.850000,54.750000,-0.024400,0.100000,2
54.825000,54.825000,54.860000,54.785000,0.000000,0.075000,2
54.860000,54.821500,54.860000,54.800000,-0.038500,0.060000,1
54.710000,54.840000,54.895000,54.595000,0.130000,0.300000,2
54.760000,54.710000,54.810000,54.710000,-0.050000,0.100000,1
54.660000,54.700000,54.725500,54.625000,0.040000,0.100500,1
54.600000,54.660000,54.660000,54.555000,0.060000,0.105000,2
54.665000,54.600000,54.710000,54.595000,-0.065000,0.115000,1
54.485000,54.660000,54.685000,54.470000,0.175000,0.215000,2
54.655000,54.485000,54.660000,54.460000,-0.170000,0.200000,2
54.830000,54.780000,54.891600,54.510000,-0.050000,0.381600,2
54.850000,54.850000,54.950000,54.785000,0.000000,0.165000,1
54.774000,54.870000,54.930000,54.713100,0.096000,0.216900,2
54.800000,54.780000,54.880000,54.730000,-0.020000,0.150000,1
54.630000,54.804000,54.815000,54.610000,0.174000,0.205000,1
54.600000,54.640000,54.670000,54.575000,0.040000,0.095000,1
54.590000,54.600000,54.630000,54.510000,0.010000,0.120000,1
54.530000,54.370500,54.579900,54.270000,-0.159500,0.309900,1
54.504900,54.550000,54.635000,54.490000,0.045100,0.145000,2
54.725000,54.510000,54.725000,54.510000,-0.215000,0.215000,1
54.600000,54.720000,54.749900,54.590000,0.120000,0.159900,1
54.525000,54.595000,54.685000,54.460000,0.070000,0.225000,2
54.640000,54.510000,54.690000,54.490000,-0.130000,0.200000,2
54.740000,54.660000,54.800000,54.645000,-0.080000,0.155000,1
54.530000,54.475000,54.650000,54.220000,-0.055000,0.430000,1
54.170000,54.510000,54.527500,54.170000,0.340000,0.357500,2
54.255000,54.170000,54.480000,54.140000,-0.085000,0.340000,1
54.225000,54.245000,54.320000,54.175000,0.020000,0.145000,1
54.160000,54.220000,54.275000,54.130000,0.060000,0.145000,1
54.050000,54.160000,54.190000,54.040000,0.110000,0.150000,2
54.360000,54.045000,54.425000,54.045000,-0.315000,0.380000,1
53.290000,53.480000,53.580000,52.860000,0.190000,0.720000,2
53.364300,53.290000,53.450000,53.210000,-0.074300,0.240000,1
52.945000,53.370000,53.370000,52.905000,0.425000,0.465000,2
52.985000,52.945000,53.050000,52.890000,-0.040000,0.160000,1
52.955000,52.990000,53.025000,52.894000,0.035000,0.131000,2
53.105000,52.950000,53.150000,52.930000,-0.155000,0.220000,2
53.190000,53.105000,53.190000,53.060000,-0.085000,0.130000,2
53.855000,53.010000,53.900000,52.910000,-0.845000,0.990000,1
53.560000,53.845000,53.845000,53.530000,0.285000,0.315000,2
53.640000,53.560000,53.650000,53.470000,-0.080000,0.180000,2
53.885000,53.650000,53.885000,53.645000,-0.235000,0.240000,2
53.910000,53.890000,53.970000,53.800000,-0.020000,0.170000,1
53.865000,53.909900,53.909900,53.760100,0.044900,0.149800,1
53.830000,53.861600,53.945000,53.790000,0.031600,0.155000,2
53.880000,53.980000,54.110000,53.730000,0.100000,0.380000,1
53.765000,53.880000,53.920000,53.710000,0.115000,0.210000,2
53.845000,53.765000,53.940000,53.700000,-0.080000,0.240000,2
54.105000,53.840000,54.110000,53.825000,-0.265000,0.285000,2
54.160000,54.102700,54.200000,54.065000,-0.057300,0.135000,2
54.435000,54.160000,54.469800,54.150100,-0.275000,0.319700,1
54.290000,54.440000,54.470000,54.280000,0.150000,0.190000,1
54.030000,54.090000,54.320000,53.940000,0.060000,0.380000,2
54.210000,54.025600,54.210000,53.950000,-0.184400,0.260000,2
54.290000,54.200000,54.310000,54.120000,-0.090000,0.190000,1
54.170000,54.300000,54.380000,54.150000,0.130000,0.230000,1
54.000000,54.180000,54.190000,53.880000,0.180000,0.310000,2
54.110200,54.000000,54.130000,53.910100,-0.110200,0.219900,1
54.010000,54.110000,54.140000,53.995000,0.100000,0.145000,2
54.150000,54.360000,54.670000,54.119800,0.210000,0.550200,2
54.160000,54.130000,54.230000,53.997900,-0.030000,0.232100,1
54.110000,54.175000,54.230000,54.000000,0.065000,0.230000,2
54.260000,54.100000,54.274000,54.100000,-0.160000,0.174000,2
54.320000,54.251300,54.360000,54.230000,-0.068700,0.130000,1
54.266200,54.330000,54.385000,54.266200,0.063800,0.118800,1
54.130000,54.260000,54.307400,54.110000,0.130000,0.197400,2
54.500000,54.320000,54.540000,54.130000,-0.180000,0.410000,2
54.640000,54.495000,54.640000,54.450000,-0.145000,0.190000,2
54.720000,54.625400,54.775000,54.610000,-0.094600,0.165000,2
54.815000,54.725000,54.815000,54.650000,-0.090000,0.165000,1
54.785000,54.814800,54.814800,54.700000,0.029800,0.114800,2
54.900000,54.785000,54.960000,54.785000,-0.115000,0.175000,1
54.730000,54.891000,54.900000,54.695000,0.161000,0.205000,2
55.240000,54.730000,55.410000,54.570000,-0.510000,0.840000,1
55.150000,55.240000,55.415000,55.055000,0.090000,0.360000,1
55.129000,55.166900,55.166900,54.930000,0.037900,0.236900,1
55.095000,55.130000,55.200000,55.090000,0.035000,0.110000,1
54.913900,55.100000,55.100000,54.870000,0.186100,0.230000,2
54.963200,54.915000,54.980000,54.840000,-0.048200,0.140000,2
54.970000,54.970000,55.075000,54.955000,0.000000,0.120000,1
54.790000,54.970000,54.970000,54.280000,0.180000,0.690000,2
54.800000,54.810000,54.851000,54.590000,0.010000,0.261000,2
54.940000,54.800100,54.960000,54.796800,-0.139900,0.163200,2
54.980000,54.930000,55.015000,54.794100,-0.050000,0.220900,1
54.920000,54.970000,54.973200,54.870000,0.050000,0.103200,2
54.980000,54.920000,54.992700,54.900000,-0.060000,0.092700,1
54.960000,54.975000,55.005000,54.880000,0.015000,0.125000,1
54.369900,54.890000,54.890000,54.321000,0.520100,0.569000,2
54.410000,54.390000,54.590000,54.340000,-0.020000,0.250000,1
54.320100,54.410000,54.440000,54.210000,0.089900,0.230000,1
54.280000,54.320000,54.370000,54.185000,0.040000,0.185000,2
54.295000,54.290000,54.325600,54.210000,-0.005000,0.115600,2
54.405000,54.300000,54.430000,54.230000,-0.105000,0.200000,2
54.550000,54.410000,54.580000,54.370000,-0.140000,0.210000,2
54.900000,54.800000,55.010000,54.520000,-0.100000,0.490000,1
54.640000,54.895000,54.980000,54.610000,0.255000,0.370000,2
55.000000,54.810000,55.010000,54.670000,-0.190000,0.340000,1
54.785000,54.810000,54.830000,54.670000,0.025000,0.160000,2
55.000000,54.780000,55.010000,54.780000,-0.220000,0.230000,1
54.900000,54.980000,55.010000,54.895000,0.080000,0.115000,2
54.910000,54.900000,54.980000,54.860000,-0.010000,0.120000,1
54.750000,54.930000,54.960000,54.750000,0.180000,0.210000,1
54.610000,54.740000,54.750000,54.610000,0.130000,0.140000,2
54.640000,54.620000,54.705000,54.610000,-0.020000,0.095000,2
54.680000,54.635000,54.680000,54.600000,-0.045000,0.080000,1
54.600000,54.676600,54.730000,54.570000,0.076600,0.160000,2
54.605000,54.610000,54.620000,54.550000,0.005000,0.070000,2
54.627500,54.609900,54.627500,54.560000,-0.017600,0.067500,2
54.640000,54.630000,54.650000,54.610000,-0.010000,0.040000,2
54.680000,54.630100,54.690000,54.600000,-0.049900,0.090000,1
54.580000,54.680000,54.685000,54.575000,0.100000,0.110000,2
54.620000,54.570000,54.620000,54.555000,-0.050000,0.065000,1
54.580000,54.620000,54.630000,54.510000,0.040000,0.120000,1
54.515000,54.575000,54.590000,54.490000,0.060000,0.100000,2
54.530000,54.520000,54.540000,54.510000,-0.010000,0.030000,1
54.520000,54.540000,54.570000,54.490000,0.020000,0.080000,2
54.585000,54.515000,54.590000,54.515000,-0.070000,0.075000,1
54.450000,54.585000,54.619000,54.435000,0.135000,0.184000,2
54.500000,54.450000,54.525000,54.435000,-0.050000,0.090000,1
54.500000,54.490000,54.520000,54.450000,-0.010000,0.070000,2
54.630000,54.505000,54.630000,54.490000,-0.125000,0.140000,2
54.690000,54.640000,54.710000,54.600000,-0.050000,0.110000,1
54.590000,54.520000,54.660000,54.290000,-0.070000,0.370000,1
54.580000,54.575000,54.580000,54.380000,-0.005000,0.200000,1
54.513000,54.610000,54.620000,54.425000,0.097000,0.195000,2
54.710000,54.523600,54.755000,54.520000,-0.186400,0.235000,2
54.730000,54.720000,54.765000,54.655000,-0.010000,0.110000,1
54.670000,54.725000,54.770000,54.670000,0.055000,0.100000,2
54.750000,54.680000,54.770000,54.670000,-0.070000,0.100000,2
54.760000,54.745000,54.800000,54.700000,-0.015000,0.100000,1
54.710000,54.745000,54.757600,54.705000,0.035000,0.052600,1
54.685000,54.720000,54.720000,54.645000,0.035000,0.075000,2
54.730000,54.685000,54.770000,54.660000,-0.045000,0.110000,1
54.610000,54.740000,54.750000,54.610000,0.130000,0.140000,1
54.590100,54.626900,54.674800,54.570000,0.036800,0.104800,1
54.590000,54.589900,54.603200,54.540000,-0.000100,0.063200,2
54.645000,54.580000,54.650000,54.540000,-0.065000,0.110000,2
54.686400,54.670000,54.700000,54.630000,-0.016400,0.070000,2
54.710000,54.680000,54.720000,54.670000,-0.030000,0.050000,1
54.705000,54.715000,54.730000,54.681000,0.010000,0.049000,1
54.637500,54.701000,54.710000,54.620000,0.063500,0.090000,2
54.660000,54.620000,54.710000,54.620000,-0.040000,0.090000,1
54.660000,54.665000,54.696800,54.610000,0.005000,0.086800,1
54.620000,54.670000,54.700000,54.574000,0.050000,0.126000,1
54.595000,54.620000,54.656700,54.570000,0.025000,0.086700,1
54.490100,54.580000,54.580000,54.490100,0.089900,0.089900,1
54.460000,54.495000,54.510000,54.430000,0.035000,0.080000,1
54.390000,54.455000,54.455000,54.365000,0.065000,0.090000,2
54.430000,54.690000,54.690000,54.410000,0.260000,0.280000,1
54.250000,54.430000,54.470000,54.250000,0.180000,0.220000,1
54.060000,54.222600,54.245000,54.040000,0.162600,0.205000,1
54.031500,54.070000,54.089900,53.990000,0.038500,0.099900,1
54.000000,54.035000,54.060000,53.980000,0.035000,0.080000,1
53.960000,54.000000,54.100000,53.915000,0.040000,0.185000,1
53.850000,53.958500,54.000000,53.820000,0.108500,0.180000,1
53.670000,53.855000,53.870000,53.660000,0.185000,0.210000,2
53.680000,53.670000,53.735000,53.585000,-0.010000,0.150000,2
53.830000,53.705000,53.880000,53.694000,-0.125000,0.186000,2
53.875000,53.840000,53.905000,53.785000,-0.035000,0.120000,1
53.770000,53.870000,53.920000,53.755000,0.100000,0.165000,2
53.850000,53.760000,53.860000,53.750000,-0.090000,0.110000,1
53.785000,53.840000,53.880000,53.785000,0.055000,0.095000,1
53.720000,53.785000,53.790000,53.720000,0.065000,0.070000,2
53.725000,53.725000,53.760000,53.700000,0.000000,0.060000,2
53.755000,53.730000,53.770000,53.720000,-0.025000,0.050000,1
53.652100,53.760000,53.790000,53.640000,0.107900,0.150000,2
53.660000,53.645000,53.695000,53.596700,-0.015000,0.098300,1
53.645000,53.660000,53.700000,53.630000,0.015000,0.070000,1
53.595000,53.641500,53.645000,53.590000,0.046500,0.055000,1
53.535000,53.600000,53.600000,53.535000,0.065000,0.065000,1
53.410000,53.540000,53.540000,53.410000,0.130000,0.130000,2
53.415000,53.410000,53.435000,53.370000,-0.005000,0.065000,2
53.455000,53.415000,53.490000,53.385000,-0.040000,0.105000,2
53.490000,53.465000,53.500000,53.430000,-0.025000,0.070000,2
53.630000,53.670000,53.720000,53.320000,0.040000,0.400000,1
53.480000,53.680000,53.680000,53.450000,0.200000,0.230000,2
53.580000,53.480000,53.590000,53.460000,-0.100000,0.130000,1
53.520000,53.588800,53.590100,53.520000,0.068800,0.070100,1
53.520000,53.540000,53.540000,53.490000,0.020000,0.050000,1
53.515000,53.510000,53.575000,53.505000,-0.005000,0.070000,2
53.550000,53.510000,53.560000,53.480000,-0.040000,0.080000,2
53.785000,53.545000,53.785000,53.540000,-0.240000,0.245000,2
53.800000,53.786300,53.865000,53.755000,-0.013700,0.110000,2
53.960000,53.790000,53.980000,53.790000,-0.170000,0.190000,2
54.100000,53.955000,54.100000,53.895000,-0.145000,0.205000,1
53.945000,54.090000,54.140000,53.945000,0.145000,0.195000,1
53.870000,53.930000,53.960000,53.855000,0.060000,0.105000,1
53.815000,53.865000,53.870000,53.815000,0.050000,0.055000,2
53.890000,53.810000,53.920000,53.800000,-0.080000,0.120000,1
53.830000,53.880000,53.885000,53.830000,0.050000,0.055000,2
53.960000,53.830000,54.010000,53.830000,-0.130000,0.180000,2
54.025000,53.979300,54.025000,53.950000,-0.045700,0.075000,1
54.005000,54.020000,54.030000,53.930000,0.015000,0.100000,1
53.850000,54.007300,54.050000,53.850000,0.157300,0.200000,1
53.770000,53.850000,53.870000,53.760000,0.080000,0.110000,2
53.880000,53.785000,53.920000,53.780000,-0.095000,0.140000,2
53.910000,53.890000,53.945000,53.880000,-0.020000,0.065000,1
53.810000,53.906400,53.906400,53.810000,0.096400,0.096400,1
53.810000,53.810000,53.890000,53.800000,0.000000,0.090000,2
53.960000,53.810000,53.960000,53.810000,-0.150000,0.150000,2
54.645000,54.340000,54.710000,54.145000,-0.305000,0.565000,1
54.419900,54.640000,54.640000,54.380000,0.220100,0.260000,2
54.470000,54.410000,54.535000,54.350000,-0.060000,0.185000,1
54.430000,54.475000,54.475000,54.295000,0.045000,0.180000,2
54.490000,54.440000,54.530000,54.420000,-0.050000,0.110000,1
54.390000,54.520000,54.530000,54.360000,0.130000,0.170000,1
54.240000,54.385000,54.415000,54.235000,0.145000,0.180000,1
54.190000,54.220000,54.260000,54.155000,0.030000,0.105000,2
54.435000,54.200000,54.440000,54.200000,-0.235000,0.240000,2
54.520000,54.446100,54.520000,54.410000,-0.073900,0.110000,1
54.520000,54.520000,54.540000,54.450000,0.000000,0.090000,2
54.570000,54.520000,54.590000,54.495000,-0.050000,0.095000,1
54.540000,54.590000,54.670000,54.510000,0.050000,0.160000,1
54.500000,54.545000,54.560000,54.500000,0.045000,0.060000,2
54.505000,54.490000,54.565000,54.480000,-0.015000,0.085000,2
54.580000,54.495000,54.645000,54.495000,-0.085000,0.150000,2
54.599400,54.590000,54.599400,54.510000,-0.009400,0.089400,1
54.590000,54.592000,54.620000,54.540000,0.002000,0.080000,1
54.460300,54.605000,54.605000,54.460000,0.144700,0.145000,2
54.550000,54.470000,54.570000,54.455000,-0.080000,0.115000,1
54.550000,54.550000,54.585000,54.520000,0.000000,0.065000,2
54.615000,54.545000,54.625300,54.519900,-0.070000,0.105400,2
54.695000,54.615000,54.705000,54.615000,-0.080000,0.090000,1
54.640000,54.696500,54.725000,54.633600,0.056500,0.091400,1
54.380000,54.635000,54.640000,54.270000,0.255000,0.370000,2
54.440000,54.380000,54.800000,54.360000,-0.060000,0.440000,1
54.220000,54.250000,54.450000,54.180000,0.030000,0.270000,1
53.960000,54.235000,54.240000,53.895000,0.275000,0.345000,2
53.970000,53.960000,54.000000,53.910000,-0.010000,0.090000,1
53.870000,53.970000,54.040000,53.850000,0.100000,0.190000,1
53.720000,53.910000,53.930000,53.685000,0.190000,0.245000,2
53.805000,53.720000,53.860000,53.630000,-0.085000,0.230000,1
53.730000,53.820000,53.890000,53.730000,0.090000,0.160000,2
53.745000,53.730000,53.805000,53.690000,-0.015000,0.115000,1
53.680000,53.740000,53.800000,53.680000,0.060000,0.120000,1
53.574000,53.680000,53.690000,53.545000,0.106000,0.145000,2
53.576900,53.575000,53.590000,53.530000,-0.001900,0.060000,2
53.630000,53.570000,53.635000,53.535000,-0.060000,0.100000,2
53.650000,53.635000,53.660000,53.560000,-0.015000,0.100000,1
53.600000,53.650000,53.670000,53.590000,0.050000,0.080000,1
53.550000,53.595000,53.600000,53.530000,0.045000,0.070000,2
53.620000,53.560000,53.625000,53.545000,-0.060000,0.080000,2
53.660000,53.625100,53.682900,53.600000,-0.034900,0.082900,1
53.615000,53.660000,53.670000,53.600000,0.045000,0.070000,2
53.630000,53.610700,53.650000,53.585000,-0.019300,0.065000,1
53.610000,53.625000,53.650000,53.580000,0.015000,0.070000,1
53.600000,53.620000,53.665000,53.600000,0.020000,0.065000,2
53.615000,53.595000,53.630000,53.590000,-0.020000,0.040000,1
53.600000,53.610000,53.645000,53.590000,0.010000,0.055000,1
53.580000,53.595000,53.600000,53.570000,0.015000,0.030000,1
53.565000,53.585000,53.615000,53.550000,0.020000,0.065000,1
53.550000,53.565000,53.600000,53.540000,0.015000,0.060000,1
53.480000,53.454000,53.625000,53.280000,-0.026000,0.345000,1
53.290000,53.450000,53.460000,53.275000,0.160000,0.185000,1
53.255000,53.290000,53.370000,53.230000,0.035000,0.140000,2
53.480000,53.280000,53.480000,53.280000,-0.200000,0.200000,1
53.450000,53.460000,53.510000,53.440000,0.010000,0.070000,1
53.350000,53.425000,53.455000,53.350000,0.075000,0.105000,2
53.485000,53.370000,53.520000,53.350000,-0.115000,0.170000,2
53.530000,53.475000,53.580000,53.465000,-0.055000,0.115000,1
53.485000,53.535000,53.650000,53.485000,0.050000,0.165000,1
53.450000,53.500000,53.535000,53.410000,0.050000,0.125000,2
53.485000,53.460000,53.550000,53.460000,-0.025000,0.090000,1
53.445000,53.485000,53.497900,53.420000,0.040000,0.077900,2
53.510000,53.450000,53.510000,53.450000,-0.060000,0.060000,1
53.440000,53.510000,53.530000,53.430000,0.070000,0.100000,1
53.365000,53.430000,53.430000,53.360000,0.065000,0.070000,1
53.290000,53.360000,53.360000,53.280000,0.070000,0.080000,1
53.183400,53.290000,53.290000,53.140000,0.106600,0.150000,1
53.170000,53.177000,53.240000,53.140000,0.007000,0.100000,2
53.180000,53.160000,53.240000,53.120000,-0.020000,0.120000,1
53.165000,53.183300,53.240000,53.163400,0.018300,0.076600,2
53.222400,53.170000,53.250000,53.160000,-0.052400,0.090000,1
53.200000,53.226000,53.240000,53.150000,0.026000,0.090000,1
53.180000,53.205000,53.220000,53.170000,0.025000,0.050000,2
53.200000,53.185000,53.210000,53.150000,-0.015000,0.060000,1
53.130000,53.205000,53.220000,53.124000,0.075000,0.096000,1
53.060000,53.125000,53.160000,52.920000,0.065000,0.240000,2
53.230000,53.255000,53.330000,53.150000,0.025000,0.180000,2
53.270000,53.240000,53.280000,53.190000,-0.030000,0.090000,2
53.370000,53.280000,53.380000,53.210000,-0.090000,0.170000,1
53.330000,53.380000,53.380000,53.290000,0.050000,0.090000,2
53.340000,53.310000,53.360000,53.270000,-0.030000,0.090000,2
53.500000,53.339900,53.510000,53.339900,-0.160100,0.170100,1
53.490000,53.510000,53.579900,53.490000,0.020000,0.089900,1
53.430000,53.460000,53.470000,53.380000,0.030000,0.090000,2
53.470000,53.440000,53.515000,53.440000,-0.030000,0.075000,2
53.480000,53.470000,53.510000,53.445000,-0.010000,0.065000,1
53.460000,53.470000,53.490000,53.441600,0.010000,0.048400,1
53.450000,53.465000,53.530000,53.445000,0.015000,0.085000,1
53.350000,53.446800,53.475000,53.350000,0.096800,0.125000,2
53.395000,53.360000,53.395800,53.325000,-0.035000,0.070800,1
53.375000,53.399800,53.440000,53.375000,0.024800,0.065000,1
53.365000,53.385000,53.400000,53.350000,0.020000,0.050000,2
53.380000,53.370000,53.420000,53.350000,-0.010000,0.070000,2
53.470000,53.375000,53.555000,53.345000,-0.095000,0.210000,1
53.330000,53.480000,53.550000,53.330000,0.150000,0.220000,2
53.360000,53.340000,53.388500,53.305000,-0.020000,0.083500,1
53.315000,53.355000,53.370000,53.275000,0.040000,0.095000,2
53.340000,53.324100,53.340000,53.290000,-0.015900,0.050000,2
53.375000,53.331600,53.410000,53.310000,-0.043400,0.100000,1
53.305000,53.375000,53.385000,53.299500,0.070000,0.085500,1
53.190000,53.300000,53.300000,53.185000,0.110000,0.115000,1
53.140000,53.180000,53.200000,53.085000,0.040000,0.115000,2
53.310000,53.290000,53.310000,53.170000,-0.020000,0.140000,2
53.370000,53.310000,53.390000,53.290000,-0.060000,0.100000,2
53.550000,53.370000,53.550000,53.360000,-0.180000,0.190000,2
53.700000,53.550000,53.700000,53.515000,-0.150000,0.185000,2
53.800000,53.700000,53.830000,53.698500,-0.100000,0.131500,1
53.675000,53.810000,53.860000,53.630000,0.135000,0.230000,2
53.720000,53.690000,53.740000,53.650000,-0.030000,0.090000,1
53.630000,53.720000,53.740000,53.630000,0.090000,0.110000,1
53.430000,53.620000,53.620000,53.429000,0.190000,0.191000,2
53.500000,53.460000,53.500000,53.436600,-0.040000,0.063400,2
53.513600,53.490000,53.590000,53.460000,-0.023600,0.130000,2
53.540000,53.520000,53.570000,53.505000,-0.020000,0.065000,2
53.552400,53.545000,53.580000,53.540000,-0.007400,0.040000,2
53.575000,53.560000,53.589800,53.560000,-0.015000,0.029800,1
53.520000,53.575000,53.575000,53.500000,0.055000,0.075000,1
53.480000,53.530000,53.550000,53.470000,0.050000,0.080000,1
53.420000,53.485000,53.485000,53.400000,0.065000,0.085000,1
53.370000,53.420000,53.435000,53.355000,0.050000,0.080000,1
53.360000,53.360000,53.380000,53.330000,0.000000,0.050000,2
53.420100,53.350000,53.430000,53.335000,-0.070100,0.095000,2
53.520000,53.425000,53.520000,53.415000,-0.095000,0.105000,2
53.580000,53.520000,53.610000,53.500000,-0.060000,0.110000,2
53.585000,53.575000,53.590000,53.530000,-0.010000,0.060000,1
53.540000,53.590000,53.620000,53.540000,0.050000,0.080000,1
53.505000,53.540000,53.540000,53.430000,0.035000,0.110000,2
53.600000,53.505000,53.615000,53.480000,-0.095000,0.135000,1
53.520000,53.370000,53.545000,53.370000,-0.150000,0.175000,1
53.390000,53.500000,53.500000,53.350000,0.110000,0.150000,1
53.290000,53.360000,53.360000,53.280000,0.070000,0.080000,2
53.400800,53.300000,53.420000,53.300000,-0.100800,0.120000,2
53.470000,53.410000,53.540000,53.370000,-0.060000,0.170000,2
53.506000,53.480000,53.540000,53.470000,-0.026000,0.070000,1
53.480000,53.505000,53.525000,53.450700,0.025000,0.074300,2
53.523400,53.480000,53.535000,53.440000,-0.043400,0.095000,2
53.539900,53.510000,53.539900,53.475000,-0.029900,0.064900,1
53.525000,53.540000,53.560000,53.485000,0.015000,0.075000,1
53.485000,53.525000,53.540000,53.470000,0.040000,0.070000,1
53.485000,53.490000,53.540000,53.474100,0.005000,0.065900,1
53.485000,53.485000,53.500000,53.445000,0.000000,0.055000,1
53.416000,53.475000,53.475000,53.390000,0.059000,0.085000,1
53.360000,53.417900,53.440000,53.290000,0.057900,0.150000,2
53.390000,53.365000,53.440000,53.340000,-0.025000,0.100000,2
53.420000,53.385000,53.445000,53.355000,-0.035000,0.090000,2
53.505000,53.425000,53.530000,53.416000,-0.080000,0.114000,1
53.440000,53.515000,53.515000,53.390000,0.075000,0.125000,1
53.405000,53.440000,53.475000,53.400000,0.035000,0.075000,2
53.440000,53.403000,53.470000,53.403000,-0.037000,0.067000,1
53.365000,53.435000,53.450000,53.360000,0.070000,0.090000,1
53.295000,53.365000,53.380000,53.270000,0.070000,0.110000,2
53.300000,53.290000,53.350000,53.270000,-0.010000,0.080000,2
53.320000,53.300000,53.340000,53.290000,-0.020000,0.050000,2
53.380000,53.310000,53.420000,53.290000,-0.070000,0.130000,2
53.570000,53.660000,53.660000,53.510000,0.090000,0.150000,2
53.640000,53.599900,53.640000,53.520000,-0.040100,0.120000,2
53.660000,53.640000,53.660000,53.600000,-0.020000,0.060000,2
53.760000,53.660000,53.760000,53.630000,-0.100000,0.130000,1
53.760000,53.760000,53.800000,53.730000,0.000000,0.070000,2
53.775000,53.750000,53.800000,53.743200,-0.025000,0.056800,2
53.850000,53.770000,53.910000,53.770000,-0.080000,0.140000,1
53.730000,53.855000,53.865000,53.730000,0.125000,0.135000,2
53.795000,53.733300,53.810000,53.680000,-0.061700,0.130000,1
53.710000,53.790000,53.809900,53.710000,0.080000,0.099900,2
53.720000,53.720000,53.735000,53.690000,0.000000,0.045000,1
53.640000,53.720000,53.740000,53.640000,0.080000,0.100000,1
53.610000,53.640000,53.645000,53.585000,0.030000,0.060000,2
53.629900,53.610000,53.670000,53.600000,-0.019900,0.070000,2
53.721600,53.625000,53.730000,53.620000,-0.096600,0.110000,2
53.750000,53.725000,53.784000,53.700000,-0.025000,0.084000,2
53.765000,53.748000,53.770000,53.730000,-0.017000,0.040000,1
53.760000,53.770000,53.815000,53.746400,0.010000,0.068600,2
53.810000,53.765000,53.820000,53.720000,-0.045000,0.100000,1
53.790000,53.805000,53.810000,53.750000,0.015000,0.060000,1
53.780000,53.790000,53.820000,53.740000,0.010000,0.080000,2
53.830000,53.780000,53.830000,53.763200,-0.050000,0.066800,1
53.780000,53.828500,53.850000,53.780000,0.048500,0.070000,2
53.790000,53.794700,53.830000,53.740000,0.004700,0.090000,1
53.600000,53.780000,53.800000,53.600000,0.180000,0.200000,2
53.840000,53.620000,53.850000,53.620000,-0.220000,0.230000,1
53.795000,53.720000,53.820000,53.610000,-0.075000,0.210000,2
53.954200,53.810000,53.954200,53.810000,-0.144200,0.144200,2
54.045000,53.969800,54.050000,53.920000,-0.075200,0.130000,1
53.990000,54.020000,54.080000,53.875000,0.030000,0.205000,1
53.960000,53.990000,54.025000,53.910000,0.030000,0.115000,1
53.960000,53.964400,54.020000,53.950000,0.004400,0.070000,2
53.989000,53.955000,53.990000,53.930000,-0.034000,0.060000,1
53.945000,53.986000,54.000000,53.930000,0.041000,0.070000,2
54.000000,53.950000,54.000000,53.920000,-0.050000,0.080000,2
54.040000,54.010000,54.070000,54.010000,-0.030000,0.060000,2
54.070000,54.050000,54.120000,54.035000,-0.020000,0.085000,2
54.169900,54.060000,54.170000,54.050000,-0.109900,0.120000,2
54.225000,54.160000,54.225000,54.150000,-0.065000,0.075000,1
54.165000,54.220000,54.220000,54.140000,0.055000,0.080000,2
54.195000,54.160000,54.200000,54.125400,-0.035000,0.074600,2
54.215000,54.190000,54.220000,54.160000,-0.025000,0.060000,2
54.245000,54.210000,54.280000,54.210000,-0.035000,0.070000,1
54.240000,54.240000,54.245000,54.190000,0.000000,0.055000,2
54.330000,54.244500,54.330000,54.210000,-0.085500,0.120000,2
54.380000,54.335000,54.380000,54.300000,-0.045000,0.080000,1
54.380000,54.390000,54.406900,54.350000,0.010000,0.056900,1
54.315000,54.370000,54.370000,54.300000,0.055000,0.070000,1
54.305000,54.315000,54.370000,54.295000,0.010000,0.075000,2
54.364500,54.320000,54.405000,54.290000,-0.044500,0.115000,1
54.335000,54.370000,54.430000,54.330000,0.035000,0.100000,2
54.410000,54.340000,54.420000,54.300000,-0.070000,0.120000,2
54.745000,54.730000,54.910000,54.630000,-0.015000,0.280000,2
54.860000,54.760000,54.880000,54.740000,-0.100000,0.140000,1
54.820000,54.880000,54.930000,54.755000,0.060000,0.175000,1
54.725000,54.825000,54.835000,54.650000,0.100000,0.185000,2
54.780000,54.750000,54.789900,54.740000,-0.030000,0.049900,1
54.735000,54.790000,54.810000,54.730000,0.055000,0.080000,2
54.747500,54.745500,54.780000,54.700000,-0.002000,0.080000,1
54.650000,54.745000,54.750000,54.650000,0.095000,0.100000,1
54.560000,54.650000,54.650000,54.530000,0.090000,0.120000,1
54.530000,54.561000,54.595000,54.529900,0.031000,0.065100,2
54.575000,54.540000,54.580000,54.490000,-0.035000,0.090000,2
54.584700,54.580000,54.635000,54.580000,-0.004700,0.055000,1
54.565000,54.585600,54.600000,54.555000,0.020600,0.045000,1
54.545000,54.565000,54.580000,54.510000,0.020000,0.070000,1
54.535000,54.545000,54.600000,54.530000,0.010000,0.070000,2
54.585000,54.530000,54.585000,54.500000,-0.055000,0.085000,1
54.525000,54.570000,54.599900,54.520000,0.045000,0.079900,2
54.600000,54.520000,54.600000,54.520000,-0.080000,0.080000,1
54.570000,54.590000,54.610000,54.525000,0.020000,0.085000,1
54.480100,54.570000,54.580000,54.480000,0.089900,0.100000,1
54.315400,54.489900,54.490000,54.305000,0.174500,0.185000,1
54.171700,54.320000,54.320000,54.170000,0.148300,0.150000,2
54.190000,54.180000,54.270000,54.165000,-0.010000,0.105000,2
54.220000,54.200000,54.220000,54.135000,-0.020000,0.085000,1
54.215000,54.215000,54.270000,54.200000,0.000000,0.070000,2
54.280000,54.210000,54.295000,54.200000,-0.070000,0.095000,2
54.290000,54.220000,54.340000,53.970000,-0.070000,0.370000,1
54.260000,54.280000,54.305000,54.205000,0.020000,0.100000,1
54.130000,54.245000,54.245000,54.104500,0.115000,0.140500,1
54.040000,54.130000,54.130000,53.970000,0.090000,0.160000,2
54.110000,54.030000,54.140000,54.018000,-0.080000,0.122000,2
54.270000,54.130000,54.275000,54.100000,-0.140000,0.175000,2
54.350000,54.280000,54.400000,54.270000,-0.070000,0.130000,2
54.390000,54.345000,54.457000,54.325000,-0.045000,0.132000,1
54.390000,54.390000,54.432500,54.340000,0.000000,0.092500,2
54.540000,54.400000,54.550000,54.395000,-0.140000,0.155000,2
54.605000,54.530000,54.610000,54.512800,-0.075000,0.097200,2
54.625000,54.610000,54.625000,54.570000,-0.015000,0.055000,2
54.735000,54.620000,54.735000,54.620000,-0.115000,0.115000,2
54.840000,54.735000,54.874200,54.735000,-0.105000,0.139200,1
54.650000,54.840000,54.840000,54.640000,0.190000,0.200000,2
54.715000,54.650000,54.760000,54.625000,-0.065000,0.135000,2
54.774000,54.710000,54.780000,54.650000,-0.064000,0.130000,1
54.700000,54.770000,54.790000,54.680000,0.070000,0.110000,1
54.700000,54.710000,54.740000,54.650000,0.010000,0.090000,1
54.645000,54.706800,54.725000,54.635000,0.061800,0.090000,1
54.590000,54.645000,54.650000,54.570000,0.055000,0.080000,2
54.750000,54.580000,54.770000,54.580000,-0.170000,0.190000,2
54.798600,54.760000,54.845000,54.720000,-0.038600,0.125000,2
54.844700,54.800000,54.870000,54.790000,-0.044700,0.080000,2
54.890000,54.840000,54.900000,54.830000,-0.050000,0.070000,2
55.015000,54.890000,55.030000,54.890000,-0.125000,0.140000,2
55.186000,55.100000,55.190000,55.060000,-0.086000,0.130000,2
55.300000,55.205000,55.319900,55.205000,-0.095000,0.114900,1
55.280000,55.300000,55.435000,55.270100,0.020000,0.164900,1
55.165000,55.290000,55.320000,55.165000,0.125000,0.155000,1
55.004000,55.150000,55.150000,54.950000,0.146000,0.200000,1
54.960000,55.000000,55.000000,54.935000,0.040000,0.065000,2
55.020000,54.950000,55.030000,54.875000,-0.070000,0.155000,1
54.935000,55.030000,55.040000,54.920000,0.095000,0.120000,2
55.038700,54.930000,55.038700,54.920000,-0.108700,0.118700,1
54.950000,55.030000,55.063200,54.950000,0.080000,0.113200,2
54.970000,54.925000,55.040000,54.925000,-0.045000,0.115000,1
54.950000,54.970000,55.050000,54.940000,0.020000,0.110000,1
54.950000,54.955000,55.005000,54.920000,0.005000,0.085000,2
55.010000,54.945000,55.040000,54.945000,-0.065000,0.095000,2
55.040000,55.000000,55.055000,54.970000,-0.040000,0.085000,1
55.015000,55.040000,55.050000,54.980000,0.025000,0.070000,2
55.055000,55.030000,55.060000,54.980000,-0.025000,0.080000,1
55.050000,55.060000,55.110000,55.035000,0.010000,0.075000,1
54.920000,55.050000,55.055000,54.920000,0.130000,0.135000,2
54.970000,54.930000,54.981000,54.911000,-0.040000,0.070000,1
54.840000,54.960000,54.980000,54.835000,0.120000,0.145000,1
54.836000,54.850000,54.850000,54.780000,0.014000,0.070000,2
54.845000,54.840000,54.920000,54.825000,-0.005000,0.095000,2
54.990000,54.830000,54.990000,54.810000,-0.160000,0.180000,1
54.939900,54.990000,54.995000,54.905000,0.050100,0.090000,2
54.945000,54.940000,55.025000,54.940000,-0.005000,0.085000,1
54.595000,55.100000,55.100000,54.460000,0.505000,0.640000,2
54.600000,54.480000,54.610000,54.460000,-0.120000,0.150000,1
54.595000,54.630000,54.650000,54.565000,0.035000,0.085000,2
54.610000,54.630000,54.660000,54.540000,0.020000,0.120000,2
54.660000,54.593000,54.670000,54.593000,-0.067000,0.077000,2
54.683600,54.657200,54.710000,54.650000,-0.026400,0.060000,2
54.690000,54.680000,54.714000,54.680000,-0.010000,0.034000,1
54.650000,54.696700,54.696700,54.630000,0.046700,0.066700,1
54.560000,54.633000,54.633000,54.540000,0.073000,0.093000,1
54.540000,54.550000,54.575000,54.530000,0.010000,0.045000,1
54.516600,54.550000,54.580000,54.510000,0.033400,0.070000,2
54.560000,54.510000,54.565000,54.510000,-0.050000,0.055000,2
54.570000,54.565000,54.580000,54.560000,-0.005000,0.020000,2
54.585600,54.570000,54.590000,54.570000,-0.015600,0.020000,2
54.630000,54.580000,54.640000,54.580000,-0.050000,0.060000,2
54.696000,54.625000,54.700000,54.625000,-0.071000,0.075000,1
54.693200,54.690000,54.720000,54.685000,-0.003200,0.035000,2
54.755000,54.690000,54.755000,54.690000,-0.065000,0.065000,2
54.810000,54.750000,54.810000,54.740000,-0.060000,0.070000,2
54.885000,54.810000,54.885000,54.810000,-0.075000,0.075000,2
55.000000,54.890000,55.000000,54.890000,-0.110000,0.110000,1
54.955000,54.990000,55.019000,54.955000,0.035000,0.064000,1
54.950000,54.960100,54.960100,54.910000,0.010100,0.050100,2
55.050000,54.979900,55.074900,54.979900,-0.070100,0.095000,2
55.060000,55.030000,55.090000,55.010000,-0.030000,0.080000,2
55.140000,55.060000,55.160000,55.060000,-0.080000,0.100000,1
55.125000,55.150000,55.185000,55.120000,0.025000,0.065000,1
55.005000,55.120000,55.120000,55.000000,0.115000,0.120000,1
55.000000,55.001900,55.060000,54.970000,0.001900,0.090000,2
55.020000,55.010000,55.050000,55.010000,-0.010000,0.040000,1
55.015000,55.035000,55.050000,55.005000,0.020000,0.045000,2
55.075500,55.010000,55.075500,54.990000,-0.065500,0.085500,2
55.145000,55.070000,55.145900,55.060000,-0.075000,0.085900,2
55.150000,55.155000,55.155000,55.125000,0.005000,0.030000,2
55.175000,55.170000,55.200000,55.130000,-0.005000,0.070000,1
55.135000,55.165000,55.175000,55.100000,0.030000,0.075000,1
55.127100,55.120000,55.140000,55.105000,-0.007100,0.035000,1
55.100000,55.125000,55.125000,55.090000,0.025000,0.035000,1
55.080000,55.105000,55.109000,55.055000,0.025000,0.054000,2
55.155000,55.080000,55.165000,55.070100,-0.075000,0.094900,1
55.130000,55.145500,55.155000,55.120000,0.015500,0.035000,1
55.130000,55.140000,55.140000,55.100000,0.010000,0.040000,1
55.130000,55.130000,55.140000,55.110000,0.000000,0.030000,2
55.150000,55.130000,55.160000,55.110000,-0.020000,0.050000,1
55.090000,55.155200,55.155200,55.090000,0.065200,0.065200,1
55.000000,55.080000,55.080000,54.970000,0.080000,0.110000,1
54.950000,54.990000,54.997800,54.939900,0.040000,0.057900,1
54.914000,54.960000,54.970000,54.910000,0.046000,0.060000,2
54.940000,54.920000,54.960000,54.910000,-0.020000,0.050000,2
54.960000,54.949900,55.000000,54.940000,-0.010100,0.060000,2
55.015000,54.970000,55.015000,54.960000,-0.045000,0.055000,1
54.970000,55.020000,55.025000,54.970000,0.050000,0.055000,1
54.970000,54.959000,54.970000,54.940100,-0.011000,0.029900,1
54.969900,54.970000,54.990000,54.960000,0.000100,0.030000,2
55.120000,54.965000,55.120000,54.965000,-0.155000,0.155000,1
55.110000,55.120000,55.135000,55.090000,0.010000,0.045000,1
55.100000,55.110000,55.120000,55.065000,0.010000,0.055000,2
55.119900,55.110000,55.145000,55.080000,-0.009900,0.065000,1
55.060000,55.120000,55.120000,55.040000,0.060000,0.080000,1
55.050000,55.050000,55.070000,55.040000,0.000000,0.030000,2
55.060000,55.060000,55.100000,55.050000,0.000000,0.050000,1
55.034000,55.050000,55.050000,55.030000,0.016000,0.020000,1
55.020000,55.040000,55.040000,55.007800,0.020000,0.032200,1
54.985000,55.020000,55.025000,54.969000,0.035000,0.056000,2
54.990000,54.985000,55.000000,54.967100,-0.005000,0.032900,2
55.000000,54.980000,55.000000,54.980000,-0.020000,0.020000,1
54.990000,54.995000,55.010000,54.980000,0.005000,0.030000,1
54.980000,54.985000,54.985000,54.940000,0.005000,0.045000,2
55.005000,54.980000,55.024000,54.972500,-0.025000,0.051500,2
55.020000,55.004800,55.035000,55.004800,-0.015200,0.030200,2
55.050000,55.025000,55.070000,55.003000,-0.025000,0.067000,2
55.077500,55.045000,55.090000,55.040000,-0.032500,0.050000,2
55.085000,55.080000,55.100000,55.060000,-0.005000,0.040000,2
55.090000,55.080000,55.090000,55.063600,-0.010000,0.026400,2
55.140000,55.100000,55.140000,55.090100,-0.040000,0.049900,1
55.100000,55.150000,55.150000,55.100000,0.050000,0.050000,1
55.095000,55.100000,55.110000,55.080000,0.005000,0.030000,1
55.035000,55.090000,55.095000,55.015000,0.055000,0.080000,1
54.125000,54.430000,54.430000,54.030000,0.305000,0.400000,2
54.360000,54.160000,54.370000,54.090000,-0.200000,0.280000,2
54.510000,54.380000,54.590000,54.365000,-0.130000,0.225000,2
54.685000,54.510000,54.725900,54.500000,-0.175000,0.225900,2
54.853300,54.675000,54.865000,54.645000,-0.178300,0.220000,2
54.885000,54.850000,54.950000,54.850000,-0.035000,0.100000,2
54.895000,54.880000,54.895000,54.825000,-0.015000,0.070000,2
55.080000,54.890000,55.090000,54.890000,-0.190000,0.200000,1
54.965000,55.050000,55.050000,54.930000,0.085000,0.120000,1
54.935000,54.995000,55.030000,54.900000,0.060000,0.130000,2
54.990000,54.945000,55.040000,54.930000,-0.045000,0.110000,1
54.990000,54.990000,55.020000,54.990000,0.000000,0.030000,1
54.900000,55.000000,55.000000,54.890000,0.100000,0.110000,1
54.835000,54.900000,54.900000,54.820000,0.065000,0.080000,2
54.880000,54.820000,54.880000,54.800000,-0.060000,0.080000,2
54.985000,54.865000,54.985000,54.865000,-0.120000,0.120000,1
54.980000,54.985000,55.050000,54.960000,0.005000,0.090000,1
54.965000,54.970000,55.000000,54.950000,0.005000,0.050000,2
54.980000,54.965000,55.000000,54.915000,-0.015000,0.085000,2
55.010000,54.990000,55.030000,54.990000,-0.020000,0.040000,1
54.965000,55.010000,55.030000,54.940000,0.045000,0.090000,2
54.980000,54.955000,55.020000,54.920000,-0.025000,0.100000,1
54.970000,54.980000,54.990000,54.940000,0.010000,0.050000,2
54.995000,54.970000,55.005000,54.965000,-0.025000,0.040000,1
54.905000,54.990000,54.990000,54.905000,0.085000,0.085000,2
54.920000,54.920000,54.925000,54.860000,0.000000,0.065000,2
54.925000,54.916800,54.950000,54.916800,-0.008200,0.033200,2
54.950000,54.950000,55.020000,54.950000,0.000000,0.070000,2
55.010000,54.950000,55.020000,54.950000,-0.060000,0.070000,2
55.020000,55.000000,55.020000,55.000000,-0.020000,0.020000,1
55.000000,55.020000,55.040000,54.997500,0.020000,0.042500,1
54.980000,55.000000,55.000000,54.980000,0.020000,0.020000,2
55.030000,54.970000,55.040000,54.955000,-0.060000,0.085000,1
55.023400,55.030000,55.030000,55.010000,0.006600,0.020000,1
54.960000,55.020000,55.020000,54.940000,0.060000,0.080000,2
54.980000,54.977500,55.000000,54.975000,-0.002500,0.025000,1
54.980000,54.980000,54.980000,54.945000,0.000000,0.035000,1
54.970000,54.990000,55.000000,54.960000,0.020000,0.040000,1
54.965000,54.970000,54.990000,54.960000,0.005000,0.030000,1
54.940000,54.953300,54.970000,54.880000,0.013300,0.090000,1
54.933200,54.940000,54.950000,54.910000,0.006800,0.040000,2
54.955000,54.930000,54.970000,54.930000,-0.025000,0.040000,1
54.950000,54.970000,54.970000,54.940000,0.020000,0.030000,1
54.946600,54.950000,54.990000,54.940000,0.003400,0.050000,1
54.940000,54.940000,54.965000,54.940000,0.000000,0.025000,1
54.880000,54.930000,54.940000,54.870000,0.050000,0.070000,1
54.870000,54.874400,54.920000,54.865000,0.004400,0.055000,1
54.760000,54.880000,54.880000,54.760000,0.120000,0.120000,1
54.760000,54.780000,54.785000,54.750000,0.020000,0.035000,1
54.750000,54.760000,54.800000,54.750000,0.010000,0.050000,2
54.770000,54.760000,54.790000,54.750000,-0.010000,0.040000,2
54.850000,54.760000,54.850000,54.750000,-0.090000,0.100000,2
54.900000,54.860000,54.900000,54.860000,-0.040000,0.040000,2
54.955000,54.900000,54.960000,54.900000,-0.055000,0.060000,1
54.930000,54.950000,54.960000,54.925000,0.020000,0.035000,2
55.000000,54.930000,55.000000,54.930000,-0.070000,0.070000,2
55.050000,55.020000,55.062500,55.010000,-0.030000,0.052500,1
55.030000,55.049900,55.067500,55.000000,0.019900,0.067500,1
55.010000,55.030000,55.060000,54.990000,0.020000,0.070000,2
55.020000,55.000000,55.030000,54.995700,-0.020000,0.034300,1
55.000000,55.020000,55.020000,55.000000,0.020000,0.020000,2
55.060000,55.000000,55.060000,55.000000,-0.060000,0.060000,1
55.060000,55.070000,55.085000,55.040000,0.010000,0.045000,1
55.020000,55.055000,55.060000,55.000000,0.035000,0.060000,2
55.100000,55.020000,55.105600,55.020000,-0.080000,0.085600,2
55.120000,55.100000,55.130000,55.090000,-0.020000,0.040000,1
55.100000,55.120000,55.140000,55.080900,0.020000,0.059100,1
55.075000,55.092000,55.100000,55.041000,0.017000,0.059000,2
55.100000,55.065000,55.100000,55.065000,-0.035000,0.035000,2
55.109900,55.100000,55.110000,55.084300,-0.009900,0.025700,1
55.005000,55.105000,55.110000,54.990000,0.100000,0.120000,1
55.005000,55.000000,55.040000,54.980000,-0.005000,0.060000,2
55.056000,55.010000,55.056000,55.000000,-0.046000,0.056000,1
55.047100,55.060000,55.060000,55.010000,0.012900,0.050000,1
55.030000,55.040000,55.040000,55.000000,0.010000,0.040000,2
55.085000,55.030000,55.105000,55.025000,-0.055000,0.080000,1
55.040000,55.080000,55.080000,54.990000,0.040000,0.090000,1
55.000000,55.030000,55.040000,54.980000,0.030000,0.060000,2
55.035000,54.980000,55.120000,54.980000,-0.055000,0.140000,2
55.315000,55.045000,55.320000,55.040000,-0.270000,0.280000,2
55.390000,55.320100,55.410000,55.210000,-0.069900,0.200000,1
55.380000,55.430000,55.430000,55.320100,0.050000,0.109900,2
55.470000,55.390000,55.473300,55.390000,-0.080000,0.083300,2
55.560000,55.460000,55.560000,55.460000,-0.100000,0.100000,1
55.380000,55.540000,55.605000,55.380000,0.160000,0.225000,2
55.470000,55.390000,55.495000,55.360000,-0.080000,0.135000,1
55.320000,55.460000,55.470000,55.310000,0.140000,0.160000,2
55.480000,55.330000,55.500000,55.300000,-0.150000,0.200000,1
55.460000,55.466400,55.466400,55.406400,0.006400,0.060000,1
55.350000,55.450000,55.470000,55.340000,0.100000,0.130000,1
55.290000,55.330000,55.380000,55.290000,0.040000,0.090000,2
55.340000,55.310000,55.340000,55.280000,-0.030000,0.060000,2
55.440000,55.345000,55.440000,55.330000,-0.095000,0.110000,2
55.480000,55.440000,55.480000,55.390000,-0.040000,0.090000,1
55.390000,55.480000,55.490000,55.370000,0.090000,0.120000,2
55.415900,55.387000,55.420000,55.370000,-0.028900,0.050000,1
55.360000,55.405500,55.410000,55.350000,0.045500,0.060000,2
55.520000,55.370000,55.540000,55.370000,-0.150000,0.170000,2
55.540000,55.515000,55.570000,55.510000,-0.025000,0.060000,1
