27.310000,29.030000,29.220000,26.850000,1.720000,2.370000,1
26.820000,27.310000,27.320000,26.540000,0.490000,0.780000,2
27.340000,26.830000,27.369000,26.680000,-0.510000,0.689000,1
27.230000,27.344700,27.409500,27.000000,0.114700,0.409500,2
27.685000,27.220000,27.750000,27.220000,-0.465000,0.530000,1
27.580000,27.700000,27.800000,27.560000,0.120000,0.240000,1
27.196500,27.570100,27.589900,27.130000,0.373600,0.459900,2
27.540000,27.210000,27.590000,27.170000,-0.330000,0.420000,1
27.531000,27.550000,27.637800,27.411000,0.019000,0.226800,2
27.845300,27.521000,27.850000,27.500000,-0.324300,0.350000,2
28.150000,27.840000,28.230000,27.815000,-0.310000,0.415000,2
28.180000,28.145000,28.330000,28.030000,-0.035000,0.300000,2
28.191100,28.175200,28.235700,28.020000,-0.015900,0.215700,2
28.420000,28.192100,28.430000,28.110000,-0.227900,0.320000,1
28.160000,28.420000,28.520000,28.110100,0.260000,0.409900,2
28.300000,28.150000,28.330000,28.140000,-0.150000,0.190000,1
28.230000,28.301000,28.360000,28.165000,0.071000,0.195000,2
28.269900,28.240000,28.440000,28.210000,-0.029900,0.230000,2
28.420000,28.280000,28.434000,28.230000,-0.140000,0.204000,2
28.560000,28.430000,28.660000,28.400000,-0.130000,0.260000,1
28.400000,28.560000,28.561500,28.300000,0.160000,0.261500,2
28.470000,28.395000,28.530000,28.300000,-0.075000,0.230000,2
28.490100,28.480000,28.510000,28.370000,-0.010100,0.140000,2
28.585100,28.481000,28.700000,28.460000,-0.104100,0.240000,1
28.550000,28.580000,28.625000,28.529900,0.030000,0.095100,1
28.420000,28.560000,28.590000,28.370000,0.140000,0.220000,2
28.610000,28.000000,28.820000,27.900000,-0.610000,0.920000,1
28.109900,28.610000,28.710000,28.080000,0.500100,0.630000,1
28.100000,28.105000,28.160000,27.770000,0.005000,0.390000,1
28.015000,28.100000,28.220100,27.935000,0.085000,0.285100,1
27.954700,28.020000,28.110000,27.770000,0.065300,0.340000,2
28.155000,27.960000,28.199000,27.950000,-0.195000,0.249000,1
27.960000,28.160000,28.350000,27.915000,0.200000,0.435000,1
27.955000,27.970000,28.050000,27.870000,0.015000,0.180000,1
27.820000,27.950000,28.000000,27.750000,0.130000,0.250000,1
27.740000,27.830000,27.940000,27.620000,0.090000,0.320000,1
27.403600,27.720000,27.742400,27.380000,0.316400,0.362400,2
27.600000,27.405000,27.640000,27.380000,-0.195000,0.260000,2
27.655500,27.600000,27.700000,27.520000,-0.055500,0.180000,2
27.760000,27.640000,27.790000,27.620000,-0.120000,0.170000,1
27.680000,27.750000,27.849900,27.680000,0.070000,0.169900,2
27.709900,27.680000,27.740000,27.550000,-0.029900,0.190000,2
27.719900,27.700000,27.739900,27.610000,-0.019900,0.129900,1
27.670000,27.710000,27.810000,27.650000,0.040000,0.160000,2
27.790000,27.680000,27.819900,27.635000,-0.110000,0.184900,1
27.530000,27.785000,27.825000,27.480000,0.255000,0.345000,2
27.665100,27.530000,27.750000,27.500000,-0.135100,0.250000,2
27.710000,27.660000,27.760000,27.660000,-0.050000,0.100000,1
27.690000,27.710000,27.741000,27.670000,0.020000,0.071000,1
27.630000,27.690000,27.740000,27.620000,0.060000,0.120000,1
27.620000,27.635000,27.680000,27.528400,0.015000,0.151600,2
27.780000,27.630000,27.800000,27.625000,-0.150000,0.175000,2
28.230000,28.100000,28.460000,28.000000,-0.130000,0.460000,1
27.680000,28.222500,28.365300,27.630100,0.542500,0.735200,2
27.919800,27.675000,28.050000,27.675000,-0.244800,0.375000,2
27.990100,27.905000,28.140000,27.840000,-0.085100,0.300000,2
28.006000,27.980000,28.095000,27.860000,-0.026000,0.235000,1
27.880000,28.010100,28.035000,27.780000,0.130100,0.255000,1
27.759900,27.904000,27.919900,27.670000,0.144100,0.249900,1
27.625000,27.770000,27.790000,27.550000,0.145000,0.240000,1
27.485000,27.620000,27.722200,27.470000,0.135000,0.252200,1
27.350000,27.479900,27.545000,27.280000,0.129900,0.265000,1
27.210000,27.340000,27.420000,27.180000,0.130000,0.240000,2
27.285000,27.210000,27.316100,27.120000,-0.075000,0.196100,1
27.070000,27.270000,27.270000,26.930000,0.200000,0.340000,2
27.100000,27.060400,27.200000,27.000000,-0.039600,0.200000,1
27.065000,27.100000,27.106600,26.990000,0.035000,0.116600,2
27.080000,27.070100,27.200000,27.020000,-0.009900,0.180000,2
27.350100,27.090000,27.390000,27.090000,-0.260100,0.300000,1
27.300000,27.350000,27.400000,27.220000,0.050000,0.180000,2
27.340000,27.310000,27.385100,27.260700,-0.030000,0.124400,2
27.540000,27.320000,27.570000,27.280000,-0.220000,0.290000,1
27.530000,27.540000,27.630000,27.405000,0.010000,0.225000,1
27.500000,27.530000,27.560000,27.420000,0.030000,0.140000,2
27.510000,27.510000,27.600000,27.455000,0.000000,0.145000,1
27.405000,27.510000,27.510000,27.360000,0.105000,0.150000,1
27.385000,27.405000,27.405000,27.261400,0.020000,0.143600,1
27.360000,27.390000,27.492500,27.335000,0.030000,0.157500,1
27.190000,26.700000,27.190000,26.550000,-0.490000,0.640000,2
27.370000,27.200000,27.530000,27.140000,-0.170000,0.390000,1
27.355000,27.370000,27.450000,27.220000,0.015000,0.230000,2
27.470000,27.345000,27.499900,27.245000,-0.125000,0.254900,1
27.113200,27.480000,27.490000,27.090000,0.366800,0.400000,1
26.910000,27.117500,27.140000,26.910000,0.207500,0.230000,1
26.810000,26.920000,26.930000,26.720100,0.110000,0.209900,1
26.469900,26.825000,26.860000,26.440000,0.355100,0.420000,1
26.240000,26.460000,26.500000,26.180000,0.220000,0.320000,2
26.390000,26.230000,26.410000,26.070000,-0.160000,0.340000,1
26.240000,26.390000,26.410000,26.155000,0.150000,0.255000,2
26.290000,26.260000,26.330000,26.100000,-0.030000,0.230000,1
26.280000,26.288500,26.360000,26.165000,0.008500,0.195000,1
26.110000,26.280000,26.310000,26.100000,0.170000,0.210000,2
26.170000,26.110000,26.270000,26.100100,-0.060000,0.169900,1
26.030000,26.180000,26.190000,25.960000,0.150000,0.230000,2
26.310000,26.030000,26.340000,26.030000,-0.280000,0.310000,1
26.300000,26.310000,26.430000,26.250000,0.010000,0.180000,2
26.460000,26.290000,26.480000,26.260100,-0.170000,0.219900,1
26.455000,26.460000,26.551000,26.430000,0.005000,0.121000,2
26.590000,26.460000,26.630000,26.460000,-0.130000,0.170000,1
26.440000,26.590000,26.630000,26.440000,0.150000,0.190000,2
26.570000,26.450000,26.589900,26.430000,-0.120000,0.159900,1
26.480000,26.560000,26.700000,26.475000,0.080000,0.225000,2
26.565000,26.480000,26.570000,26.475000,-0.085000,0.095000,1
26.460000,26.570000,26.629900,26.450000,0.110000,0.179900,2
26.960000,26.160000,27.095000,26.000000,-0.800000,1.095000,1
26.820000,26.970000,27.130000,26.715000,0.150000,0.415000,1
26.470000,26.840000,26.900000,26.430000,0.370000,0.470000,2
26.770000,26.460000,26.810000,26.400000,-0.310000,0.410000,2
27.230000,26.789900,27.240000,26.789900,-0.440100,0.450100,2
27.475000,27.230000,27.480000,27.110000,-0.245000,0.370000,2
27.675000,27.470000,27.680000,27.294400,-0.205000,0.385600,1
27.430000,27.667200,27.705000,27.405800,0.237200,0.299200,1
27.400000,27.430000,27.510000,27.320000,0.030000,0.190000,1
27.290000,27.390000,27.410000,27.240100,0.100000,0.169900,1
27.180000,27.295000,27.470000,27.180000,0.115000,0.290000,1
27.110000,27.170100,27.230000,27.083600,0.060100,0.146400,2
27.213300,27.105000,27.375000,27.060000,-0.108300,0.315000,1
27.190000,27.210000,27.290000,27.160000,0.020000,0.130000,1
27.170000,27.180000,27.230000,27.040000,0.010000,0.190000,2
27.250000,27.169900,27.300000,27.140000,-0.080100,0.160000,1
27.220000,27.255000,27.255000,27.150000,0.035000,0.105000,2
27.380000,27.220000,27.435000,27.195000,-0.160000,0.240000,2
27.440000,27.390000,27.475000,27.320000,-0.050000,0.155000,1
27.370000,27.440000,27.460000,27.340000,0.070000,0.120000,1
27.345200,27.390000,27.400000,27.280000,0.044800,0.120000,2
27.370000,27.340000,27.440000,27.250000,-0.030000,0.190000,1
27.210000,27.369900,27.380000,27.180000,0.159900,0.200000,1
27.190000,27.210000,27.285000,27.100000,0.020000,0.185000,2
27.230000,27.190000,27.260000,27.140000,-0.040000,0.120000,2
27.240000,27.240000,27.320000,27.190000,0.000000,0.130000,1
26.780000,27.400000,27.400000,26.700000,0.620000,0.700000,1
26.169900,26.790000,26.790000,26.140000,0.620100,0.650000,1
25.720000,26.157000,26.310000,25.700000,0.437000,0.610000,2
26.025100,25.710000,26.180000,25.510000,-0.315100,0.670000,1
26.000000,26.000000,26.020000,25.960000,0.000000,0.060000,1
25.820000,26.005000,26.080000,25.750000,0.185000,0.330000,1
25.410000,25.810000,25.810000,25.400000,0.400000,0.410000,2
25.650000,25.400000,25.693900,25.220000,-0.250000,0.473900,1
25.619900,25.630000,25.650000,25.420000,0.010100,0.230000,1
25.390000,25.620000,25.689300,25.350000,0.230000,0.339300,1
25.240000,25.370000,25.429800,25.080000,0.130000,0.349800,2
25.455000,25.220000,25.500000,25.210000,-0.235000,0.290000,2
25.509200,25.440000,25.560000,25.370000,-0.069200,0.190000,1
25.500000,25.504000,25.688400,25.400000,0.004000,0.288400,2
25.790000,25.500000,25.805000,25.380000,-0.290000,0.425000,2
25.830000,25.783800,25.890000,25.740000,-0.046200,0.150000,1
25.810000,25.830000,25.939900,25.690000,0.020000,0.249900,1
25.700000,25.800000,25.850000,25.620900,0.100000,0.229100,1
25.500000,25.700000,25.710000,25.410000,0.200000,0.300000,2
25.644500,25.490000,25.700000,25.480000,-0.154500,0.220000,1
25.520000,25.650000,25.740000,25.490000,0.130000,0.250000,2
25.530000,25.510000,25.600000,25.390000,-0.020000,0.210000,1
25.260000,25.530100,25.530100,25.205000,0.270100,0.325100,2
25.303400,25.260000,25.370000,25.160000,-0.043400,0.210000,1
25.085000,25.296500,25.310000,24.910000,0.211500,0.400000,1
25.004600,25.070000,25.190000,24.920000,0.065400,0.270000,2
25.490000,24.743300,25.510000,24.570000,-0.746700,0.940000,2
26.079700,25.496200,26.090000,25.390000,-0.583500,0.700000,1
25.440100,26.058500,26.058500,25.420000,0.618400,0.638500,2
25.640000,25.440000,25.640000,24.980000,-0.200000,0.660000,1
25.429900,25.640000,25.759800,25.370000,0.210100,0.389800,1
25.100000,25.420000,25.490000,25.100000,0.320000,0.390000,1
24.943000,25.090100,25.120000,24.780000,0.147100,0.340000,2
25.360000,24.940000,25.400000,24.930000,-0.420000,0.470000,2
25.560000,25.360000,25.560000,25.070000,-0.200000,0.490000,1
25.500000,25.550000,25.786400,25.470000,0.050000,0.316400,2
25.920000,25.510000,25.978500,25.490000,-0.410000,0.488500,2
25.954800,25.909900,26.200000,25.890000,-0.044900,0.310000,2
26.121000,25.930000,26.144900,25.880000,-0.191000,0.264900,1
25.925300,26.120000,26.130000,25.815000,0.194700,0.315000,2
26.010000,25.910000,26.010000,25.680000,-0.100000,0.330000,1
25.980000,26.019000,26.050000,25.880000,0.039000,0.170000,1
25.735000,25.970000,26.010000,25.730000,0.235000,0.280000,1
25.638400,25.740000,25.770000,25.530000,0.101600,0.240000,1
25.390100,25.630000,25.670000,25.320000,0.239900,0.350000,2
25.460000,25.380000,25.580000,25.350000,-0.080000,0.230000,1
25.120000,25.460000,25.470000,25.110000,0.340000,0.360000,2
25.310000,25.110000,25.410000,25.000000,-0.200000,0.410000,2
25.480000,25.310000,25.520000,25.210000,-0.170000,0.310000,2
25.580000,25.453100,25.765000,25.440000,-0.126900,0.325000,1
25.425000,25.584700,25.638500,25.370000,0.159700,0.268500,1
25.300000,25.420000,25.480000,25.270000,0.120000,0.210000,2
26.180000,26.750000,26.960000,26.090000,0.570000,0.870000,2
26.258100,26.200000,26.340000,26.090000,-0.058100,0.250000,2
26.400000,26.230000,26.570700,26.210000,-0.170000,0.360700,1
26.260000,26.400000,26.429900,26.135500,0.140000,0.294400,2
26.480000,26.250000,26.557700,26.250000,-0.230000,0.307700,1
26.259900,26.480000,26.480000,26.220000,0.220100,0.260000,2
26.479900,26.260000,26.500000,26.160000,-0.219900,0.340000,1
26.465000,26.470000,26.580000,26.430000,0.005000,0.150000,1
26.270000,26.469900,26.500000,26.270000,0.199900,0.230000,1
26.260000,26.265000,26.395100,26.210000,0.005000,0.185100,1
26.150000,26.260000,26.267500,26.090000,0.110000,0.177500,1
26.020000,26.130000,26.140000,25.970000,0.110000,0.170000,1
25.782700,26.020000,26.105000,25.760800,0.237300,0.344200,2
25.990000,25.780000,25.990000,25.700000,-0.210000,0.290000,1
25.890000,25.986900,26.090000,25.859900,0.096900,0.230100,2
25.946400,25.899000,26.040300,25.860000,-0.047400,0.180300,1
25.890000,25.940000,25.940000,25.750000,0.050000,0.190000,2
25.930000,25.890000,25.979900,25.840000,-0.040000,0.139900,1
25.680000,25.930000,25.940000,25.670000,0.250000,0.270000,2
25.879000,25.670000,25.879000,25.670000,-0.209000,0.209000,1
25.830100,25.870000,25.936100,25.765000,0.039900,0.171100,2
25.980000,25.831400,26.030000,25.810000,-0.148600,0.220000,2
26.028400,25.990000,26.070100,25.890000,-0.038400,0.180100,2
26.110000,26.025200,26.130000,25.960000,-0.084800,0.170000,2
26.230000,26.120000,26.250000,26.080000,-0.110000,0.170000,2
26.340000,26.240000,26.380000,26.190000,-0.100000,0.190000,1
26.170000,26.340000,26.770000,25.990000,0.170000,0.780000,2
26.280000,26.170000,26.360000,26.091000,-0.110000,0.269000,1
25.860000,26.270000,26.280000,25.860000,0.410000,0.420000,2
26.070000,25.895000,26.120000,25.880000,-0.175000,0.240000,1
25.815000,26.060000,26.150000,25.815000,0.245000,0.335000,2
25.935000,25.825000,26.005000,25.780000,-0.110000,0.225000,2
26.275000,25.950000,26.340000,25.946500,-0.325000,0.393500,2
26.280000,26.270100,26.319000,26.170000,-0.009900,0.149000,2
26.390000,26.300000,26.410000,26.200000,-0.090000,0.210000,1
26.350000,26.380000,26.415000,26.300000,0.030000,0.115000,1
26.160100,26.330000,26.370000,26.140000,0.169900,0.230000,2
26.380000,26.170000,26.403300,26.170000,-0.210000,0.233300,2
26.460000,26.390000,26.540000,26.330000,-0.070000,0.210000,1
26.390000,26.470000,26.500000,26.350000,0.080000,0.150000,2
26.410000,26.390000,26.510000,26.380000,-0.020000,0.130000,1
26.389900,26.400000,26.446500,26.300100,0.010100,0.146400,2
26.506400,26.380000,26.580000,26.360000,-0.126400,0.220000,2
26.508600,26.510000,26.570000,26.455000,0.001400,0.115000,1
26.380000,26.500000,26.520000,26.360000,0.120000,0.160000,1
26.320000,26.380000,26.430000,26.280000,0.060000,0.150000,2
26.430000,26.320000,26.430000,26.270100,-0.110000,0.159900,2
26.480000,26.433000,26.520000,26.385000,-0.047000,0.135000,1
26.350000,26.480000,26.530000,26.340100,0.130000,0.189900,2
26.390000,26.340000,26.472700,26.310000,-0.050000,0.162700,1
26.370000,26.380000,26.425000,26.341600,0.010000,0.083400,1
26.250000,26.360000,26.380000,26.250000,0.110000,0.130000,2
26.420000,26.600000,26.710000,26.305000,0.180000,0.405000,1
26.320000,26.430000,26.450000,26.170000,0.110000,0.280000,2
26.355000,26.325000,26.520000,26.280000,-0.030000,0.240000,2
26.370000,26.360000,26.520000,26.345000,-0.010000,0.175000,2
26.530000,26.350000,26.580000,26.340000,-0.180000,0.240000,2
26.723400,26.540000,26.740000,26.460900,-0.183400,0.279100,1
26.720000,26.729900,26.733700,26.610000,0.009900,0.123700,2
26.884500,26.730000,26.884500,26.730000,-0.154500,0.154500,2
26.904400,26.880200,26.980000,26.819900,-0.024200,0.160100,2
27.160000,26.900300,27.170000,26.850000,-0.259700,0.320000,2
27.300000,27.160000,27.310000,27.113500,-0.140000,0.196500,2
27.410000,27.290000,27.430000,27.270100,-0.120000,0.159900,2
27.572100,27.416400,27.720000,27.390000,-0.155700,0.330000,2
27.600000,27.580000,27.640000,27.460000,-0.020000,0.180000,2
27.740000,27.610000,27.780000,27.600000,-0.130000,0.180000,1
27.550000,27.750000,27.790000,27.520000,0.200000,0.270000,2
27.670000,27.550000,27.690000,27.543700,-0.120000,0.146300,1
27.580000,27.669900,27.685500,27.500000,0.089900,0.185500,2
27.600000,27.580000,27.690000,27.575000,-0.020000,0.115000,2
27.760000,27.610000,27.760000,27.570000,-0.150000,0.190000,2
27.770000,27.770000,27.840000,27.705000,0.000000,0.135000,1
27.680000,27.770000,27.840000,27.640000,0.090000,0.200000,2
27.749900,27.695300,27.779900,27.620000,-0.054600,0.159900,2
27.842400,27.740000,27.850000,27.730000,-0.102400,0.120000,2
28.050000,27.850000,28.090000,27.840000,-0.200000,0.250000,2
28.200000,28.059000,28.220000,28.050000,-0.141000,0.170000,1
27.940000,28.440000,28.520000,27.624700,0.500000,0.895300,1
27.540000,27.950000,27.950000,27.490000,0.410000,0.460000,1
27.450000,27.550000,27.710000,27.380000,0.100000,0.330000,1
27.410000,27.450300,27.530000,27.246800,0.040300,0.283200,1
26.995000,27.410000,27.460000,26.980000,0.415000,0.480000,2
27.070000,26.975000,27.220000,26.920000,-0.095000,0.300000,2
27.295000,27.070000,27.355000,27.000000,-0.225000,0.355000,2
27.370000,27.300000,27.460000,27.260000,-0.070000,0.200000,1
27.360000,27.390000,27.425000,27.100000,0.030000,0.325000,2
27.401500,27.370000,27.435000,27.250000,-0.031500,0.185000,1
27.307300,27.410000,27.410000,27.200000,0.102700,0.210000,2
27.310000,27.319900,27.480000,27.285000,0.009900,0.195000,2
27.369900,27.315000,27.440000,27.290000,-0.054900,0.150000,1
27.310000,27.352000,27.380000,27.180000,0.042000,0.200000,2
27.415000,27.310000,27.467500,27.280000,-0.105000,0.187500,1
27.380000,27.425000,27.439000,27.330000,0.045000,0.109000,2
27.418100,27.380000,27.570000,27.341500,-0.038100,0.228500,1
27.380100,27.401300,27.450000,27.340000,0.021200,0.110000,1
27.250000,27.380000,27.410000,27.220000,0.130000,0.190000,1
27.159900,27.240000,27.250000,27.050000,0.080100,0.200000,2
27.340000,27.160000,27.340000,27.111000,-0.180000,0.229000,2
27.360000,27.325000,27.440000,27.270000,-0.035000,0.170000,1
27.330000,27.355000,27.420000,27.270000,0.025000,0.150000,1
27.325300,27.340000,27.350000,27.240000,0.014700,0.110000,1
27.280000,27.327700,27.330000,27.195000,0.047700,0.135000,2
27.310000,27.270000,27.380000,27.235000,-0.040000,0.145000,2
27.535000,27.070000,27.630000,26.930000,-0.465000,0.700000,1
27.430100,27.549000,27.750000,27.399500,0.118900,0.350500,1
27.060000,27.436100,27.440000,26.960000,0.376100,0.480000,1
26.960000,27.050000,27.170000,26.900000,0.090000,0.270000,2
27.010000,26.965000,27.330000,26.915000,-0.045000,0.415000,2
27.030000,27.015000,27.120000,26.845000,-0.015000,0.275000,1
26.860000,27.012300,27.050000,26.831500,0.152300,0.218500,1
26.650000,26.850000,26.910000,26.590000,0.200000,0.320000,1
26.580000,26.625000,26.710000,26.500000,0.045000,0.210000,1
26.540000,26.570000,26.570000,26.400000,0.030000,0.170000,2
26.670000,26.515000,26.730000,26.500000,-0.155000,0.230000,2
26.760000,26.650000,26.860000,26.580000,-0.110000,0.280000,2
26.819400,26.770000,26.940000,26.710000,-0.049400,0.230000,1
26.649900,26.820000,26.830000,26.610000,0.170100,0.220000,1
26.560000,26.631500,26.690000,26.510000,0.071500,0.180000,2
26.580000,26.550000,26.620000,26.460000,-0.030000,0.160000,1
26.490000,26.590000,26.655000,26.465000,0.100000,0.190000,2
26.566000,26.490000,26.590000,26.490000,-0.076000,0.100000,2
26.652800,26.570000,26.785000,26.570000,-0.082800,0.215000,2
26.680000,26.650000,26.700000,26.550000,-0.030000,0.150000,2
26.784800,26.660000,26.790000,26.610100,-0.124800,0.179900,1
26.660100,26.800000,26.815000,26.640000,0.139900,0.175000,1
26.565800,26.659400,26.670000,26.550000,0.093600,0.120000,2
26.675000,26.560000,26.700000,26.560000,-0.115000,0.140000,1
26.630000,26.670000,26.716000,26.590000,0.040000,0.126000,1
26.620000,26.620000,26.695000,26.570000,0.000000,0.125000,2
26.910000,27.086200,27.086200,26.590000,0.176200,0.496200,1
26.590000,26.920000,26.957300,26.520000,0.330000,0.437300,1
26.540000,26.600000,26.780000,26.510000,0.060000,0.270000,2
26.640000,26.557600,26.700000,26.460000,-0.082400,0.240000,2
26.660000,26.630000,26.800000,26.630000,-0.030000,0.170000,1
26.420000,26.643000,26.665000,26.330000,0.223000,0.335000,2
26.450000,26.440000,26.550000,26.400000,-0.010000,0.150000,1
26.170000,26.480000,26.500000,26.170000,0.310000,0.330000,1
25.940000,26.170000,26.230000,25.920000,0.230000,0.310000,1
25.871900,25.939900,26.016500,25.770000,0.068000,0.246500,1
25.498500,25.880000,25.900000,25.420000,0.381500,0.480000,1
24.929900,25.490000,25.525000,24.800000,0.560100,0.725000,1
24.700000,24.921000,24.937700,24.184100,0.221000,0.753600,2
24.910000,24.700100,24.980000,24.550000,-0.209900,0.430000,1
24.660000,24.890000,24.900000,24.370000,0.230000,0.530000,2
24.732500,24.661500,24.750000,24.450000,-0.071000,0.300000,2
24.800000,24.745000,25.010000,24.700000,-0.055000,0.310000,1
24.750000,24.785000,24.880000,24.690000,0.035000,0.190000,1
24.720000,24.750000,24.757200,24.481000,0.030000,0.276200,1
24.630000,24.730000,24.940000,24.610000,0.100000,0.330000,1
24.560000,24.630000,24.770000,24.540000,0.070000,0.230000,1
24.490100,24.560000,24.718100,24.480000,0.069900,0.238100,1
24.340000,24.500000,24.570000,24.340000,0.160000,0.230000,1
23.950000,24.348900,24.375000,23.800000,0.398900,0.575000,2
23.995000,23.950000,24.000000,23.600000,-0.045000,0.400000,1
23.660000,23.990000,24.010000,23.640000,0.330000,0.370000,2
24.590100,24.500000,25.100000,24.340000,-0.090100,0.760000,1
24.295000,24.590000,24.960000,24.210000,0.295000,0.750000,2
24.400000,24.300000,24.480000,24.095000,-0.100000,0.385000,2
24.605000,24.410000,24.690000,24.305000,-0.195000,0.385000,2
25.280000,24.605000,25.290000,24.605000,-0.675000,0.685000,2
25.418500,25.260000,25.640000,25.240000,-0.158500,0.400000,1
25.365000,25.420000,25.500000,25.200000,0.055000,0.300000,2
25.390000,25.360000,25.610000,25.310000,-0.030000,0.300000,1
25.310000,25.390000,25.460000,25.220000,0.080000,0.240000,1
25.160000,25.320000,25.420000,25.030000,0.160000,0.390000,1
24.766500,25.162300,25.170100,24.740000,0.395800,0.430100,2
25.036200,24.760000,25.110000,24.650000,-0.276200,0.460000,1
25.020000,25.042200,25.195700,24.920000,0.022200,0.275700,1
24.739900,25.030000,25.080000,24.680000,0.290100,0.400000,1
24.685000,24.730100,24.840000,24.530100,0.045100,0.309900,1
24.560100,24.680000,24.780000,24.450000,0.119900,0.330000,2
24.700000,24.530100,24.740000,24.500000,-0.169900,0.240000,1
24.545000,24.709900,24.709900,24.480100,0.164900,0.229800,2
24.765000,24.540000,24.870000,24.525000,-0.225000,0.345000,1
24.680100,24.760000,24.815000,24.671000,0.079900,0.144000,2
24.960000,24.681100,25.000000,24.660000,-0.278900,0.340000,2
25.076600,24.960000,25.170000,24.960000,-0.116600,0.210000,2
25.110000,25.070000,25.250000,25.040000,-0.040000,0.210000,1
25.095000,25.115000,25.150000,24.970000,0.020000,0.180000,1
25.045000,25.100000,25.170000,25.020000,0.055000,0.150000,1
25.040000,25.040000,25.100000,24.965000,0.000000,0.135000,1
24.630000,24.200000,24.770000,23.850000,-0.430000,0.920000,2
24.700000,24.620000,24.950000,24.510000,-0.080000,0.440000,1
24.320000,24.690000,24.790000,24.280000,0.370000,0.510000,2
24.420000,24.320000,24.530000,24.220000,-0.100000,0.310000,2
24.570000,24.412700,24.630100,24.300000,-0.157300,0.330100,2
24.627500,24.560000,24.750000,24.510000,-0.067500,0.240000,1
24.620000,24.620000,24.680000,24.460000,0.000000,0.220000,2
24.855000,24.610000,24.950000,24.580000,-0.245000,0.370000,1
24.570100,24.860000,24.880000,24.570000,0.289900,0.310000,1
24.520000,24.580000,24.750000,24.475000,0.060000,0.275000,2
24.760000,24.520000,24.769800,24.500000,-0.240000,0.269800,2
24.820000,24.770000,24.860000,24.630000,-0.050000,0.230000,2
25.189900,24.830000,25.190000,24.819700,-0.359900,0.370300,1
24.800000,25.190000,25.195000,24.760000,0.390000,0.435000,1
24.740000,24.790000,24.950000,24.730000,0.050000,0.220000,2
24.810000,24.750000,24.900000,24.710000,-0.060000,0.190000,1
24.670000,24.800000,24.895000,24.661000,0.130000,0.234000,2
24.750000,24.670000,24.790000,24.660100,-0.080000,0.129900,2
24.847000,24.760000,24.980000,24.340000,-0.087000,0.640000,2
24.965500,24.844900,25.160000,24.844900,-0.120600,0.315100,1
24.950000,24.960000,25.060000,24.900000,0.010000,0.160000,2
25.080000,24.940000,25.120000,24.840000,-0.140000,0.280000,2
25.110000,25.080000,25.255000,25.075000,-0.030000,0.180000,2
25.199900,25.110000,25.260000,25.100000,-0.089900,0.160000,1
25.165000,25.210000,25.240000,25.120000,0.045000,0.120000,1
25.090000,25.160000,25.160000,25.020000,0.070000,0.140000,1
24.460000,24.990000,25.090000,24.200000,0.530000,0.890000,1
24.100000,24.460000,24.584700,24.035000,0.360000,0.549700,1
23.900000,24.090000,24.190000,23.810000,0.190000,0.380000,1
23.670000,23.900000,23.960000,23.600000,0.230000,0.360000,2
23.940000,23.670000,24.000000,23.538100,-0.270000,0.461900,1
23.920000,23.931000,24.050000,23.770000,0.011000,0.280000,1
23.628200,23.920000,24.000000,23.591500,0.291800,0.408500,1
23.530000,23.630000,23.680000,23.461500,0.100000,0.218500,1
23.490000,23.530000,23.590000,23.356900,0.040000,0.233100,2
23.820000,23.490000,23.910000,23.480000,-0.330000,0.430000,2
23.930000,23.820000,23.970100,23.770000,-0.110000,0.200100,1
23.730000,23.918000,23.930000,23.700000,0.188000,0.230000,1
23.620000,23.730000,23.759900,23.540000,0.110000,0.219900,2
23.730000,23.610000,23.820000,23.550000,-0.120000,0.270000,1
23.340000,23.720000,23.720000,23.310000,0.380000,0.410000,2
23.399900,23.346200,23.520000,23.220000,-0.053700,0.300000,2
23.510000,23.400000,23.530000,23.310000,-0.110000,0.220000,1
23.420000,23.510000,23.600000,23.382600,0.090000,0.217400,1
23.410000,23.420000,23.480000,23.250000,0.010000,0.230000,2
23.640000,23.410000,23.665000,23.370000,-0.230000,0.295000,1
23.370000,23.650000,23.672500,23.370000,0.280000,0.302500,1
23.230000,23.375100,23.380000,23.140000,0.145100,0.240000,2
23.430000,23.220000,23.450000,23.125000,-0.210000,0.325000,1
23.045000,23.424400,23.510000,23.030000,0.379400,0.480000,2
23.170100,23.040000,23.220000,22.930000,-0.130100,0.290000,1
22.790000,23.170000,23.180000,22.750000,0.380000,0.430000,1
19.470000,17.900000,19.680000,17.760000,-1.570000,1.920000,2
20.000000,19.470000,20.140000,19.400000,-0.530000,0.740000,1
19.750000,20.005000,20.100000,19.610000,0.255000,0.490000,2
19.839800,19.760000,19.870000,19.340200,-0.079800,0.529800,1
19.580000,19.835000,19.980000,19.470000,0.255000,0.510000,1
19.465000,19.581200,19.620000,19.341500,0.116200,0.278500,1
19.430000,19.460000,19.510000,19.070100,0.030000,0.439900,2
19.489000,19.425000,19.700000,19.350000,-0.064000,0.350000,2
19.541500,19.485000,19.675000,19.450000,-0.056500,0.225000,2
19.575000,19.540000,19.860000,19.470000,-0.035000,0.390000,1
19.509800,19.580000,19.630000,19.422500,0.070200,0.207500,1
19.345000,19.502500,19.510000,19.340000,0.157500,0.170000,1
19.275000,19.340000,19.400000,19.220000,0.065000,0.180000,1
19.075000,19.280000,19.350000,19.020000,0.205000,0.330000,1
18.875000,19.090000,19.190000,18.850100,0.215000,0.339900,1
18.865000,18.870000,19.000000,18.650000,0.005000,0.350000,2
19.134700,18.865000,19.210000,18.775000,-0.269700,0.435000,2
19.320000,19.140000,19.390000,19.125000,-0.180000,0.265000,2
19.555000,19.320000,19.587500,19.220000,-0.235000,0.367500,1
19.495000,19.555000,19.640000,19.430000,0.060000,0.210000,1
19.388000,19.495000,19.510000,19.380000,0.107000,0.130000,1
19.285000,19.382900,19.410000,19.200000,0.097900,0.210000,1
19.250000,19.290000,19.340000,19.220000,0.040000,0.120000,1
19.150000,19.250000,19.260100,19.065000,0.100000,0.195100,1
19.045000,19.150000,19.180000,18.965000,0.105000,0.215000,2
19.265000,19.050000,19.280000,19.010000,-0.215000,0.270000,1
18.495000,18.499500,18.657400,18.250000,0.004500,0.407400,2
18.660000,18.500100,18.770000,18.460000,-0.159900,0.310000,1
18.271500,18.650100,18.650100,18.250000,0.378600,0.400100,1
18.000000,18.272500,18.320000,18.000000,0.272500,0.320000,1
17.620000,18.000000,18.050000,17.545000,0.380000,0.505000,1
17.450000,17.603800,17.665600,17.380000,0.153800,0.285600,2
17.492500,17.450000,17.520000,17.350000,-0.042500,0.170000,2
17.580000,17.390000,17.640000,17.340000,-0.190000,0.300000,1
17.470100,17.590000,17.720000,17.405000,0.119900,0.315000,2
17.680000,17.475000,17.760000,17.475000,-0.205000,0.285000,2
17.730000,17.683100,17.870000,17.670000,-0.046900,0.200000,1
17.657500,17.730100,17.780000,17.575000,0.072600,0.205000,2
17.800000,17.660000,17.810000,17.620000,-0.140000,0.190000,2
17.811000,17.800000,18.000000,17.800000,-0.011000,0.200000,2
18.030100,17.815000,18.050000,17.800000,-0.215100,0.250000,1
17.759800,18.035000,18.080100,17.745000,0.275200,0.335100,1
17.740000,17.755000,17.760000,17.550000,0.015000,0.210000,1
17.660000,17.733400,17.733400,17.620000,0.073400,0.113400,1
17.485000,17.660000,17.660000,17.450000,0.175000,0.210000,2
17.610000,17.485000,17.690000,17.450000,-0.125000,0.240000,1
17.576300,17.615000,17.670000,17.560000,0.038700,0.110000,1
17.499900,17.575000,17.600000,17.470000,0.075100,0.130000,1
17.370100,17.495000,17.545000,17.370000,0.124900,0.175000,2
17.520000,17.370100,17.650000,17.370000,-0.149900,0.280000,1
17.520000,17.525000,17.610000,17.450000,0.005000,0.160000,2
17.625000,17.520000,17.780000,17.520000,-0.105000,0.260000,2
17.647500,18.220000,18.230000,17.585000,0.572500,0.645000,2
17.875000,17.645000,17.905000,17.491000,-0.230000,0.414000,1
17.795000,17.860000,18.010000,17.790000,0.065000,0.220000,1
17.720000,17.791900,17.920000,17.660000,0.071900,0.260000,1
17.640000,17.710000,17.800000,17.610100,0.070000,0.189900,2
17.715000,17.640000,17.778800,17.580000,-0.075000,0.198800,1
17.580000,17.735000,17.860000,17.555000,0.155000,0.305000,1
17.500000,17.585000,17.670000,17.415000,0.085000,0.255000,2
17.600000,17.495000,17.610000,17.430000,-0.105000,0.180000,1
17.490000,17.600000,17.650000,17.480000,0.110000,0.170000,1
17.250100,17.470000,17.490000,17.250000,0.219900,0.240000,1
17.210000,17.250000,17.405000,17.150000,0.040000,0.255000,2
17.350000,17.217500,17.385000,17.111000,-0.132500,0.274000,1
17.235000,17.335000,17.370000,17.170100,0.100000,0.199900,2
17.490000,17.240000,17.579800,17.237500,-0.250000,0.342300,1
17.405000,17.500000,17.520000,17.370000,0.095000,0.150000,2
17.495000,17.399000,17.539700,17.396300,-0.096000,0.143400,1
17.399900,17.490100,17.559800,17.390100,0.090200,0.169700,1
17.210000,17.390000,17.399900,17.200000,0.180000,0.199900,1
17.050000,17.210000,17.240000,17.050000,0.160000,0.190000,1
17.000000,17.040000,17.070000,16.860000,0.040000,0.210000,1
16.915000,16.990000,17.040000,16.830000,0.075000,0.210000,1
16.731000,16.915900,16.920000,16.720800,0.184900,0.199200,1
16.710000,16.730000,16.810000,16.650000,0.020000,0.160000,1
16.350000,16.700200,16.700200,16.270000,0.350200,0.430200,2
16.860000,16.340000,16.890000,16.280000,-0.520000,0.610000,1
16.650000,16.440000,16.770000,16.180000,-0.210000,0.590000,2
17.110000,16.650000,17.230000,16.560000,-0.460000,0.670000,1
16.980000,17.110100,17.130000,16.860000,0.130100,0.270000,1
16.880000,16.990000,17.055000,16.825000,0.110000,0.230000,1
16.300000,16.880000,16.945000,16.262800,0.580000,0.682200,2
16.480100,16.300000,16.580000,16.265000,-0.180100,0.315000,2
16.560000,16.615000,16.770000,16.560000,0.055000,0.210000,2
16.780000,16.570000,16.820000,16.535000,-0.210000,0.285000,1
16.760000,16.800000,16.840000,16.680000,0.040000,0.160000,1
16.740000,16.765000,16.958500,16.720000,0.025000,0.238500,2
16.875000,16.754100,16.960000,16.753700,-0.120900,0.206300,2
16.990000,16.880000,17.090000,16.865000,-0.110000,0.225000,2
17.070000,16.961000,17.120000,16.920000,-0.109000,0.200000,1
16.860000,17.070000,17.166600,16.820000,0.210000,0.346600,1
16.660000,16.860000,16.890000,16.641500,0.200000,0.248500,1
16.610000,16.670000,16.830000,16.580000,0.060000,0.250000,2
16.700000,16.610000,16.700000,16.515000,-0.090000,0.185000,2
16.710000,16.700000,16.730000,16.580000,-0.010000,0.150000,1
16.660000,16.700000,16.770000,16.600000,0.040000,0.170000,2
16.690000,16.660000,16.750000,16.600100,-0.030000,0.149900,2
16.770000,16.680000,16.800000,16.650000,-0.090000,0.150000,2
16.870000,16.760000,16.940000,16.730000,-0.110000,0.210000,2
16.960000,16.890000,17.010000,16.830000,-0.070000,0.180000,2
17.050000,16.970000,17.070000,16.920000,-0.080000,0.150000,2
17.070000,17.040000,17.110000,16.985000,-0.030000,0.125000,2
17.220000,17.060000,17.220000,17.015000,-0.160000,0.205000,2
17.299900,17.870000,18.000000,17.260000,0.570100,0.740000,2
17.415000,17.295900,17.500000,17.120000,-0.119100,0.380000,2
17.585000,17.425000,17.650000,17.340100,-0.160000,0.309900,2
17.760000,17.600000,17.910000,17.590000,-0.160000,0.320000,1
17.720000,17.770000,17.940000,17.700000,0.050000,0.240000,1
17.678100,17.725000,17.780000,17.580000,0.046900,0.200000,1
17.559000,17.690000,17.800000,17.520000,0.131000,0.280000,2
17.730000,17.530000,17.770000,17.480000,-0.200000,0.290000,1
17.570000,17.730000,17.760000,17.570000,0.160000,0.190000,2
17.730000,17.561200,17.790000,17.561200,-0.168800,0.228800,2
17.780000,17.750000,17.789900,17.623400,-0.030000,0.166500,2
17.800000,17.770000,17.895000,17.719400,-0.030000,0.175600,2
18.050000,17.810000,18.096600,17.790000,-0.240000,0.306600,1
18.000000,18.045000,18.130000,17.980000,0.045000,0.150000,2
18.089900,18.010000,18.130000,17.950000,-0.079900,0.180000,1
18.065000,18.090000,18.340000,18.040000,0.025000,0.300000,2
18.200000,18.070000,18.200000,17.965000,-0.130000,0.235000,1
18.090000,18.210000,18.220000,18.060000,0.120000,0.160000,2
18.200000,18.100000,18.240000,18.050000,-0.100000,0.190000,1
18.140000,18.200000,18.300000,18.110000,0.060000,0.190000,2
18.170000,18.130000,18.230000,18.080000,-0.040000,0.150000,1
18.120000,18.170000,18.180000,18.090000,0.050000,0.090000,2
18.195000,18.123500,18.270000,18.090000,-0.071500,0.180000,1
18.180100,18.195000,18.230000,18.100000,0.014900,0.130000,1
18.150000,18.180000,18.220000,18.125000,0.030000,0.095000,2
18.210000,18.150000,18.280000,18.130000,-0.060000,0.150000,2
18.240000,18.470000,18.580000,18.205000,0.230000,0.375000,2
18.247000,18.233600,18.392600,18.090000,-0.013400,0.302600,2
18.280000,18.230300,18.450000,18.160000,-0.049700,0.290000,2
18.350000,18.300000,18.420000,18.290000,-0.050000,0.130000,2
18.588900,18.350000,18.630000,18.343300,-0.238900,0.286700,2
18.820000,18.590000,18.830000,18.590000,-0.230000,0.240000,2
19.140000,18.826600,19.190000,18.755000,-0.313400,0.435000,2
19.670000,19.150000,19.680000,19.101000,-0.520000,0.579000,2
19.801500,19.675000,19.870000,19.520000,-0.126500,0.350000,1
19.670000,19.820000,19.960000,19.620000,0.150000,0.340000,1
19.590000,19.662400,19.724900,19.520000,0.072400,0.204900,1
19.579900,19.580000,19.590000,19.420000,0.000100,0.170000,1
19.506500,19.579900,19.650000,19.440000,0.073400,0.210000,2
19.770100,19.515000,19.800000,19.390000,-0.255100,0.410000,2
19.869300,19.770000,19.900000,19.740000,-0.099300,0.160000,2
20.050000,19.865000,20.080000,19.830000,-0.185000,0.250000,1
19.810000,20.050000,20.075000,19.780000,0.240000,0.295000,2
19.850000,19.810000,19.900000,19.750000,-0.040000,0.150000,2
20.020100,19.859000,20.049900,19.780000,-0.161100,0.269900,2
20.185000,20.025300,20.225000,20.010000,-0.159700,0.215000,1
20.050000,20.185000,20.186300,19.990000,0.135000,0.196300,2
20.070000,20.049900,20.122300,20.017900,-0.020100,0.104400,2
20.120000,20.070000,20.136700,20.010000,-0.050000,0.126700,2
20.130000,20.120000,20.160000,20.060100,-0.010000,0.099900,2
20.200000,20.135000,20.200000,20.060000,-0.065000,0.140000,2
20.235000,20.195000,20.330000,20.180000,-0.040000,0.150000,2
20.990000,20.630000,21.000000,20.130000,-0.360000,0.870000,1
20.555000,20.955000,21.050000,20.419900,0.400000,0.630100,1
20.250000,20.570000,20.630000,20.160000,0.320000,0.470000,1
20.210000,20.250000,20.450000,20.100000,0.040000,0.350000,1
19.570000,20.205000,20.205000,19.475000,0.635000,0.730000,2
20.020000,19.569500,20.140000,19.569500,-0.450500,0.570500,1
19.760000,20.030000,20.030000,19.660000,0.270000,0.370000,1
19.689900,19.745000,19.830000,19.620000,0.055100,0.210000,2
19.930000,19.670600,19.970000,19.670600,-0.259400,0.299400,2
20.040000,19.931000,20.049000,19.810000,-0.109000,0.239000,2
20.140000,20.040100,20.260000,19.990000,-0.099900,0.270000,1
20.070000,20.137300,20.140000,19.990000,0.067300,0.150000,1
19.940000,20.075000,20.120000,19.780000,0.135000,0.340000,1
19.820000,19.920000,19.930000,19.660000,0.100000,0.270000,2
20.040000,19.825000,20.045000,19.711500,-0.215000,0.333500,2
20.113900,20.030000,20.218400,20.020000,-0.083900,0.198400,1
20.040000,20.100000,20.100000,19.900000,0.060000,0.200000,1
20.020000,20.034900,20.110000,19.950000,0.014900,0.160000,1
19.877000,20.020000,20.039900,19.850000,0.143000,0.189900,2
20.050000,19.880000,20.100000,19.740000,-0.170000,0.360000,1
20.030000,20.060000,20.120000,19.950000,0.030000,0.170000,1
20.020000,20.029000,20.090000,19.990000,0.009000,0.100000,2
20.110000,20.030000,20.179900,19.931500,-0.080000,0.248400,2
20.250000,20.110000,20.360000,20.080000,-0.140000,0.280000,2
20.260000,20.250000,20.306300,20.175000,-0.010000,0.131300,1
20.230000,20.250000,20.300000,20.180000,0.020000,0.120000,1
19.370000,20.132200,20.160000,19.329900,0.762200,0.830100,2
19.480000,19.387500,19.690000,19.320000,-0.092500,0.370000,1
19.140000,19.490000,19.560000,18.980000,0.350000,0.580000,1
19.055000,19.145000,19.210000,18.880100,0.090000,0.329900,2
19.140000,19.060000,19.243100,18.960100,-0.080000,0.283000,2
19.185000,19.130000,19.270000,18.990000,-0.055000,0.280000,2
19.190000,19.190000,19.330000,19.100000,0.000000,0.230000,1
19.035000,19.200000,19.209900,18.970000,0.165000,0.239900,2
19.050000,19.030000,19.170000,18.990000,-0.020000,0.180000,2
19.090000,19.030000,19.159900,19.002300,-0.060000,0.157600,1
19.090000,19.100000,19.157400,19.010000,0.010000,0.147400,2
19.110000,19.090000,19.190000,19.010100,-0.020000,0.179900,2
19.115000,19.110000,19.170000,19.060000,-0.005000,0.110000,2
19.213100,19.110000,19.240000,19.070000,-0.103100,0.170000,2
19.348500,19.220000,19.356300,19.175000,-0.128500,0.181300,1
19.339100,19.345000,19.480000,19.320000,0.005900,0.160000,2
19.440000,19.341600,19.465000,19.280000,-0.098400,0.185000,2
19.570000,19.439900,19.627800,19.390000,-0.130100,0.237800,2
19.640000,19.580000,19.640000,19.530000,-0.060000,0.110000,2
19.815000,19.630000,19.845000,19.600000,-0.185000,0.245000,2
19.835000,19.810000,19.840000,19.690000,-0.025000,0.150000,2
19.950100,19.845000,20.040000,19.845000,-0.105100,0.195000,2
20.010000,19.950000,20.030000,19.900100,-0.060000,0.129900,2
20.020000,20.010000,20.029900,19.910000,-0.010000,0.119900,1
19.930000,20.015300,20.030000,19.900000,0.085300,0.130000,1
19.910000,19.930000,19.958100,19.850000,0.020000,0.108100,1
19.880000,19.530000,20.240000,19.480000,-0.350000,0.760000,2
20.110000,19.885000,20.190000,19.840000,-0.225000,0.350000,1
19.996100,20.110000,20.115000,19.905000,0.113900,0.210000,2
20.069000,20.000000,20.110100,19.940000,-0.069000,0.170100,2
20.474100,20.050100,20.510000,20.030000,-0.424000,0.480000,1
20.250000,20.479900,20.509800,20.180000,0.229900,0.329800,2
20.300000,20.250000,20.340000,20.130000,-0.050000,0.210000,2
20.400000,20.310000,20.480000,20.260000,-0.090000,0.220000,1
20.390000,20.410100,20.410100,20.235000,0.020100,0.175100,2
20.400100,20.398700,20.440000,20.301100,-0.001400,0.138900,2
20.420100,20.410000,20.450000,20.300000,-0.010100,0.150000,2
21.020000,20.419900,21.510000,20.405300,-0.600100,1.104700,2
21.565000,21.023000,21.650000,21.020000,-0.542000,0.630000,1
21.270000,21.560000,21.590000,21.210000,0.290000,0.380000,1
21.190000,21.270000,21.390000,21.110000,0.080000,0.280000,1
21.070000,21.185000,21.220000,21.020100,0.115000,0.199900,2
21.230000,21.060000,21.295000,20.980000,-0.170000,0.315000,1
21.080000,21.220100,21.289900,21.020000,0.140100,0.269900,1
20.980000,21.078500,21.165000,20.940000,0.098500,0.225000,1
20.630000,20.985000,21.000000,20.580000,0.355000,0.420000,2
20.735000,20.620000,20.805000,20.530000,-0.115000,0.275000,1
20.615000,20.720000,20.840000,20.600000,0.105000,0.240000,1
20.520000,20.620000,20.675000,20.470000,0.100000,0.205000,2
20.600000,20.512000,20.655000,20.490000,-0.088000,0.165000,2
20.620000,20.600000,20.649900,20.520000,-0.020000,0.129900,2
20.685000,20.610000,20.720000,20.580000,-0.075000,0.140000,2
21.465000,21.430000,21.820000,21.070000,-0.035000,0.750000,2
21.500000,21.490000,21.639900,21.240000,-0.010000,0.399900,2
21.655000,21.500000,21.800000,21.430000,-0.155000,0.370000,2
21.850000,21.649900,21.900000,21.550000,-0.200100,0.350000,2
21.880000,21.855000,22.080000,21.815000,-0.025000,0.265000,1
21.810000,21.910000,21.941000,21.720000,0.100000,0.221000,2
21.880000,21.810000,21.920000,21.700000,-0.070000,0.220000,2
22.088300,21.890000,22.160000,21.809700,-0.198300,0.350300,1
22.030000,22.090000,22.220000,21.980000,0.060000,0.240000,2
22.100000,22.030000,22.180000,21.980000,-0.070000,0.200000,1
21.814100,22.110000,22.110000,21.800000,0.295900,0.310000,1
21.770000,21.810000,21.869900,21.720000,0.040000,0.149900,1
21.720000,21.763700,21.899900,21.680100,0.043700,0.219800,2
21.800000,21.720000,21.900000,21.680000,-0.080000,0.220000,2
21.888500,21.810000,21.910000,21.810000,-0.078500,0.100000,1
21.870000,21.885000,21.910000,21.833600,0.015000,0.076400,1
21.595000,21.870000,21.910000,21.570100,0.275000,0.339900,2
21.660000,21.580000,21.670000,21.540000,-0.080000,0.130000,2
21.696800,21.650000,21.725000,21.630300,-0.046800,0.094700,1
21.688500,21.695000,21.730000,21.620000,0.006500,0.110000,1
21.480000,21.680000,21.700000,21.480000,0.200000,0.220000,2
21.560900,21.480000,21.610000,21.460000,-0.080900,0.150000,2
21.630000,21.560000,21.660000,21.541500,-0.070000,0.118500,2
21.645000,21.630000,21.645000,21.520000,-0.015000,0.125000,2
21.720000,21.643600,21.750000,21.630000,-0.076400,0.120000,2
21.840000,21.730000,21.850000,21.700000,-0.110000,0.150000,1
21.590000,21.750000,21.830000,21.140000,0.160000,0.690000,2
21.950000,21.590000,21.975000,21.505300,-0.360000,0.469700,1
21.680000,21.960000,22.073900,21.650000,0.280000,0.423900,1
21.570000,21.660000,21.709900,21.420000,0.090000,0.289900,1
21.440000,21.570000,21.699900,21.440000,0.130000,0.259900,1
21.360100,21.430000,21.520000,21.300000,0.069900,0.220000,1
21.310000,21.379500,21.560000,21.290000,0.069500,0.270000,1
21.220000,21.301600,21.379900,21.170000,0.081600,0.209900,1
21.210100,21.225000,21.336700,21.210000,0.014900,0.126700,1
21.123400,21.210000,21.320000,21.110100,0.086600,0.209900,2
21.279900,21.130000,21.325000,21.060000,-0.149900,0.265000,2
21.330000,21.289100,21.430000,21.240000,-0.040900,0.190000,2
21.340000,21.330000,21.420100,21.220000,-0.010000,0.200100,1
21.220000,21.345000,21.396500,21.210000,0.125000,0.186500,1
21.168400,21.220000,21.280000,21.129200,0.051600,0.150800,1
21.140000,21.170000,21.220000,21.140000,0.030000,0.080000,2
21.270000,21.132600,21.310000,21.110000,-0.137400,0.200000,2
21.390000,21.270000,21.400000,21.220000,-0.120000,0.180000,2
21.477900,21.390000,21.490000,21.200000,-0.087900,0.290000,1
21.350000,21.485000,21.540000,21.340000,0.135000,0.200000,1
21.170000,21.350000,21.390000,21.170000,0.180000,0.220000,2
21.200000,21.180000,21.310000,21.160000,-0.020000,0.150000,1
21.185000,21.180000,21.200000,21.070000,-0.005000,0.130000,1
21.120000,21.180000,21.250000,21.110000,0.060000,0.140000,1
21.050000,21.115000,21.165000,20.970000,0.065000,0.195000,2
21.190000,21.065000,21.250000,21.060000,-0.125000,0.190000,1
20.300000,20.760000,20.816000,20.240000,0.460000,0.576000,2
20.498500,20.300000,20.540000,20.210000,-0.198500,0.330000,1
20.225500,20.490000,20.550000,20.155000,0.264500,0.395000,2
20.380000,20.210000,20.395000,20.110000,-0.170000,0.285000,2
20.480000,20.380000,20.560000,20.290000,-0.100000,0.270000,2
20.670000,20.480000,20.705000,20.480000,-0.190000,0.225000,1
20.530000,20.680000,20.761100,20.500000,0.150000,0.261100,2
20.700000,20.510000,20.730000,20.500000,-0.190000,0.230000,2
20.871000,20.700000,20.890000,20.690000,-0.171000,0.200000,1
20.695300,20.870000,20.905000,20.680000,0.174700,0.225000,2
20.775000,20.700000,20.866300,20.650000,-0.075000,0.216300,1
20.750000,20.775000,20.796200,20.670000,0.025000,0.126200,2
20.870000,20.749100,20.900000,20.690000,-0.120900,0.210000,2
20.940000,20.850000,21.037000,20.850000,-0.090000,0.187000,1
20.887400,20.945000,20.980000,20.870000,0.057600,0.110000,1
20.868500,20.885000,20.920000,20.780000,0.016500,0.140000,1
20.780000,20.865000,20.870000,20.740100,0.085000,0.129900,1
20.740000,20.780000,20.785000,20.660000,0.040000,0.125000,2
20.770000,20.740000,20.870000,20.720000,-0.030000,0.150000,1
20.730000,20.770000,20.815000,20.730000,0.040000,0.085000,2
20.890000,20.740000,20.930000,20.740000,-0.150000,0.190000,2
21.000000,20.889900,21.085000,20.889900,-0.110100,0.195100,2
21.080000,21.000000,21.080000,20.959900,-0.080000,0.120100,1
21.050000,21.080000,21.180000,21.040000,0.030000,0.140000,2
21.150000,21.050000,21.159900,21.020000,-0.100000,0.139900,1
21.020000,21.150000,21.160000,21.020000,0.130000,0.140000,1
20.120000,20.670000,20.840000,20.120000,0.550000,0.720000,1
19.710000,20.125000,20.219900,19.650000,0.415000,0.569900,1
19.340000,19.710000,19.710000,19.140000,0.370000,0.570000,2
19.350000,19.340000,19.545000,19.240000,-0.010000,0.305000,1
19.270100,19.350000,19.510000,19.230000,0.079900,0.280000,1
19.075000,19.270100,19.300000,19.041500,0.195100,0.258500,1
18.900000,19.080000,19.120000,18.900000,0.180000,0.220000,2
18.970000,18.900000,19.060000,18.800000,-0.070000,0.260000,2
19.190000,18.975000,19.260000,18.900000,-0.215000,0.360000,2
19.290000,19.185000,19.300000,19.040000,-0.105000,0.260000,2
19.366700,19.290000,19.469900,19.290000,-0.076700,0.179900,1
19.210000,19.370000,19.440000,19.190100,0.160000,0.249900,2
19.359900,19.200000,19.400000,19.160000,-0.159900,0.240000,1
19.229900,19.350000,19.370000,19.210000,0.120100,0.160000,1
19.181500,19.230000,19.270000,19.130000,0.048500,0.140000,2
19.270000,19.190000,19.325000,19.140000,-0.080000,0.185000,1
19.138900,19.270000,19.290000,19.138900,0.131100,0.151100,2
19.140000,19.135000,19.240000,19.031000,-0.005000,0.209000,2
19.280000,19.140000,19.330000,19.119900,-0.140000,0.210100,1
19.272600,19.280000,19.440000,19.260000,0.007400,0.180000,2
19.350000,19.274300,19.350000,19.190000,-0.075700,0.160000,1
19.210100,19.350000,19.390000,19.210000,0.139900,0.180000,2
19.280000,19.200000,19.290000,19.170000,-0.080000,0.120000,1
19.280000,19.280000,19.355000,19.230100,0.000000,0.124900,1
19.212600,19.280000,19.280000,19.160000,0.067400,0.120000,1
19.030000,19.210000,19.240000,19.020000,0.180000,0.220000,2
19.380000,19.344400,19.650000,19.310000,-0.035600,0.340000,1
19.110100,19.360000,19.510000,19.070000,0.249900,0.440000,2
19.380000,19.120000,19.400000,18.970000,-0.260000,0.430000,1
19.175000,19.375000,19.440000,19.150000,0.200000,0.290000,2
19.490000,19.172800,19.590000,19.150000,-0.317200,0.440000,1
19.490000,19.500000,19.540000,19.360000,0.010000,0.180000,2
19.920100,19.480000,19.940000,19.480000,-0.440100,0.460000,1
19.887000,19.930000,20.015000,19.815000,0.043000,0.200000,1
19.825000,19.881700,19.950000,19.740100,0.056700,0.209900,1
19.697400,19.840000,19.890000,19.620100,0.142600,0.269900,2
19.724800,19.680100,19.770000,19.610000,-0.044700,0.160000,2
19.780000,19.720000,19.850100,19.680000,-0.060000,0.170100,1
19.630100,19.775000,19.798200,19.580100,0.144900,0.218100,2
19.690000,19.630000,19.748400,19.630000,-0.060000,0.118400,2
19.700000,19.700000,19.810000,19.680000,0.000000,0.130000,2
19.721000,19.690000,19.780000,19.650000,-0.031000,0.130000,2
19.870000,19.730000,19.922600,19.715000,-0.140000,0.207600,1
