26888.439500,26872.029300,26919.820300,26866.509800,-16.410200,53.310500,2
26895.849600,26888.539100,26897.660200,26877.800800,-7.310500,19.859400,2
26933.259800,26894.210900,26933.259800,26890.130900,-39.048900,43.128900,2
26935.460900,26933.710900,26950.640600,26918.689500,-1.750000,31.951100,1
26917.400400,26933.339800,26933.599600,26902.539100,15.939400,31.060500,2
26928.300800,26922.869100,26936.320300,26920.769500,-5.431700,15.550800,1
26903.740200,26931.269500,26931.269500,26900.130900,27.529300,31.138600,2
26918.570300,26903.320300,26918.570300,26898.019500,-15.250000,20.550800,1
26891.189500,26918.390600,26920.589800,26882.210900,27.201100,38.378900,2
26926.529300,26887.660200,26926.529300,26883.869100,-38.869100,42.660200,1
26921.589800,26929.820300,26932.400400,26913.560500,8.230500,18.839900,2
26935.529300,26925.810500,26938.240200,26925.759800,-9.718800,12.480400,1
26915.679700,26934.980500,26940.939500,26912.380900,19.300800,28.558600,2
26929.000000,26917.439500,26930.769500,26917.439500,-11.560500,13.330000,1
26924.050800,26928.259800,26936.259800,26920.390600,4.209000,15.869200,1
26919.380900,26923.910200,26927.419900,26902.939500,4.529300,24.480400,1
26912.669900,26919.449200,26926.210900,26910.580100,6.779300,15.630800,2
26924.410200,26913.310500,26931.810500,26913.310500,-11.099700,18.500000,2
26936.099600,26924.029300,26939.720700,26921.060500,-12.070300,18.660200,1
26915.250000,26937.400400,26937.400400,26905.669900,22.150400,31.730500,1
26852.929700,26913.339800,26914.939500,26839.619100,60.410100,75.320400,1
26848.369100,26854.720700,26858.869100,26822.789100,6.351600,36.080000,1
26841.990200,26850.480500,26857.929700,26830.849600,8.490300,27.080100,1
26811.859400,26840.990200,26843.599600,26789.080100,29.130800,54.519500,2
26824.380900,26813.220700,26829.000000,26806.000000,-11.160200,23.000000,2
26826.460900,26834.349600,26854.289100,26826.460900,7.888700,27.828200,1
26744.949200,26779.419900,26785.740200,26734.669900,34.470700,51.070300,1
26717.189500,26743.679700,26766.140600,26708.970700,26.490200,57.169900,1
26649.080100,26713.630900,26713.630900,26637.769500,64.550800,75.861400,1
26612.759800,26641.000000,26651.789100,26578.169900,28.240200,73.619200,1
26605.949200,26600.619100,26611.810500,26576.160200,-5.330100,35.650300,1
26596.199200,26610.990200,26624.449200,26596.199200,14.791000,28.250000,2
26639.669900,26594.759800,26654.730500,26594.759800,-44.910100,59.970700,1
26618.539100,26635.599600,26649.160200,26618.539100,17.060500,30.621100,1
26601.390600,26624.380900,26631.609400,26589.589800,22.990300,42.019600,1
26581.449200,26601.369100,26619.869100,26581.449200,19.919900,38.419900,1
26547.939500,26576.800800,26577.660200,26536.929700,28.861300,40.730500,1
26545.119100,26546.910200,26546.910200,26501.460900,1.791100,45.449300,2
26576.550800,26542.580100,26604.720700,26542.580100,-33.970700,62.140600,1
26561.080100,26573.130900,26593.419900,26553.750000,12.050800,39.669900,1
26516.910200,26556.740200,26561.380900,26516.689500,39.830000,44.691400,2
26518.750000,26519.759800,26529.460900,26489.689500,1.009800,39.771400,2
26525.640600,26517.019500,26525.640600,26473.080100,-8.621100,52.560500,1
26498.109400,26526.400400,26526.400400,26482.560500,28.291000,43.839900,2
26508.050800,26496.939500,26516.929700,26486.580100,-11.111300,30.349600,1
26497.390600,26500.500000,26503.000000,26474.140600,3.109400,28.859400,2
26540.750000,26495.859400,26563.390600,26488.779300,-44.890600,74.611300,2
26591.550800,26539.019500,26598.570300,26533.960900,-52.531300,64.609400,2
26604.650400,26591.390600,26624.990200,26581.550800,-13.259800,43.439400,1
26579.349600,26607.919900,26616.910200,26579.140600,28.570300,37.769600,2
26589.509800,26576.230500,26589.509800,26557.609400,-13.279300,31.900400,2
26623.669900,26596.869100,26647.919900,26596.869100,-26.800800,51.050800,2
26647.019500,26640.060500,26674.769500,26635.910200,-6.959000,38.859300,1
26619.169900,26655.330100,26666.289100,26604.789100,36.160200,61.500000,1
26573.470700,26607.250000,26635.099600,26573.470700,33.779300,61.628900,2
26612.150400,26575.060500,26619.869100,26567.109400,-37.089900,52.759700,1
26576.199200,26612.599600,26612.599600,26576.199200,36.400400,36.400400,1
26524.830100,26572.720700,26572.720700,26521.359400,47.890600,51.361300,1
26506.699200,26529.060500,26529.060500,26486.900400,22.361300,42.160100,1
26462.369100,26508.289100,26508.289100,26462.369100,45.920000,45.920000,1
26428.050800,26460.890600,26475.679700,26419.599600,32.839800,56.080100,1
26361.179700,26423.509800,26423.509800,26358.140600,62.330100,65.369200,2
26375.970700,26354.269500,26408.730500,26354.269500,-21.701200,54.461000,2
26400.720700,26374.830100,26414.929700,26363.410200,-25.890600,51.519500,1
26355.970700,26398.259800,26398.259800,26339.800800,42.289100,58.459000,2
26358.500000,26354.429700,26384.660200,26351.250000,-4.070300,33.410200,1
26342.640600,26362.699200,26362.699200,26329.550800,20.058600,33.148400,1
26321.880900,26350.839800,26360.689500,26311.710900,28.958900,48.978600,2
26379.589800,26329.679700,26379.589800,26303.390600,-49.910100,76.199200,2
26388.939500,26379.970700,26405.240200,26366.419900,-8.968800,38.820300,1
26362.589800,26390.599600,26402.359400,26362.589800,28.009800,39.769600,2
26418.800800,26363.849600,26421.650400,26358.109400,-54.951200,63.541000,2
26434.699200,26421.669900,26448.150400,26409.500000,-13.029300,38.650400,2
26442.900400,26436.380900,26443.919900,26413.349600,-6.519500,30.570300,2
26462.080100,26442.429700,26474.539100,26428.400400,-19.650400,46.138700,1
26445.349600,26462.869100,26466.630900,26440.230500,17.519500,26.400400,2
26447.849600,26441.630900,26447.849600,26400.339800,-6.218700,47.509800,1
26441.599600,26460.029300,26487.900400,26431.460900,18.429700,56.439500,1
26381.019500,26363.300800,26386.439500,26319.830100,-17.718700,66.609400,2
26422.570300,26388.250000,26435.910200,26388.250000,-34.320300,47.660200,2
26453.929700,26433.410200,26462.480500,26424.009800,-20.519500,38.470700,2
26455.369100,26455.400400,26465.150400,26445.429700,0.031300,19.720700,1
26421.310500,26450.199200,26464.869100,26421.310500,28.888700,43.558600,1
26414.740200,26427.650400,26427.650400,26401.990200,12.910200,25.660200,1
26384.960900,26412.710900,26414.740200,26376.369100,27.750000,38.371100,1
26361.859400,26386.509800,26389.720700,26360.759800,24.650400,28.960900,1
26279.820300,26355.820300,26359.919900,26278.660200,76.000000,81.259700,2
26281.089800,26270.740200,26281.089800,26227.769500,-10.349600,53.320300,2
26290.320300,26271.160200,26291.910200,26257.609400,-19.160100,34.300800,2
26341.869100,26288.570300,26341.869100,26285.820300,-53.298800,56.048800,1
26325.500000,26341.410200,26341.410200,26312.279300,15.910200,29.130900,1
26278.500000,26326.490200,26334.689500,26278.500000,47.990200,56.189500,2
26338.650400,26276.939500,26353.740200,26275.240200,-61.710900,78.500000,1
26305.220700,26333.849600,26333.849600,26294.220700,28.628900,39.628900,2
26354.580100,26303.480500,26362.199200,26303.480500,-51.099600,58.718700,1
26350.369100,26354.960900,26371.080100,26348.060500,4.591800,23.019600,2
26436.099600,26349.609400,26468.419900,26347.349600,-86.490200,121.070300,1
26433.330100,26438.220700,26453.169900,26425.019500,4.890600,28.150400,2
26466.300800,26441.060500,26471.730500,26434.820300,-25.240300,36.910200,1
26454.410200,26468.890600,26481.519500,26449.800800,14.480400,31.718700,2
26491.060500,26448.699200,26498.259800,26448.699200,-42.361300,49.560600,1
26483.509800,26487.210900,26503.369100,26475.910200,3.701100,27.458900,2
26515.599600,26493.519500,26525.259800,26483.570300,-22.080100,41.689500,1
26494.519500,26517.970700,26528.789100,26494.439500,23.451200,34.349600,1
26374.089800,26449.310500,26463.529300,26373.529300,75.220700,90.000000,2
26439.240200,26370.390600,26439.240200,26326.919900,-68.849600,112.320300,1
26437.330100,26440.099600,26456.970700,26419.250000,2.769500,37.720700,2
26497.269500,26448.960900,26503.019500,26442.800800,-48.308600,60.218700,2
26521.339800,26499.160200,26524.470700,26497.230500,-22.179600,27.240200,1
26433.970700,26512.320300,26528.820300,26433.970700,78.349600,94.849600,1
26425.460900,26433.480500,26438.630900,26384.730500,8.019600,53.900400,2
26490.960900,26428.599600,26495.589800,26418.250000,-62.361300,77.339800,1
26480.980500,26495.710900,26495.710900,26463.369100,14.730400,32.341800,2
26514.140600,26478.820300,26521.310500,26466.009800,-35.320300,55.300700,1
26493.400400,26514.119100,26537.929700,26493.400400,20.718700,44.529300,1
26472.339800,26491.710900,26495.779300,26464.929700,19.371100,30.849600,1
26432.980500,26468.490200,26488.750000,26432.980500,35.509700,55.769500,1
26425.189500,26428.539100,26435.150400,26404.179700,3.349600,30.970700,2
26443.419900,26418.529300,26446.949200,26392.660200,-24.890600,54.289000,2
26469.660200,26443.160200,26480.720700,26440.859400,-26.500000,39.861300,1
26422.250000,26469.759800,26469.759800,26417.890600,47.509800,51.869200,2
26468.429700,26426.689500,26475.339800,26419.820300,-41.740200,55.519500,2
26471.769500,26466.439500,26475.460900,26441.970700,-5.330000,33.490200,2
26482.550800,26472.730500,26491.550800,26466.109400,-9.820300,25.441400,1
26480.349600,26486.490200,26490.339800,26459.349600,6.140600,30.990200,2
26497.720700,26479.500000,26501.869100,26449.759800,-18.220700,52.109300,1
26488.380900,26497.789100,26501.439500,26480.050800,9.408200,21.388700,1
26450.960900,26486.939500,26490.699200,26432.390600,35.978600,58.308600,1
26438.570300,26448.630900,26452.419900,26431.050800,10.060600,21.369100,1
26429.939500,26442.869100,26485.970700,26429.939500,12.929600,56.031200,1
26309.880900,26405.349600,26405.349600,26305.949200,95.468700,99.400400,1
26231.080100,26308.240200,26331.250000,26223.529300,77.160100,107.720700,1
26162.119100,26241.169900,26252.949200,26151.689500,79.050800,101.259700,2
26198.830100,26163.140600,26215.269500,26134.349600,-35.689500,80.919900,1
26143.410200,26196.980500,26205.910200,26143.410200,53.570300,62.500000,1
26123.490200,26122.039100,26123.490200,26122.039100,-1.451100,1.451100,1
26059.250000,26113.730500,26129.779300,26046.140600,54.480500,83.638700,2
26059.750000,26053.130900,26079.740200,26004.929700,-6.619100,74.810500,2
26068.830100,26065.570300,26069.710900,26008.880900,-3.259800,60.830000,1
26048.789100,26069.699200,26105.009800,26048.789100,20.910100,56.220700,2
26074.710900,26056.859400,26076.519500,26019.050800,-17.851500,57.468700,1
26063.589800,26077.769500,26120.419900,26063.589800,14.179700,56.830100,1
26041.939500,26062.810500,26073.609400,26027.320300,20.871000,46.289100,2
26047.349600,26038.070300,26100.589800,26038.070300,-9.279300,62.519500,1
26036.830100,26046.390600,26047.189500,25992.480500,9.560500,54.709000,2
26055.910200,26035.740200,26103.730500,26026.949200,-20.170000,76.781300,1
26017.369100,26053.699200,26064.490200,26007.269500,36.330100,57.220700,1
26016.380900,26021.710900,26065.980500,26003.269500,5.330000,62.711000,1
25924.679700,26020.109400,26022.980500,25912.560500,95.429700,110.420000,2
25944.000000,25922.970700,25981.060500,25913.480500,-21.029300,67.580000,1
25864.099600,25941.640600,25966.080100,25864.099600,77.541000,101.980500,2
25918.410200,25868.970700,25932.300800,25864.199200,-49.439500,68.101600,1
25807.189500,25909.070300,25909.070300,25788.640600,101.880800,120.429700,2
25875.269500,25809.800800,25875.269500,25796.839800,-65.468700,78.429700,1
25720.619100,25880.189500,25880.189500,25679.220700,159.570400,200.968800,1
25609.109400,25724.320300,25792.509800,25603.939500,115.210900,188.570300,1
25491.710900,25480.359400,25560.199200,25450.419900,-11.351500,109.779300,2
25681.650400,25487.599600,25681.650400,25487.599600,-194.050800,194.050800,1
25604.570300,25661.380900,25661.380900,25565.990200,56.810600,95.390700,1
25560.619100,25581.720700,25603.890600,25524.039100,21.101600,79.851500,1
25535.900400,25556.039100,25600.460900,25531.119100,20.138700,69.341800,1
25461.570300,25496.259800,25510.929700,25421.150400,34.689500,89.779300,1
25253.300800,25399.929700,25401.779300,25231.039100,146.628900,170.740200,2
25368.720700,25241.330100,25423.550800,25241.330100,-127.390600,182.220700,2
25380.480500,25347.000000,25403.619100,25310.089800,-33.480500,93.529300,2
25459.050800,25390.800800,25527.259800,25368.960900,-68.250000,158.298900,2
25497.240200,25446.070300,25497.240200,25432.529300,-51.169900,64.710900,2
25563.500000,25494.720700,25612.500000,25492.189500,-68.779300,120.310500,1
25509.279300,25555.199200,25562.050800,25482.490200,45.919900,79.560600,1
25472.000000,25509.070300,25509.929700,25446.699200,37.070300,63.230500,2
25474.880900,25464.640600,25474.880900,25387.320300,-10.240300,87.560600,1
25465.800800,25484.199200,25517.300800,25440.789100,18.398400,76.511700,1
25419.419900,25481.060500,25501.269500,25406.300800,61.640600,94.968700,2
25440.539100,25413.859400,25443.759800,25345.140600,-26.679700,98.619200,1
25335.580100,25432.570300,25453.640600,25320.599600,96.990200,133.041000,1
25325.509800,25337.320300,25383.580100,25302.849600,11.810500,80.730500,1
25028.779300,25309.029300,25309.029300,25028.779300,280.250000,280.250000,2
25118.470700,25003.080100,25154.480500,24940.839800,-115.390600,213.640700,2
25212.990200,25096.679700,25212.990200,25055.550800,-116.310500,157.439400,2
25297.150400,25200.869100,25363.259800,25195.240200,-96.281300,168.019600,1
25195.230500,25286.730500,25331.619100,25193.449200,91.500000,138.169900,1
25051.550800,25175.740200,25212.169900,25051.550800,124.189400,160.619100,2
25353.050800,25464.890600,25464.890600,25353.050800,111.839800,111.839800,2
25397.199200,25373.880900,25412.900400,25357.740200,-23.318300,55.160200,1
25336.220700,25407.789100,25407.789100,25336.220700,71.568400,71.568400,1
25257.660200,25332.490200,25332.490200,25254.839800,74.830000,77.650400,2
25330.279300,25235.839800,25356.699200,25235.839800,-94.439500,120.859400,2
25333.460900,25335.320300,25363.750000,25307.130900,1.859400,56.619100,2
25369.970700,25335.699200,25383.109400,25308.310500,-34.271500,74.798900,1
25286.029300,25365.330100,25374.050800,25272.009800,79.300800,102.041000,1
25220.900400,25271.949200,25289.660200,25212.560500,51.048800,77.099700,1
25219.210900,25211.539100,25251.160200,25159.640600,-7.671800,91.519600,1
25192.960900,25217.080100,25221.630900,25140.980500,24.119200,80.650400,1
25113.089800,25186.789100,25188.269500,25093.490200,73.699300,94.779300,1
25021.089800,25116.480500,25141.740200,25021.089800,95.390700,120.650400,2
25115.640600,25023.230500,25132.099600,25004.359400,-92.410100,127.740200,2
25192.560500,25116.949200,25229.039100,25082.800800,-75.611300,146.238300,1
25157.740200,25198.419900,25224.279300,25153.640600,40.679700,70.638700,1
25135.589800,25144.779300,25144.779300,25053.160200,9.189500,91.619100,2
25161.410200,25138.509800,25211.710900,25138.509800,-22.900400,73.201100,1
25037.880900,25160.160200,25167.480500,25037.880900,122.279300,129.599600,2
25159.640600,25039.240200,25159.640600,25039.240200,-120.400400,120.400400,1
25069.140600,25158.220700,25158.220700,25063.769500,89.080100,94.451200,2
25179.400400,25072.130900,25204.230500,25066.400400,-107.269500,137.830100,2
25241.470700,25187.869100,25266.160200,25135.500000,-53.601600,130.660200,2
25305.380900,25233.179700,25314.500000,25203.080100,-72.201200,111.419900,2
25338.460900,25304.150400,25338.460900,25260.419900,-34.310500,78.041000,1
25335.919900,25343.179700,25415.390600,25314.220700,7.259800,101.169900,1
25331.750000,25317.679700,25356.919900,25269.410200,-14.070300,87.509700,1
25326.269500,25353.339800,25379.060500,25315.640600,27.070300,63.419900,1
25266.259800,25327.070300,25327.070300,25266.259800,60.810500,60.810500,2
25336.419900,25276.660200,25338.490200,25258.660200,-59.759700,79.830000,1
25322.599600,25320.439500,25374.109400,25316.000000,-2.160100,58.109400,2
25354.019500,25324.839800,25363.320300,25308.929700,-29.179700,54.390600,1
25346.460900,25361.689500,25387.119100,25346.460900,15.228600,40.658200,2
25429.519500,25348.900400,25434.400400,25348.900400,-80.619100,85.500000,1
25422.169900,25438.099600,25438.099600,25405.939500,15.929700,32.160100,1
25318.240200,25427.029300,25429.970700,25313.230500,108.789100,116.740200,1
25261.529300,25306.779300,25306.779300,25258.419900,45.250000,48.359400,2
25312.210900,25259.580100,25317.390600,25254.050800,-52.630800,63.339800,2
25347.740200,25314.589800,25361.509800,25300.640600,-33.150400,60.869200,1
25347.679700,25353.599600,25376.630900,25335.480500,5.919900,41.150400,2
25390.529300,25349.869100,25403.699200,25349.869100,-40.660200,53.830100,1
25362.230500,25385.169900,25399.080100,25352.669900,22.939400,46.410200,2
25424.630900,25363.830100,25446.410200,25354.800800,-60.800800,91.609400,1
25423.050800,25431.310500,25442.529300,25410.550800,8.259700,31.978500,1
25327.859400,25428.429700,25428.429700,25327.859400,100.570300,100.570300,1
25314.320300,25325.970700,25353.240200,25313.519500,11.650400,39.720700,2
25405.269500,25315.089800,25405.269500,25303.160200,-90.179700,102.109300,2
25453.089800,25409.890600,25481.220700,25398.519500,-43.199200,82.701200,1
25383.880900,25455.970700,25473.460900,25378.679700,72.089800,94.781200,1
25363.859400,25377.109400,25394.820300,25345.539100,13.250000,49.281200,1
25345.890600,25353.080100,25369.150400,25320.490200,7.189500,48.660200,1
25262.769500,25321.480500,25355.300800,25262.769500,58.711000,92.531300,2
25466.919900,25462.429700,25480.369100,25435.759800,-4.490200,44.609300,2
25477.900400,25467.619100,25481.320300,25411.310500,-10.281300,70.009800,2
25508.970700,25476.550800,25539.039100,25476.550800,-32.419900,62.488300,1
25480.199200,25500.240200,25541.800800,25480.199200,20.041000,61.601600,2
25534.089800,25477.039100,25534.089800,25459.689500,-57.050700,74.400300,2
25582.439500,25550.619100,25583.390600,25535.169900,-31.820400,48.220700,2
25603.880900,25579.449200,25603.880900,25566.150400,-24.431700,37.730500,2
25612.710900,25604.990200,25626.300800,25595.529300,-7.720700,30.771500,1
25594.179700,25616.490200,25630.589800,25589.640600,22.310500,40.949200,2
25617.810500,25593.339800,25617.810500,25585.660200,-24.470700,32.150300,1
25610.740200,25621.669900,25629.220700,25609.039100,10.929700,20.181600,1
25609.769500,25616.080100,25625.859400,25584.710900,6.310600,41.148500,2
25653.900400,25606.849600,25656.970700,25598.259800,-47.050800,58.710900,2
25661.710900,25655.570300,25668.939500,25647.929700,-6.140600,21.009800,1
25655.039100,25660.150400,25666.210900,25640.380900,5.111300,25.830000,2
25665.509800,25654.060500,25665.509800,25648.359400,-11.449300,17.150400,2
25701.550800,25666.750000,25706.769500,25663.640600,-34.800800,43.128900,1
25689.240200,25700.330100,25733.650400,25678.269500,11.089900,55.380900,2
25727.750000,25693.960900,25735.949200,25692.750000,-33.789100,43.199200,2
25732.480500,25728.419900,25733.390600,25704.699200,-4.060600,28.691400,2
25741.759800,25737.720700,25751.400400,25732.039100,-4.039100,19.361300,1
25696.699200,25740.060500,25742.050800,25696.699200,43.361300,45.351600,2
25735.750000,25701.160200,25735.750000,25681.160200,-34.589800,54.589800,1
25707.609400,25735.630900,25741.839800,25699.689500,28.021500,42.150300,2
25788.880900,25702.460900,25788.880900,25691.429700,-86.420000,97.451200,2
25810.580100,25797.519500,25811.820300,25780.509800,-13.060600,31.310500,1
25657.970700,25663.839800,25671.390600,25627.060500,5.869100,44.330100,1
25594.609400,25664.730500,25669.560500,25594.609400,70.121100,74.951100,1
25570.310500,25583.900400,25633.640600,25570.130900,13.589900,63.509700,2
25587.240200,25575.640600,25595.019500,25558.609400,-11.599600,36.410100,1
25520.050800,25584.210900,25599.750000,25507.730500,64.160100,92.019500,2
25544.830100,25509.119100,25556.710900,25487.369100,-35.711000,69.341800,2
25574.880900,25536.810500,25594.609400,25501.900400,-38.070400,92.709000,2
25631.240200,25581.380900,25633.919900,25567.759800,-49.859300,66.160100,2
25707.119100,25650.679700,25707.119100,25613.990200,-56.439400,93.128900,2
25744.169900,25715.619100,25744.169900,25684.500000,-28.550800,59.669900,2
25775.029300,25736.849600,25775.029300,25726.480500,-38.179700,48.548800,1
25772.099600,25778.500000,25810.000000,25771.869100,6.400400,38.130900,2
25786.369100,25772.929700,25807.210900,25750.820300,-13.439400,56.390600,1
25765.310500,25784.810500,25785.570300,25730.070300,19.500000,55.500000,2
25774.710900,25770.560500,25801.669900,25758.179700,-4.150400,43.490200,1
25760.990200,25774.849600,25782.630900,25750.490200,13.859400,32.140700,2
25781.820300,25764.199200,25792.990200,25747.289100,-17.621100,45.701100,1
25780.359400,25777.849600,25785.580100,25759.400400,-2.509800,26.179700,1
25740.470700,25754.929700,25790.490200,25713.830100,14.459000,76.660100,1
25659.220700,25728.359400,25728.359400,25630.980500,69.138700,97.378900,2
25714.630900,25664.289100,25722.880900,25649.099600,-50.341800,73.781300,2
25755.539100,25711.689500,25780.240200,25703.699200,-43.849600,76.541000,1
25744.789100,25749.599600,25763.419900,25723.419900,4.810500,40.000000,1
25733.289100,25738.550800,25743.320300,25699.849600,5.261700,43.470700,1
25652.009800,25733.980500,25733.980500,25629.449200,81.970700,104.531300,2
25704.550800,25630.470700,25715.490200,25630.470700,-74.080100,85.019500,1
25593.630900,25628.890600,25628.890600,25539.080100,35.259700,89.810500,1
25554.859400,25589.330100,25619.000000,25539.210900,34.470700,79.789100,1
25523.740200,25527.490200,25581.839800,25513.589800,3.750000,68.250000,2
25591.769500,25531.169900,25594.599600,25522.449200,-60.599600,72.150400,2
25654.929700,25597.929700,25663.150400,25589.660200,-57.000000,73.490200,2
25678.310500,25655.320300,25691.460900,25644.460900,-22.990200,47.000000,1
25561.099600,25675.369100,25675.369100,25558.189500,114.269500,117.179600,1
25507.490200,25563.050800,25575.980500,25506.179700,55.560600,69.800800,1
25428.970700,25500.130900,25510.830100,25426.240200,71.160200,84.589900,1
25370.990200,25411.789100,25411.789100,25326.859400,40.798900,84.929700,1
25358.160200,25358.369100,25400.439500,25347.509800,0.208900,52.929700,2
25426.509800,25364.390600,25449.679700,25332.310500,-62.119200,117.369200,2
25467.199200,25422.640600,25481.619100,25390.390600,-44.558600,91.228500,1
25416.359400,25469.419900,25469.500000,25411.080100,53.060500,58.419900,1
25360.880900,25412.550800,25437.019500,25352.539100,51.669900,84.480400,1
25310.910200,25354.550800,25378.099600,25289.240200,43.640600,88.859400,1
25250.390600,25310.839800,25332.039100,25236.939500,60.449200,95.099600,2
25275.380900,25266.060500,25291.300800,25242.509800,-9.320400,48.791000,2
25339.210900,25267.820300,25379.330100,25267.820300,-71.390600,111.509800,2
25359.349600,25336.160200,25398.330100,25291.369100,-23.189400,106.961000,2
25394.050800,25354.080100,25395.220700,25320.560500,-39.970700,74.660200,1
25368.919900,25398.980500,25430.119100,25367.710900,30.060600,62.408200,1
25286.210900,25368.419900,25384.619100,25286.210900,82.209000,98.408200,2
25379.240200,25286.939500,25390.140600,25286.939500,-92.300700,103.201100,1
25362.439500,25363.970700,25408.539100,25321.250000,1.531200,87.289100,2
25369.380900,25353.830100,25392.960900,25339.830100,-15.550800,53.130800,2
25531.330100,25433.800800,25540.080100,25433.800800,-97.529300,106.279300,2
25550.220700,25539.880900,25582.230500,25539.880900,-10.339800,42.349600,2
25562.269500,25558.910200,25607.650400,25544.070300,-3.359300,63.580100,1
25545.449200,25564.900400,25585.269500,25538.289100,19.451200,46.980400,2
25548.519500,25546.560500,25577.240200,25526.970700,-1.959000,50.269500,2
25556.349600,25557.679700,25566.390600,25530.980500,1.330100,35.410100,2
25559.810500,25571.750000,25585.330100,25535.900400,11.939500,49.429700,1
25511.689500,25571.279300,25571.279300,25500.980500,59.589800,70.298800,1
25451.589800,25499.710900,25504.689500,25438.169900,48.121100,66.519600,2
25531.599600,25451.580100,25539.039100,25451.580100,-80.019500,87.459000,1
25498.759800,25545.470700,25547.980500,25482.980500,46.710900,65.000000,1
25436.339800,25490.089800,25502.960900,25419.250000,53.750000,83.710900,1
25416.339800,25433.839800,25443.740200,25379.439500,17.500000,64.300700,2
25463.800800,25422.810500,25472.759800,25408.789100,-40.990300,63.970700,2
25496.449200,25459.609400,25500.019500,25413.980500,-36.839800,86.039000,2
25510.210900,25495.419900,25524.660200,25484.660200,-14.791000,40.000000,1
25481.939500,25509.910200,25513.339800,25477.160200,27.970700,36.179600,1
25476.439500,25477.550800,25505.250000,25471.960900,1.111300,33.289100,1
25393.500000,25469.859400,25470.869100,25354.800800,76.359400,116.068300,2
25444.400400,25392.669900,25468.500000,25381.339800,-51.730500,87.160200,1
25437.339800,25447.429700,25483.160200,25430.509800,10.089900,52.650400,2
25447.710900,25448.910200,25489.230500,25445.140600,1.199300,44.089900,1
25423.070300,25455.619100,25465.169900,25407.759800,32.548800,57.410100,2
25497.720700,25422.599600,25497.720700,25402.939500,-75.121100,94.781200,2
25499.050800,25492.699200,25505.619100,25468.519500,-6.351600,37.099600,1
25452.890600,25504.480500,25514.220700,25445.599600,51.589900,68.621100,1
25429.990200,25512.169900,25558.939500,25429.990200,82.179700,128.949300,1
25378.460900,25428.619100,25476.240200,25350.330100,50.158200,125.910100,1
25364.839800,25357.890600,25392.669900,25323.279300,-6.949200,69.390600,1
25306.359400,25356.140600,25356.529300,25285.089800,49.781200,71.439500,2
25394.349600,25300.269500,25397.689500,25293.179700,-94.080100,104.509800,2
25433.699200,25385.720700,25471.460900,25370.960900,-47.978500,100.500000,1
25346.800800,25421.949200,25425.320300,25343.869100,75.148400,81.451200,2
25372.589800,25357.859400,25426.859400,25357.779300,-14.730400,69.080100,1
25304.130900,25367.589800,25380.839800,25296.330100,63.458900,84.509700,1
25278.810500,25307.119100,25337.759800,25257.519500,28.308600,80.240300,1
25251.650400,25286.449200,25338.230500,25249.490200,34.798800,88.740300,2
25266.029300,25250.150400,25276.730500,25236.560500,-15.878900,40.170000,2
25290.580100,25265.560500,25302.240200,25246.890600,-25.019600,55.349600,2
25305.429700,25290.560500,25317.140600,25272.929700,-14.869200,44.210900,2
25344.089800,25304.710900,25349.740200,25285.029300,-39.378900,64.710900,1
25316.080100,25344.109400,25347.660200,25299.660200,28.029300,48.000000,2
25356.109400,25314.779300,25356.109400,25312.400400,-41.330100,43.709000,1
25310.730500,25354.939500,25368.449200,25309.789100,44.209000,58.660100,2
25328.599600,25312.169900,25345.890600,25309.910200,-16.429700,35.980400,1
25327.580100,25322.869100,25340.320300,25317.699200,-4.711000,22.621100,2
25349.970700,25323.650400,25366.199200,25316.949200,-26.320300,49.250000,2
25379.839800,25355.560500,25413.019500,25353.960900,-24.279300,59.058600,2
25404.669900,25371.119100,25420.240200,25367.949200,-33.550800,52.291000,1
25382.580100,25408.210900,25410.589800,25369.279300,25.630800,41.310500,1
25366.619100,25376.560500,25421.250000,25354.380900,9.941400,66.869100,1
25321.960900,25361.919900,25377.800800,25321.960900,39.959000,55.839900,1
24984.099600,24885.230500,25011.580100,24877.560500,-98.869100,134.019600,1
24951.070300,24963.359400,25030.830100,24948.919900,12.289100,81.910200,1
24855.019500,24939.789100,24954.880900,24851.789100,84.769600,103.091800,1
24842.300800,24818.750000,24859.160200,24773.160200,-23.550800,86.000000,2
24870.849600,24842.259800,24879.060500,24777.289100,-28.589800,101.771400,2
24892.109400,24869.039100,24942.240200,24853.429700,-23.070300,88.810500,2
24950.349600,24894.460900,24956.220700,24864.859400,-55.888700,91.361300,1
24940.550800,24948.769500,24976.630900,24934.140600,8.218700,42.490300,1
24869.939500,24948.750000,24961.070300,24869.939500,78.810500,91.130800,1
24823.029300,24860.900400,24899.570300,24820.580100,37.871100,78.990200,2
24951.570300,24817.669900,24955.199200,24817.669900,-133.900400,137.529300,2
24981.560500,24948.519500,24993.320300,24918.599600,-33.041000,74.720700,2
25009.910200,24984.169900,25021.509800,24980.880900,-25.740300,40.628900,1
24982.000000,25015.619100,25017.599600,24963.890600,33.619100,53.709000,2
25094.039100,24978.330100,25132.119100,24972.900400,-115.709000,159.218700,1
25093.859400,25102.650400,25139.400400,25066.439500,8.791000,72.960900,1
25044.460900,25110.230500,25125.119100,25038.769500,65.769600,86.349600,1
25033.460900,25044.429700,25083.070300,25017.900400,10.968800,65.169900,2
25130.310500,25042.509800,25141.640600,25034.970700,-87.800700,106.669900,2
25180.890600,25135.710900,25206.990200,25135.710900,-45.179700,71.279300,2
25236.779300,25181.330100,25241.220700,25181.330100,-55.449200,59.890600,2
25257.669900,25237.669900,25275.900400,25209.830100,-20.000000,66.070300,2
25264.480500,25252.720700,25294.609400,25245.310500,-11.759800,49.298900,1
25254.039100,25267.419900,25305.710900,25249.949200,13.380800,55.761700,1
25223.679700,25256.589800,25280.250000,25209.990200,32.910100,70.259800,1
25193.240200,25206.500000,25236.900400,25170.550800,13.259800,66.349600,2
25283.289100,25250.390600,25304.550800,25198.660200,-32.898500,105.890600,1
25193.859400,25274.109400,25282.380900,25185.789100,80.250000,96.591800,1
25168.339800,25175.859400,25214.500000,25158.580100,7.519600,55.919900,1
25132.179700,25171.220700,25171.220700,25117.960900,39.041000,53.259800,1
25103.679700,25131.970700,25169.390600,25103.189500,28.291000,66.201100,1
25046.000000,25092.529300,25092.529300,25046.000000,46.529300,46.529300,1
24959.089800,25045.429700,25065.320300,24908.000000,86.339900,157.320300,1
24926.119100,24957.990200,24977.769500,24926.119100,31.871100,51.650400,2
24971.210900,24927.080100,24995.589800,24909.669900,-44.130800,85.919900,2
25135.070300,24979.089800,25152.740200,24979.089800,-155.980500,173.650400,2
25137.410200,25127.099600,25147.490200,25110.429700,-10.310600,37.060500,1
25105.660200,25132.740200,25169.919900,25073.970700,27.080000,95.949200,1
25036.960900,25102.359400,25110.509800,25009.710900,65.398500,100.798900,2
25088.330100,25033.339800,25098.970700,25008.480500,-54.990300,90.490200,1
24975.130900,25070.199200,25071.400400,24956.580100,95.068300,114.820300,1
24974.500000,24965.150400,25034.289100,24940.330100,-9.349600,93.959000,2
25008.429700,24972.929700,25008.429700,24922.880900,-35.500000,85.548800,1
24970.980500,25019.449200,25035.750000,24955.269500,48.468700,80.480500,1
24908.240200,24966.490200,24976.449200,24898.750000,58.250000,77.699200,2
25014.310500,24917.750000,25031.429700,24884.980500,-96.560500,146.449200,1
24986.660200,25027.710900,25067.910200,24986.660200,41.050700,81.250000,1
24963.199200,24981.460900,24987.150400,24931.210900,18.261700,55.939500,1
24881.960900,24953.529300,24953.529300,24846.189500,71.568400,107.339800,1
24746.939500,24860.320300,24904.289100,24746.939500,113.380800,157.349600,2
24766.990200,24752.289100,24814.289100,24715.230500,-14.701100,99.058600,1
24575.949200,24746.890600,24746.890600,24546.730500,170.941400,200.160100,2
24752.589800,24734.929700,24781.720700,24656.490200,-17.660100,125.230500,2
24800.660200,24749.679700,24815.189500,24712.449200,-50.980500,102.740300,2
24827.490200,24790.109400,24868.080100,24790.109400,-37.380800,77.970700,2
24850.449200,24840.630900,24850.449200,24752.810500,-9.818300,97.638700,2
24891.650400,24864.109400,24911.189500,24837.339800,-27.541000,73.849700,1
24866.449200,24892.570300,24899.320300,24852.880900,26.121100,46.439400,1
24815.730500,24853.589800,24878.580100,24802.789100,37.859300,75.791000,2
24973.619100,24820.609400,24980.490200,24817.410200,-153.009700,163.080000,1
24937.490200,24978.730500,24992.279300,24926.740200,41.240300,65.539100,1
24929.679700,24943.810500,24968.050800,24923.560500,14.130800,44.490300,1
24897.619100,24927.779300,24929.669900,24875.580100,30.160200,54.089800,1
24866.560500,24886.490200,24886.490200,24845.880900,19.929700,40.609300,2
24906.169900,24857.150400,24910.439500,24857.150400,-49.019500,53.289100,2
24937.070300,24904.759800,24954.380900,24897.720700,-32.310500,56.660200,1
24869.390600,24942.630900,24954.570300,24862.369100,73.240300,92.201200,2
24917.390600,24872.779300,24919.650400,24854.660200,-44.611300,64.990200,2
24978.140600,24917.080100,24995.400400,24917.080100,-61.060500,78.320300,1
24955.800800,24978.070300,24993.169900,24953.330100,22.269500,39.839800,2
25002.900400,24957.320300,25002.900400,24937.060500,-45.580100,65.839900,2
25019.660200,25009.980500,25028.830100,24955.039100,-9.679700,73.791000,2
25060.269500,25015.449200,25076.369100,25011.330100,-44.820300,65.039000,1
25048.220700,25065.320300,25092.050800,25042.289100,17.099600,49.761700,2
25073.519500,25055.689500,25073.519500,25036.900400,-17.830000,36.619100,2
25074.019500,25075.720700,25100.449200,25058.710900,1.701200,41.738300,1
24987.380900,25078.929700,25094.800800,24972.640600,91.548800,122.160200,2
24994.779300,24996.589800,25008.800800,24920.939500,1.810500,87.861300,1
24725.009800,24744.279300,24773.160200,24673.869100,19.269500,99.291100,1
24705.980500,24770.730500,24789.179700,24705.980500,64.750000,83.199200,1
24609.029300,24707.109400,24707.109400,24545.529300,98.080100,161.580100,2
24626.689500,24600.460900,24703.429700,24592.230500,-26.228600,111.199200,1
24550.269500,24614.410200,24619.220700,24538.349600,64.140700,80.871100,1
24460.710900,24526.320300,24546.630900,24460.710900,65.609400,85.920000,2
24551.080100,24445.640600,24552.019500,24445.640600,-105.439500,106.378900,2
24619.550800,24667.740200,24711.570300,24619.550800,48.189400,92.019500,2
24650.000000,24608.369100,24697.490200,24607.419900,-41.630900,90.070300,2
24694.619100,24648.539100,24719.910200,24637.250000,-46.080000,82.660200,2
24762.730500,24695.980500,24765.330100,24673.849600,-66.750000,91.480500,2
24837.339800,24759.980500,24838.880900,24744.730500,-77.359300,94.150400,1
24811.599600,24839.630900,24876.259800,24808.609400,28.031300,67.650400,2
24863.960900,24819.859400,24915.810500,24819.859400,-44.101500,95.951100,1
24807.349600,24866.289100,24880.949200,24807.349600,58.939500,73.599600,2
24811.470700,24802.390600,24815.099600,24713.339800,-9.080100,101.759800,2
24855.619100,24811.449200,24869.000000,24777.029300,-44.169900,91.970700,1
24749.539100,24850.500000,24871.109400,24731.839800,100.960900,139.269600,2
24775.390600,24752.550800,24805.199200,24708.689500,-22.839800,96.509700,1
24770.310500,24770.480500,24837.080100,24763.240200,0.170000,73.839900,1
24620.130900,24773.929700,24783.699200,24602.859400,153.798800,180.839800,1
24579.480500,24597.550800,24634.750000,24550.839800,18.070300,83.910200,2
24692.820300,24579.699200,24733.880900,24579.699200,-113.121100,154.181700,1
24605.470700,24673.160200,24736.619100,24605.150400,67.689500,131.468700,2
24681.800800,24629.490200,24808.279300,24620.910200,-52.310600,187.369100,2
24879.550800,24866.589800,24939.410200,24866.589800,-12.961000,72.820400,2
24931.330100,24865.230500,24933.320300,24853.119100,-66.099600,80.201200,2
25000.539100,24952.589800,25039.580100,24952.589800,-47.949300,86.990300,2
25009.039100,25006.500000,25021.369100,24992.599600,-2.539100,28.769500,1
24933.619100,25011.359400,25014.220700,24921.080100,77.740300,93.140600,2
24968.730500,24933.000000,24985.070300,24887.779300,-35.730500,97.291000,1
24876.929700,24986.740200,24989.960900,24876.929700,109.810500,113.031200,2
24909.769500,24877.509800,24910.039100,24854.050800,-32.259700,55.988300,2
24943.800800,24899.769500,24948.000000,24871.029300,-44.031300,76.970700,1
24805.039100,24942.210900,24947.269500,24805.039100,137.171800,142.230400,1
24774.529300,24796.279300,24809.730500,24753.070300,21.750000,56.660200,1
24773.019500,24770.070300,24814.839800,24722.589800,-2.949200,92.250000,2
24815.039100,24763.519500,24840.369100,24742.820300,-51.519600,97.548800,1
24733.609400,24812.679700,24828.300800,24711.380900,79.070300,116.919900,2
24824.919900,24733.910200,24854.330100,24733.910200,-91.009700,120.419900,1
24747.460900,24822.669900,24823.039100,24745.869100,75.209000,77.170000,2
24806.779300,24749.300800,24823.179700,24744.589800,-57.478500,78.589900,1
24779.679700,24810.730500,24843.230500,24774.150400,31.050800,69.080100,1
24650.640600,24769.070300,24772.369100,24630.000000,118.429700,142.369100,1
24609.009800,24637.429700,24645.730500,24600.289100,28.419900,45.441400,2
24628.000000,24587.109400,24650.330100,24567.179700,-40.890600,83.150400,1
24535.740200,24623.429700,24638.750000,24512.150400,87.689500,126.599600,1
24362.400400,24519.980500,24519.980500,24354.449200,157.580100,165.531300,1
24340.890600,24358.599600,24400.279300,24300.630900,17.709000,99.648400,1
24160.230500,24354.949200,24354.949200,24124.960900,194.718700,229.988300,2
24441.400400,24173.769500,24447.330100,24173.769500,-267.630900,273.560600,2
24556.650400,24425.689500,24559.669900,24415.689500,-130.960900,143.980400,2
24669.890600,24510.220700,24690.250000,24503.640600,-159.669900,186.609400,1
24658.970700,24678.650400,24681.779300,24618.939500,19.679700,62.839800,2
24664.359400,24687.460900,24729.470700,24660.039100,23.101500,69.431600,1
24547.689500,24674.449200,24687.529300,24547.689500,126.759700,139.839800,2
24603.039100,24539.039100,24624.099600,24539.039100,-64.000000,85.060500,1
24571.910200,24576.839800,24576.839800,24571.910200,4.929600,4.929600,2
24702.039100,24630.949200,24702.490200,24596.199200,-71.089900,106.291000,2
24704.349600,24700.509800,24730.490200,24677.849600,-3.839800,52.640600,1
24621.130900,24709.529300,24748.890600,24618.070300,88.398400,130.820300,2
24630.820300,24636.199200,24695.009800,24628.109400,5.378900,66.900400,2
24659.220700,24638.310500,24666.919900,24614.820300,-20.910200,52.099600,1
24630.150400,24646.150400,24656.019500,24601.019500,16.000000,55.000000,1
24555.050800,24622.480500,24664.810500,24550.320300,67.429700,114.490200,1
24500.730500,24549.779300,24576.199200,24500.730500,49.048800,75.468700,2
24515.089800,24503.279300,24596.470700,24503.279300,-11.810500,93.191400,2
24600.949200,24517.160200,24600.949200,24482.589800,-83.789000,118.359400,2
24658.720700,24600.490200,24665.210900,24592.519500,-58.230500,72.691400,1
24586.339800,24667.470700,24669.759800,24544.490200,81.130900,125.269600,1
24575.150400,24584.679700,24634.810500,24558.470700,9.529300,76.339800,2
24638.400400,24592.269500,24641.099600,24561.810500,-46.130900,79.289100,2
24735.669900,24631.830100,24756.150400,24615.580100,-103.839800,140.570300,2
24753.039100,24736.109400,24792.640600,24665.699200,-16.929700,126.941400,2
24801.539100,24772.490200,24827.980500,24725.009800,-29.048900,102.970700,2
24820.699200,24810.529300,24830.279300,24777.960900,-10.169900,52.318400,2
24885.320300,24806.480500,24905.990200,24806.480500,-78.839800,99.509700,2
25139.009800,25087.130900,25154.640600,25064.789100,-51.878900,89.851500,2
25172.880900,25140.160200,25177.089800,25122.179700,-32.720700,54.910100,1
25143.539100,25173.599600,25182.199200,25142.140600,30.060500,40.058600,2
25224.640600,25145.050800,25236.429700,25145.050800,-79.589800,91.378900,2
25255.380900,25228.349600,25261.640600,25228.349600,-27.031300,33.291000,1
25176.300800,25263.060500,25263.060500,25172.250000,86.759700,90.810500,1
25159.970700,25175.009800,25188.339800,25136.089800,15.039100,52.250000,2
25226.800800,25158.669900,25234.080100,25155.160200,-68.130900,78.919900,1
25150.439500,25227.919900,25227.919900,25150.439500,77.480400,77.480400,2
25174.890600,25142.400400,25190.339800,25142.400400,-32.490200,47.939400,1
25150.339800,25177.230500,25178.240200,25102.859400,26.890700,75.380800,2
25160.900400,25148.560500,25175.560500,25117.230500,-12.339900,58.330000,2
25195.179700,25161.400400,25201.109400,25141.160200,-33.779300,59.949200,2
25201.880900,25194.189500,25216.740200,25174.650400,-7.691400,42.089800,2
25243.970700,25203.140600,25257.179700,25195.410200,-40.830100,61.769500,1
25208.949200,25245.779300,25254.029300,25207.490200,36.830100,46.539100,2
25250.609400,25208.300800,25250.609400,25191.250000,-42.308600,59.359400,2
25252.669900,25256.000000,25272.060500,25242.720700,3.330100,29.339800,2
25296.460900,25254.710900,25296.460900,25222.660200,-41.750000,73.800700,2
25296.599600,25294.130900,25318.470700,25273.480500,-2.468700,44.990200,1
25287.279300,25293.609400,25312.640600,25270.919900,6.330100,41.720700,2
25296.660200,25289.900400,25303.439500,25263.439500,-6.759800,40.000000,2
25326.410200,25300.769500,25334.269500,25292.419900,-25.640700,41.849600,1
25260.679700,25325.990200,25334.939500,25229.429700,65.310500,105.509800,1
25177.289100,25259.779300,25266.560500,25173.009800,82.490200,93.550700,1
25108.769500,25168.109400,25189.730500,25108.769500,59.339900,80.961000,2
25246.810500,25233.509800,25282.130900,25217.599600,-13.300700,64.531300,1
25176.109400,25235.050800,25241.599600,25162.910200,58.941400,78.689400,2
25243.380900,25143.339800,25274.019500,25108.419900,-100.041100,165.599600,2
25249.589800,25261.769500,25271.910200,25196.910200,12.179700,75.000000,2
25287.740200,25256.449200,25321.140600,25249.109400,-31.291000,72.031200,2
25298.060500,25299.759800,25320.039100,25265.710900,1.699300,54.328200,2
25298.320300,25318.740200,25318.740200,25257.390600,20.419900,61.349600,2
25341.720700,25302.839800,25345.720700,25291.550800,-38.880900,54.169900,1
25334.890600,25351.769500,25351.769500,25310.910200,16.878900,40.859300,1
25324.919900,25341.080100,25362.789100,25311.609400,16.160200,51.179700,2
25333.099600,25324.580100,25340.890600,25302.250000,-8.519500,38.640600,1
25301.140600,25338.289100,25338.289100,25288.150400,37.148500,50.138700,2
25322.519500,25303.810500,25326.449200,25303.810500,-18.709000,22.638700,2
25345.460900,25321.769500,25345.460900,25295.720700,-23.691400,49.740200,1
25316.669900,25344.349600,25353.630900,25297.189500,27.679700,56.441400,2
25338.939500,25311.910200,25340.240200,25305.220700,-27.029300,35.019500,1
25337.230500,25346.339800,25346.339800,25315.019500,9.109300,31.320300,1
25315.869100,25338.830100,25344.810500,25298.259800,22.961000,46.550700,1
25283.259800,25315.910200,25318.890600,25280.849600,32.650400,38.041000,2
25319.250000,25284.279300,25332.759800,25284.279300,-34.970700,48.480500,1
25300.089800,25318.740200,25327.099600,25283.769500,18.650400,43.330100,2
25329.169900,25310.990200,25339.330100,25310.289100,-18.179700,29.041000,2
25331.669900,25327.390600,25341.390600,25304.699200,-4.279300,36.691400,2
25346.439500,25332.810500,25350.529300,25315.580100,-13.629000,34.949200,2
25391.150400,25342.589800,25391.150400,25325.320300,-48.560600,65.830100,1
25385.759800,25390.400400,25396.439500,25360.810500,4.640600,35.629000,2
25573.839800,25505.859400,25577.220700,25504.080100,-67.980400,73.140600,1
25514.779300,25568.060500,25568.060500,25470.730500,53.281200,97.330000,1
25479.419900,25506.949200,25511.150400,25458.810500,27.529300,52.339900,1
25380.250000,25467.539100,25511.810500,25380.250000,87.289100,131.560500,1
25315.740200,25373.830100,25389.550800,25267.789100,58.089900,121.761700,2
25342.560500,25318.820300,25365.099600,25306.119100,-23.740200,58.980500,1
25303.609400,25344.500000,25352.250000,25273.779300,40.890600,78.470700,1
25278.570300,25293.619100,25313.669900,25229.740200,15.048800,83.929700,1
25258.380900,25265.550800,25306.220700,25249.019500,7.169900,57.201200,2
25279.050800,25256.390600,25279.050800,25213.960900,-22.660200,65.089900,1
25256.220700,25288.300800,25298.250000,25228.019500,32.080100,70.230500,2
25267.160200,25252.179700,25273.750000,25236.470700,-14.980500,37.279300,1
25182.640600,25264.160200,25270.400400,25164.679700,81.519600,105.720700,1
25132.150400,25178.990200,25185.289100,25105.529300,46.839800,79.759800,2
25184.859400,25125.269500,25185.919900,25085.060500,-59.589900,100.859400,1
25179.960900,25191.000000,25199.650400,25158.029300,11.039100,41.621100,2
25199.550800,25175.390600,25206.160200,25141.310500,-24.160200,64.849700,1
25163.490200,25194.980500,25215.599600,25160.109400,31.490300,55.490200,1
25086.849600,25164.390600,25164.390600,25079.240200,77.541000,85.150400,2
25286.140600,25087.539100,25286.140600,25082.259800,-198.601500,203.880800,1
25233.150400,25281.240200,25281.240200,25203.220700,48.089800,78.019500,1
25230.619100,25228.109400,25243.269500,25216.580100,-2.509700,26.689400,2
25264.259800,25233.910200,25281.060500,25168.419900,-30.349600,112.640600,1
25249.390600,25259.470700,25278.390600,25230.519500,10.080100,47.871100,2
25268.990200,25227.640600,25283.730500,25209.500000,-41.349600,74.230500,1
25240.449200,25268.250000,25280.080100,25217.800800,27.800800,62.279300,2
25343.720700,25306.269500,25382.259800,25306.269500,-37.451200,75.990300,2
25350.300800,25353.009800,25374.550800,25341.580100,2.709000,32.970700,1
25297.849600,25356.669900,25358.279300,25283.429700,58.820300,74.849600,2
25317.160200,25297.060500,25321.119100,25264.980500,-20.099700,56.138600,2
25394.820300,25319.849600,25396.599600,25319.849600,-74.970700,76.750000,2
25430.210900,25387.880900,25432.210900,25363.980500,-42.330000,68.230400,1
25401.070300,25429.220700,25430.449200,25397.789100,28.150400,32.660100,1
25380.880900,25399.939500,25411.410200,25377.289100,19.058600,34.121100,1
25374.029300,25380.089800,25401.990200,25366.820300,6.060500,35.169900,2
25433.849600,25372.890600,25435.980500,25367.669900,-60.959000,68.310600,1
25414.990200,25437.009800,25438.660200,25393.259800,22.019600,45.400400,1
25393.210900,25406.660200,25410.580100,25382.089800,13.449300,28.490300,1
25366.710900,25392.089800,25400.269500,25359.839800,25.378900,40.429700,1
25360.019500,25366.570300,25371.880900,25347.380900,6.550800,24.500000,2
25375.570300,25360.710900,25379.310500,25357.289100,-14.859400,22.021400,2
25392.089800,25377.279300,25393.910200,25364.070300,-14.810500,29.839900,2
25411.300800,25392.929700,25423.890600,25390.939500,-18.371100,32.951100,2
25427.550800,25411.220700,25435.980500,25407.810500,-16.330100,28.170000,2
25427.990200,25429.769500,25432.810500,25408.039100,1.779300,24.771400,2
25486.980500,25424.509800,25490.330100,25418.199200,-62.470700,72.130900,1
25485.289100,25482.509800,25485.289100,25461.640600,-2.779300,23.648500,1
25482.189500,25496.960900,25505.630900,25482.189500,14.771400,23.441400,2
25496.390600,25485.369100,25506.519500,25476.119100,-11.021500,30.400400,1
25451.779300,25489.789100,25489.789100,25426.359400,38.009800,63.429700,2
25453.019500,25452.400400,25462.960900,25425.980500,-0.619100,36.980400,2
25460.140600,25457.839800,25485.669900,25435.699200,-2.300800,49.970700,2
25520.910200,25450.289100,25526.779300,25448.240200,-70.621100,78.539100,2
25534.000000,25532.929700,25545.660200,25523.240200,-1.070300,22.420000,1
25507.369100,25536.000000,25537.240200,25497.750000,28.630900,39.490200,2
25511.380900,25518.009800,25529.980500,25487.839800,6.628900,42.140700,2
25535.980500,25502.929700,25537.050800,25484.570300,-33.050800,52.480500,2
25554.060500,25536.919900,25562.960900,25535.650400,-17.140600,27.310500,2
25598.730500,25555.460900,25598.730500,25544.050800,-43.269600,54.679700,1
25574.419900,25602.189500,25602.189500,25556.179700,27.769600,46.009800,2
25583.300800,25564.929700,25583.300800,25546.910200,-18.371100,36.390600,1
25573.410200,25580.119100,25585.199200,25565.099600,6.708900,20.099600,2
25582.859400,25565.929700,25599.949200,25565.849600,-16.929700,34.099600,1
25576.480500,25582.859400,25583.380900,25563.820300,6.378900,19.560600,2
25613.970700,25579.820300,25615.779300,25577.769500,-34.150400,38.009800,1
25596.259800,25615.019500,25615.919900,25592.689500,18.759700,23.230400,2
25597.019500,25597.099600,25606.789100,25593.029300,0.080100,13.759800,1
25578.949200,25597.839800,25606.130900,25577.269500,18.890600,28.861400,1
25568.929700,25574.650400,25582.009800,25568.929700,5.720700,13.080100,2
25586.960900,25569.789100,25591.500000,25563.650400,-17.171800,27.849600,1
25554.419900,25586.230500,25587.699200,25545.800800,31.810600,41.898400,1
25496.699200,25554.359400,25554.359400,25486.429700,57.660200,67.929700,2
25523.359400,25484.300800,25523.359400,25484.300800,-39.058600,39.058600,2
25539.199200,25524.609400,25554.160200,25521.349600,-14.589800,32.810600,2
25565.039100,25538.519500,25575.199200,25523.529300,-26.519600,51.669900,2
25570.619100,25563.810500,25581.849600,25549.949200,-6.808600,31.900400,1
25555.000000,25571.410200,25578.429700,25551.650400,16.410200,26.779300,2
25641.230500,25542.019500,25645.009800,25535.089800,-99.211000,109.920000,2
25855.330100,25833.720700,25886.070300,25833.720700,-21.609400,52.349600,1
25793.730500,25858.230500,25858.230500,25789.089800,64.500000,69.140700,2
25819.880900,25784.279300,25819.880900,25767.119100,-35.601600,52.761800,2
25835.039100,25824.550800,25835.039100,25792.060500,-10.488300,42.978600,2
25904.769500,25833.330100,25909.380900,25828.109400,-71.439400,81.271500,1
25896.919900,25899.939500,25919.949200,25884.130900,3.019600,35.818300,2
25909.609400,25899.230500,25934.710900,25885.880900,-10.378900,48.830000,1
25887.660200,25916.199200,25919.970700,25884.230500,28.539000,35.740200,2
25904.939500,25893.650400,25925.080100,25893.650400,-11.289100,31.429700,2
25970.640600,25905.449200,25971.839800,25905.449200,-65.191400,66.390600,2
25988.130900,25974.029300,25989.929700,25967.380900,-14.101600,22.548800,1
25978.970700,25987.380900,25989.759800,25975.699200,8.410200,14.060600,1
25969.169900,25977.449200,25996.210900,25969.169900,8.279300,27.041000,2
26009.080100,25968.740200,26017.160200,25968.740200,-40.339900,48.420000,2
26023.650400,26008.769500,26031.939500,26003.970700,-14.880900,27.968800,2
26028.910200,26020.419900,26032.060500,26010.240200,-8.490300,21.820300,1
26009.410200,26030.759800,26038.099600,26002.230500,21.349600,35.869100,1
25995.039100,26008.619100,26008.619100,25980.779300,13.580000,27.839800,2
26055.289100,25993.349600,26070.300800,25993.349600,-61.939500,76.951200,2
26083.640600,26057.740200,26083.699200,26051.419900,-25.900400,32.279300,2
26092.970700,26079.980500,26117.330100,26074.970700,-12.990200,42.359400,2
26095.050800,26089.539100,26101.789100,26075.419900,-5.511700,26.369200,2
26144.970700,26096.279300,26144.970700,26088.779300,-48.691400,56.191400,2
26159.369100,26137.060500,26159.369100,26124.720700,-22.308600,34.648400,1
26142.019500,26147.220700,26176.289100,26140.470700,5.201200,35.818400,2
26178.470700,26137.449200,26195.189500,26131.800800,-41.021500,63.388700,1
26162.650400,26131.439500,26188.949200,26125.849600,-31.210900,63.099600,2
26183.929700,26170.169900,26192.539100,26167.839800,-13.759800,24.699300,1
26142.810500,26179.960900,26204.380900,26140.220700,37.150400,64.160200,2
26161.449200,26149.150400,26178.480500,26145.000000,-12.298800,33.480500,2
26170.750000,26165.769500,26196.710900,26157.359400,-4.980500,39.351500,2
26198.650400,26164.009800,26207.519500,26160.880900,-34.640600,46.638600,2
26217.240200,26202.019500,26223.820300,26195.720700,-15.220700,28.099600,1
26203.039100,26211.320300,26218.220700,26182.599600,8.281200,35.621100,2
26251.810500,26208.130900,26253.050800,26208.130900,-43.679600,44.919900,1
26241.960900,26248.160200,26263.289100,26241.169900,6.199300,22.119200,2
26263.199200,26253.009800,26267.310500,26248.130900,-10.189400,19.179600,1
26239.900400,26264.480500,26277.550800,26239.900400,24.580100,37.650400,2
26243.210900,26238.830100,26255.109400,26233.720700,-4.380800,21.388700,1
26217.789100,26244.009800,26245.750000,26217.789100,26.220700,27.960900,1
26214.050800,26215.789100,26225.880900,26213.740200,1.738300,12.140700,1
26181.539100,26216.710900,26217.460900,26181.539100,35.171800,35.921800,2
26184.599600,26175.500000,26192.580100,26175.500000,-9.099600,17.080100,2
26203.259800,26183.689500,26205.619100,26180.300800,-19.570300,25.318300,2
26221.210900,26208.380900,26246.220700,26147.550800,-12.830000,98.669900,1
26155.070300,26226.269500,26236.050800,26155.070300,71.199200,80.980500,1
26093.710900,26155.130900,26155.130900,26082.849600,61.420000,72.281300,2
26127.109400,26092.419900,26145.490200,26092.419900,-34.689500,53.070300,2
26143.269500,26119.279300,26143.599600,26101.150400,-23.990200,42.449200,1
26131.150400,26157.779300,26169.099600,26131.150400,26.628900,37.949200,2
26132.830100,26122.439500,26137.710900,26096.050800,-10.390600,41.660100,2
26179.349600,26127.160200,26179.349600,26127.160200,-52.189400,52.189400,1
26041.890600,26119.910200,26119.910200,26023.119100,78.019600,96.791100,2
26042.650400,26045.730500,26069.050800,26013.390600,3.080100,55.660200,1
26014.029300,26049.750000,26052.050800,26009.269500,35.720700,42.781300,2
26053.759800,26005.179700,26053.759800,25996.410200,-48.580100,57.349600,2
26064.400400,26047.679700,26076.849600,26034.839800,-16.720700,42.009800,1
26009.589800,26065.650400,26067.250000,26000.240200,56.060600,67.009800,1
25992.039100,26017.509800,26040.210900,25960.419900,25.470700,79.791000,2
26005.339800,25989.130900,26023.740200,25989.130900,-16.208900,34.609300,1
25986.490200,26005.810500,26021.609400,25979.449200,19.320300,42.160200,1
25946.029300,25985.019500,25993.330100,25930.359400,38.990200,62.970700,1
25934.300800,25940.609400,25968.019500,25932.759800,6.308600,35.259700,2
25946.689500,25933.839800,25965.039100,25918.050800,-12.849700,46.988300,2
25976.710900,25944.099600,25980.660200,25938.960900,-32.611300,41.699300,1
25956.550800,25973.710900,25989.179700,25956.029300,17.160100,33.150400,1
25942.699200,25946.289100,25963.230500,25940.259800,3.589900,22.970700,2
25949.169900,25944.330100,25949.169900,25929.539100,-4.839800,19.630800,1
25936.169900,25943.019500,25948.570300,25922.070300,6.849600,26.500000,1
25928.580100,25932.699200,25942.050800,25912.230500,4.119100,29.820300,1
25900.660200,25926.009800,25959.460900,25890.310500,25.349600,69.150400,1
25896.050800,25904.679700,25911.169900,25882.910200,8.628900,28.259700,2
25951.419900,25896.269500,25969.710900,25896.269500,-55.150400,73.441400,2
25970.949200,25951.669900,25998.910200,25931.699200,-19.279300,67.211000,2
26003.419900,25972.730500,26012.759800,25960.279300,-30.689400,52.480500,2
26035.650400,26021.230500,26061.009800,25989.070300,-14.419900,71.939500,2
26070.380900,26036.550800,26070.380900,26029.160200,-33.830100,41.220700,1
25998.990200,26063.849600,26074.890600,25998.369100,64.859400,76.521500,1
25824.470700,25949.929700,25957.759800,25824.380900,125.459000,133.378900,1
25793.529300,25818.429700,25832.820300,25793.529300,24.900400,39.291000,1
25758.730500,25787.800800,25787.800800,25749.230500,29.070300,38.570300,2
25780.019500,25751.689500,25786.710900,25737.810500,-28.330000,48.900400,1
25709.269500,25772.390600,25772.390600,25709.269500,63.121100,63.121100,1
25662.460900,25705.310500,25709.330100,25662.460900,42.849600,46.869200,1
25625.890600,25652.289100,25671.910200,25625.890600,26.398500,46.019600,1
25554.220700,25611.199200,25611.199200,25554.220700,56.978500,56.978500,2
25576.230500,25552.800800,25583.939500,25528.859400,-23.429700,55.080100,2
25585.089800,25562.630900,25590.160200,25516.970700,-22.458900,73.189500,1
25580.470700,25586.630900,25609.580100,25573.009800,6.160200,36.570300,1
25570.169900,25579.849600,25602.789100,25566.080100,9.679700,36.709000,1
25567.990200,25570.449200,25574.429700,25539.740200,2.459000,34.689500,1
25522.810500,25556.169900,25564.289100,25519.810500,33.359400,44.478600,1
25481.609400,25522.640600,25532.869100,25480.210900,41.031200,52.658200,2
25532.609400,25487.019500,25545.179700,25486.619100,-45.589900,58.560600,1
25503.220700,25528.050800,25548.880900,25503.220700,24.830100,45.660200,2
25545.820300,25499.419900,25584.720700,25478.710900,-46.400400,106.009800,2
25583.470700,25549.050800,25604.070300,25547.480500,-34.419900,56.589800,1
25548.820300,25586.289100,25625.289100,25543.599600,37.468800,81.689500,2
25560.179700,25553.560500,25566.650400,25504.179700,-6.619200,62.470700,1
25506.689500,25571.869100,25605.529300,25506.689500,65.179600,98.839800,1
25478.869100,25499.650400,25528.410200,25434.820300,20.781300,93.589900,2
25514.589800,25462.500000,25544.919900,25457.460900,-52.089800,87.459000,1
25447.660200,25506.929700,25506.929700,25440.730500,59.269500,66.199200,1
25385.349600,25463.509800,25469.630900,25340.900400,78.160200,128.730500,2
25403.519500,25345.839800,25455.759800,25345.839800,-57.679700,109.920000,1
25362.679700,25410.740200,25452.259800,25361.160200,48.060500,91.099600,2
25394.980500,25368.630900,25413.429700,25320.769500,-26.349600,92.660200,1
25224.859400,25401.769500,25415.919900,25224.859400,176.910100,191.060500,2
25288.759800,25219.339800,25288.759800,25199.130900,-69.420000,89.628900,2
25330.019500,25301.949200,25342.789100,25269.650400,-28.070300,73.138700,2
25430.589800,25331.880900,25441.560500,25331.880900,-98.708900,109.679600,2
25460.939500,25442.410200,25475.400400,25415.830100,-18.529300,59.570300,1
25438.330100,25456.759800,25475.960900,25419.019500,18.429700,56.941400,2
25456.210900,25440.160200,25475.949200,25434.570300,-16.050700,41.378900,1
25450.640600,25472.289100,25490.210900,25406.000000,21.648500,84.210900,2
25463.369100,25446.789100,25481.349600,25429.429700,-16.580000,51.919900,1
25380.669900,25457.570300,25462.849600,25367.929700,76.900400,94.919900,1
25362.800800,25375.050800,25386.609400,25351.410200,12.250000,35.199200,1
25326.679700,25370.490200,25393.839800,25315.140600,43.810500,78.699200,2
25339.660200,25320.480500,25370.810500,25311.240200,-19.179700,59.570300,2
25403.390600,25342.179700,25422.289100,25336.519500,-61.210900,85.769600,1
