1170.797500,1176.333700,1181.710000,1169.689900,5.536200,12.020100,2
1171.170000,1171.498500,1173.360000,1168.850000,0.328500,4.510000,1
1165.240000,1169.920000,1169.920000,1164.415000,4.680000,5.505000,1
1165.097500,1164.510000,1167.085000,1162.567500,-0.587500,4.517500,1
1164.435100,1164.140000,1165.315200,1163.925000,-0.295100,1.390200,1
1163.000000,1164.000000,1165.770000,1160.720000,1.000000,5.050000,2
1163.550000,1163.355000,1165.840000,1162.060100,-0.195000,3.779900,1
1163.340000,1164.400000,1164.400000,1161.930100,1.060000,2.469900,2
1165.710000,1164.493800,1165.750000,1163.675000,-1.216200,2.075000,2
1166.760000,1165.900000,1166.970000,1164.960000,-0.860000,2.010000,2
1167.180100,1167.468000,1167.850000,1166.290000,0.287900,1.560000,2
1168.990000,1167.569900,1170.319900,1167.470000,-1.420100,2.849900,1
1167.939900,1168.980000,1169.270000,1167.710000,1.040100,1.560000,2
1170.881200,1167.970000,1170.939900,1167.970000,-2.911200,2.969900,1
1170.520000,1170.880000,1171.530000,1170.490000,0.360000,1.040000,1
1169.400000,1170.710000,1170.710000,1169.098600,1.310000,1.611400,2
1170.220000,1169.050000,1170.520000,1167.736000,-1.170000,2.784000,2
1172.272000,1170.730000,1173.205000,1169.950000,-1.542000,3.255000,1
1172.140000,1171.900000,1172.380000,1171.140000,-0.240000,1.240000,1
1170.432700,1172.030000,1172.230000,1170.200000,1.597300,2.030000,1
1169.200000,1170.290000,1170.819900,1169.200000,1.090000,1.619900,1
1166.905000,1169.200000,1169.200000,1166.505000,2.295000,2.695000,1
1164.470000,1167.240000,1168.130000,1164.470000,2.770000,3.660000,1
1164.450000,1164.590000,1165.310100,1163.010000,0.140000,2.300100,1
1161.905000,1164.510000,1164.510000,1160.660000,2.605000,3.850000,1
1159.830000,1161.845000,1163.420000,1158.610000,2.015000,4.810000,2
1166.020000,1164.010000,1168.999900,1161.770000,-2.010000,7.229900,2
1167.670000,1165.850000,1168.530000,1162.390000,-1.820000,6.140000,2
1169.618300,1167.620000,1169.700000,1166.715000,-1.998300,2.985000,1
1169.600000,1170.230000,1171.560100,1168.760000,0.630000,2.800100,2
1169.678000,1168.819900,1169.860000,1167.420000,-0.858100,2.440000,2
1172.400000,1170.157500,1172.400000,1169.127400,-2.242500,3.272600,2
1177.905000,1172.500000,1177.905000,1172.330000,-5.405000,5.575000,2
1179.185100,1177.910000,1179.590000,1176.420000,-1.275100,3.170000,2
1180.480000,1179.500000,1181.120000,1178.030000,-0.980000,3.090000,1
1179.127400,1180.830000,1181.030000,1178.520000,1.702600,2.510000,1
1175.400000,1179.225000,1179.780000,1174.510000,3.825000,5.270000,1
1172.660000,1175.390000,1175.390000,1171.835000,2.730000,3.555000,1
1171.130000,1172.090000,1173.430100,1170.620000,0.960000,2.810100,2
1172.360000,1171.470800,1173.194900,1170.530200,-0.889200,2.664700,2
1173.150000,1173.064900,1173.704200,1172.530000,-0.085100,1.174200,1
1172.890000,1173.790000,1174.275000,1172.380000,0.900000,1.895000,1
1172.760000,1173.260000,1173.260000,1171.400000,0.500000,1.860000,2
1174.340000,1172.180100,1174.460000,1172.180100,-2.159900,2.279900,2
1174.439900,1173.990000,1175.082000,1173.720000,-0.449900,1.362000,1
1172.720000,1174.530000,1174.530000,1172.260000,1.810000,2.270000,2
1172.962500,1173.085000,1173.540000,1172.485000,0.122500,1.055000,1
1171.750000,1172.675000,1173.460000,1171.750000,0.925000,1.710000,2
1172.580000,1171.129600,1173.025000,1171.129600,-1.450400,1.895400,1
1172.000000,1172.210000,1173.140000,1171.530000,0.210000,1.610000,1
1169.280000,1171.800000,1171.990000,1169.100000,2.520000,2.890000,1
1167.260000,1168.630000,1168.630000,1166.250000,1.370000,2.380000,1
1163.290000,1169.513400,1171.880000,1161.750000,6.223400,10.130000,1
1161.200000,1162.987500,1162.987500,1158.845000,1.787500,4.142500,1
1160.875000,1161.640000,1164.100000,1159.000000,0.765000,5.100000,1
1159.600000,1159.435100,1161.515000,1159.435100,-0.164900,2.079900,2
1161.745000,1159.930100,1162.000000,1159.400000,-1.814900,2.600000,1
1161.064900,1162.520000,1162.520000,1159.240000,1.455100,3.280000,2
1165.385000,1160.260000,1165.410000,1159.569900,-5.125000,5.840100,1
1164.050000,1165.439900,1166.880000,1163.824600,1.389900,3.055400,1
1163.850000,1163.140000,1165.020000,1163.140000,-0.710000,1.880000,2
1167.520000,1164.214700,1167.520000,1163.510000,-3.305300,4.010000,1
1167.410000,1167.760000,1168.990000,1166.780000,0.350000,2.210000,2
1167.550000,1167.850000,1168.439900,1167.020000,0.300000,1.419900,1
1166.220000,1167.080000,1168.380000,1165.200000,0.860000,3.180000,2
1168.240000,1165.900000,1168.240000,1165.890000,-2.340000,2.350000,1
1165.110000,1168.439900,1168.439900,1165.000000,3.329900,3.439900,2
1166.172500,1165.125000,1167.000000,1164.860000,-1.047500,2.140000,2
1167.370000,1165.564900,1167.370000,1165.558000,-1.805100,1.812000,2
1168.619600,1167.630000,1168.745000,1166.490000,-0.989600,2.255000,2
1169.530000,1168.370000,1170.050000,1168.370000,-1.160000,1.680000,1
1169.352500,1169.618400,1170.140000,1169.352500,0.265900,0.787500,2
1171.010000,1169.520000,1171.569900,1169.520000,-1.490000,2.049900,2
1172.170000,1170.870000,1172.720000,1170.870000,-1.300000,1.850000,2
1173.040000,1172.700000,1173.594800,1171.569900,-0.340000,2.024900,2
1175.853100,1173.200000,1176.030000,1172.260000,-2.653100,3.770000,1
1174.580000,1175.990000,1176.210000,1173.101000,1.410000,3.109000,1
1174.340000,1173.400000,1175.450000,1173.400000,-0.940000,2.050000,2
1182.120000,1181.980000,1185.450900,1176.270000,-0.140000,9.180900,1
1181.420000,1181.420000,1182.150000,1178.939900,0.000000,3.210100,2
1185.680100,1181.680100,1187.258800,1181.680100,-4.000000,5.578700,1
1185.000000,1185.569900,1188.590000,1184.710000,0.569900,3.880000,2
1185.890000,1185.700000,1186.060100,1182.390000,-0.190000,3.670100,1
1185.110000,1186.660000,1186.660000,1184.120000,1.550000,2.540000,2
1185.735000,1185.500000,1187.052000,1184.860000,-0.235000,2.192000,2
1187.939900,1186.500000,1187.939900,1185.310100,-1.439900,2.629800,2
1189.305100,1188.410000,1190.000000,1187.900000,-0.895100,2.100000,2
1189.425000,1189.640000,1189.950000,1188.590000,0.215000,1.360000,1
1188.870000,1189.465000,1189.720000,1187.860000,0.595000,1.860000,2
1190.930100,1188.810100,1191.160000,1188.810100,-2.120000,2.349900,2
1191.500000,1190.900000,1192.000000,1189.200000,-0.600000,2.800000,2
1192.105000,1191.790000,1192.780000,1191.160000,-0.315000,1.620000,1
1191.760000,1192.170000,1193.270000,1191.600000,0.410000,1.670000,1
1190.150000,1191.689900,1192.220000,1189.850000,1.539900,2.370000,1
1189.600000,1190.400000,1191.080000,1189.110000,0.800000,1.970000,1
1189.120000,1188.770000,1189.980000,1187.700000,-0.350000,2.280000,1
1188.930100,1189.100000,1189.740000,1188.624100,0.169900,1.115900,1
1188.930100,1188.770000,1189.060100,1187.460000,-0.160100,1.600100,2
1189.600000,1189.040000,1189.915000,1188.890000,-0.560000,1.025000,2
1190.967000,1190.011600,1191.530000,1190.011600,-0.955400,1.518400,2
1192.770000,1191.060100,1192.770000,1191.060100,-1.709900,1.709900,2
1193.580000,1193.110000,1193.580000,1191.730000,-0.470000,1.850000,1
1191.730000,1193.265000,1193.939900,1191.540000,1.535000,2.399900,1
1191.720000,1191.810100,1192.120000,1189.770000,0.090100,2.350000,1
1190.000000,1196.580000,1196.580000,1190.000000,6.580000,6.580000,1
1185.850000,1190.310100,1190.770000,1183.450000,4.460100,7.320000,2
1187.650000,1185.080000,1187.650000,1184.215000,-2.570000,3.435000,1
1181.569900,1186.439900,1186.439900,1181.390000,4.870000,5.049900,1
1181.319900,1181.000000,1182.239900,1179.610000,-0.319900,2.629900,1
1180.130000,1181.115000,1181.500000,1179.780000,0.985000,1.720000,2
1183.750000,1180.230000,1183.750000,1179.439900,-3.520000,4.310100,2
1185.730000,1184.230000,1185.730000,1183.203000,-1.500000,2.527000,2
1185.930100,1186.130000,1187.100000,1185.760000,0.199900,1.340000,2
1186.000000,1186.450000,1188.090000,1185.910000,0.450000,2.180000,1
1185.390000,1186.510000,1187.010000,1185.042400,1.120000,1.967600,1
1184.439900,1185.230000,1185.230000,1184.210000,0.790100,1.020000,1
1184.410000,1184.569900,1184.819900,1183.060100,0.159900,1.759800,1
1184.390000,1183.670000,1185.420000,1183.370000,-0.720000,2.050000,1
1182.050000,1184.090000,1184.312300,1181.750000,2.040000,2.562300,1
1181.800000,1182.020000,1183.490000,1181.800000,0.220000,1.690000,1
1180.550000,1181.560100,1181.880000,1180.424600,1.010100,1.455400,2
1181.189900,1180.790000,1181.850000,1180.000000,-0.399900,1.850000,1
1177.920000,1180.939900,1181.160000,1177.920000,3.019900,3.240000,2
1179.245000,1177.555100,1179.600000,1177.340000,-1.689900,2.260000,1
1178.040000,1179.280000,1179.770000,1178.040000,1.240000,1.730000,1
1177.020000,1178.225000,1178.580000,1176.370000,1.205000,2.210000,1
1176.000000,1177.040000,1177.041100,1173.680100,1.040000,3.361000,2
1176.510000,1175.760000,1177.420000,1175.325000,-0.750000,2.095000,1
1173.990000,1177.220000,1177.220000,1173.630000,3.230000,3.590000,1
1172.069900,1174.170000,1178.340000,1172.069900,2.100100,6.270100,1
1163.920000,1158.650000,1163.920000,1151.510000,-5.270000,12.410000,2
1167.360000,1164.020000,1168.700000,1163.810100,-3.340000,4.889900,2
1168.600000,1167.010000,1168.710000,1164.810100,-1.590000,3.899900,1
1165.455000,1168.441000,1168.980000,1164.510000,2.986000,4.470000,1
1164.720000,1164.370000,1167.750000,1163.911000,-0.350000,3.839000,2
1165.360000,1163.390000,1165.360000,1159.790000,-1.970000,5.570000,1
1164.950000,1165.610000,1166.689900,1163.069900,0.660000,3.620000,2
1173.120000,1164.680100,1173.120000,1164.680100,-8.439900,8.439900,2
1174.030000,1173.810100,1175.534100,1173.361700,-0.219900,2.172400,2
1176.185100,1173.930100,1176.910000,1173.930100,-2.255000,2.979900,2
1177.398800,1176.819900,1178.189900,1175.535000,-0.578900,2.654900,2
1178.350000,1176.800000,1178.700000,1176.800000,-1.550000,1.900000,2
1181.650000,1178.120000,1181.650000,1178.120000,-3.530000,3.530000,1
1179.850000,1181.870000,1182.250000,1179.250000,2.020000,3.000000,1
1179.545000,1180.680100,1180.725000,1179.390000,1.135100,1.335000,2
1180.090000,1179.290000,1182.300000,1179.290000,-0.800000,3.010000,2
1183.757800,1180.280000,1183.980000,1179.860000,-3.477800,4.120000,2
1184.920000,1184.130000,1185.000000,1183.314900,-0.790000,1.685100,1
1183.580000,1184.819900,1185.000000,1182.870000,1.239900,2.130000,1
1180.971400,1183.230000,1183.720000,1180.971400,2.258600,2.748600,2
1181.722000,1181.500000,1181.990000,1180.700000,-0.222000,1.290000,1
1179.760000,1182.250000,1182.250000,1179.760000,2.490000,2.490000,2
1179.910000,1180.090000,1182.380000,1179.510000,0.180000,2.870000,1
1179.689900,1180.010000,1180.480000,1179.330000,0.320100,1.150000,1
1179.069900,1180.000000,1180.270000,1177.660000,0.930100,2.610000,2
1179.569900,1178.840000,1181.210000,1178.660000,-0.729900,2.550000,2
1180.200000,1183.569900,1183.569900,1175.000000,3.369900,8.569900,2
1186.944900,1180.775000,1187.140000,1180.430100,-6.169900,6.709900,1
1183.720000,1186.819900,1186.819900,1182.750000,3.099900,4.069900,1
1183.470000,1184.490000,1184.810100,1181.950000,1.020000,2.860100,2
1186.600000,1184.250000,1187.050000,1184.160000,-2.350000,2.890000,1
1181.935100,1186.970000,1186.970000,1181.935100,5.034900,5.034900,2
1185.010000,1181.720000,1185.844600,1181.720000,-3.290000,4.124600,2
1188.640000,1185.950000,1189.720000,1185.705000,-2.690000,4.015000,1
1188.350000,1189.626500,1189.730000,1188.350000,1.276500,1.380000,2
1188.875000,1188.485000,1189.610000,1188.170000,-0.390000,1.440000,2
1190.560100,1189.185100,1191.310100,1188.485000,-1.375000,2.825100,2
1191.310100,1190.280000,1191.550000,1189.490000,-1.030100,2.060000,1
1190.330000,1191.265000,1191.850000,1190.120000,0.935000,1.730000,2
1190.680100,1190.135000,1191.390000,1190.135000,-0.545100,1.255000,2
1192.910000,1190.680100,1192.910000,1190.340000,-2.229900,2.570000,2
1192.980000,1192.545000,1193.569900,1191.590000,-0.435000,1.979900,1
1190.970000,1192.700000,1194.630000,1190.340000,1.730000,4.290000,2
1192.069900,1190.915000,1192.660000,1190.915000,-1.154900,1.745000,2
1192.830000,1192.310100,1193.319900,1190.980000,-0.519900,2.339900,1
1191.890000,1192.675000,1192.819900,1191.819900,0.785000,1.000000,2
1192.055100,1191.825000,1192.420000,1191.650000,-0.230100,0.770000,2
1194.260000,1192.260000,1194.580000,1192.165000,-2.000000,2.415000,1
1193.569900,1194.380000,1194.830000,1192.935100,0.810100,1.894900,2
1194.370000,1194.000000,1194.370000,1192.819900,-0.370000,1.550100,1
1193.750900,1194.410000,1195.250000,1192.960000,0.659100,2.290000,2
1193.970000,1194.520000,1196.859900,1193.170000,0.550000,3.689900,1
1191.819900,1193.020000,1194.085000,1189.000000,1.200100,5.085000,1
1189.109100,1191.140000,1192.780000,1188.000000,2.030900,4.780000,1
1188.350000,1189.880000,1189.880000,1185.830000,1.530000,4.050000,1
1187.865000,1187.410000,1188.754200,1186.900000,-0.455000,1.854200,2
1195.550000,1188.400000,1196.566800,1188.400000,-7.150000,8.166800,2
1196.160000,1195.590000,1197.510000,1194.080000,-0.570000,3.430000,2
1196.810100,1196.520000,1198.780000,1196.520000,-0.290100,2.260000,2
1197.480000,1197.240000,1197.950000,1196.319900,-0.240000,1.630100,1
1195.400000,1198.270000,1198.540000,1194.830000,2.870000,3.710000,2
1196.720000,1196.010000,1198.420000,1196.010000,-0.710000,2.410000,1
1194.875000,1196.050000,1196.920000,1194.030000,1.175000,2.890000,1
1193.845000,1195.099600,1195.099600,1193.160000,1.254600,1.939600,1
1192.958700,1193.860000,1193.895000,1192.500000,0.901300,1.395000,2
1194.050000,1193.700000,1194.050000,1193.100000,-0.350000,0.950000,2
1195.045000,1194.050000,1195.045000,1193.480000,-0.995000,1.565000,1
1194.930100,1195.130000,1195.930100,1194.610000,0.199900,1.320100,2
1195.814900,1194.640000,1196.150000,1194.410000,-1.174900,1.740000,2
1197.745000,1196.000000,1198.200000,1194.770000,-1.745000,3.430000,2
1201.970000,1197.290000,1201.970000,1193.730000,-4.680000,8.240000,2
1205.694900,1202.120000,1206.295000,1202.120000,-3.574900,4.175000,1
1203.530000,1205.810100,1207.194900,1203.295000,2.280100,3.899900,1
1203.170000,1203.000000,1204.049600,1202.442000,-0.170000,1.607600,1
1201.350000,1202.500000,1202.500000,1199.444600,1.150000,3.055400,2
1205.145000,1201.170000,1205.810100,1201.170000,-3.975000,4.640100,1
1197.290000,1204.840000,1204.840000,1197.290000,7.550000,7.550000,1
1193.470000,1196.840000,1197.200000,1190.000000,3.370000,7.200000,2
1206.000000,1200.750000,1206.020000,1198.640000,-5.250000,7.380000,2
1207.300000,1206.420000,1209.870000,1203.189900,-0.880000,6.680100,2
1210.380000,1206.510000,1212.252400,1206.510000,-3.870000,5.742400,2
1212.330000,1210.410000,1214.050000,1210.410000,-1.920000,3.640000,2
1212.430100,1211.939900,1212.500000,1210.655000,-0.490200,1.845000,2
1213.250000,1211.170000,1213.830000,1211.170000,-2.080000,2.660000,1
1210.620000,1213.960000,1213.970000,1210.620000,3.340000,3.350000,1
1208.010000,1210.493800,1210.493800,1207.587200,2.483800,2.906600,2
1209.890000,1207.660000,1209.890000,1207.660000,-2.230000,2.230000,2
1211.630000,1209.689900,1211.760000,1209.060100,-1.940100,2.699900,2
1213.850000,1212.230000,1214.140000,1212.090000,-1.620000,2.050000,2
1214.970000,1214.110000,1215.515000,1213.515000,-0.860000,2.000000,2
1215.968100,1215.000000,1216.810100,1214.555100,-0.968100,2.255000,1
1214.090000,1216.090000,1216.503200,1214.090000,2.000000,2.413200,1
1213.592500,1213.340000,1213.960000,1212.390000,-0.252500,1.570000,2
1214.000000,1213.580000,1214.319900,1213.120000,-0.420000,1.199900,1
1213.000000,1213.520000,1213.670000,1212.330000,0.520000,1.340000,2
1213.819900,1212.935100,1213.970000,1212.319900,-0.884800,1.650100,1
1212.280000,1213.910000,1213.910000,1211.380000,1.630000,2.530000,1
1211.550000,1212.301500,1212.689900,1211.080000,0.751500,1.609900,1
1209.745000,1211.650000,1211.790000,1209.459500,1.905000,2.330500,1
1209.400000,1209.814900,1210.680100,1209.270000,0.414900,1.410100,2
1210.365000,1209.720000,1210.919300,1208.960000,-0.645000,1.959300,1
1208.490000,1210.098900,1211.000000,1207.819900,1.608900,3.180100,1
1206.760000,1208.192500,1208.460000,1206.090000,1.432500,2.370000,2
1207.090000,1207.110000,1209.670000,1206.000000,0.020000,3.670000,1
1203.000000,1204.330000,1207.970000,1203.000000,1.330000,4.970000,1
1200.580000,1202.170000,1202.630000,1198.600000,1.590000,4.030000,1
1200.240000,1200.875000,1204.220000,1199.450000,0.635000,4.770000,2
1202.240000,1199.540000,1202.790000,1199.540000,-2.700000,3.250000,2
1203.360000,1202.360000,1204.170000,1201.040000,-1.000000,3.130000,2
1205.560100,1202.960000,1206.117800,1202.960000,-2.600100,3.157800,2
1205.760000,1205.400000,1207.230000,1205.270000,-0.360000,1.960000,1
1205.189900,1205.870000,1206.180100,1204.295000,0.680100,1.885100,1
1203.250000,1205.250000,1205.355000,1203.250000,2.000000,2.105000,2
1203.610000,1203.465000,1205.356000,1203.465000,-0.145000,1.891000,2
1204.930100,1203.845000,1204.930100,1203.261600,-1.085100,1.668500,1
1202.040000,1204.600000,1204.825000,1201.660000,2.560000,3.165000,2
1202.140000,1202.140000,1203.649400,1201.890400,0.000000,1.759000,1
1201.435100,1202.050000,1202.050000,1199.000000,0.614900,3.050000,1
1200.760000,1201.420000,1201.590000,1198.000000,0.660000,3.590000,2
1203.580000,1201.550000,1203.750000,1201.290000,-2.030000,2.460000,2
1203.610000,1203.610000,1204.000000,1202.939900,0.000000,1.060100,1
1203.520000,1203.850000,1204.530000,1203.100000,0.330000,1.430000,1
1202.630000,1203.470000,1203.620000,1202.030000,0.840000,1.590000,2
1205.050000,1202.807000,1205.280000,1202.540000,-2.243000,2.740000,2
1205.730000,1205.300000,1205.870000,1204.470000,-0.430000,1.400000,1
1204.550000,1205.569900,1205.682500,1204.090000,1.019900,1.592500,2
1205.560100,1204.569900,1205.750000,1204.090000,-0.990200,1.660000,2
1207.069900,1205.400000,1207.400000,1205.360000,-1.669900,2.040000,1
1205.810100,1207.020000,1207.020000,1205.240000,1.209900,1.780000,2
1207.380000,1205.760000,1207.730000,1203.790000,-1.620000,3.940000,2
1222.280000,1215.180100,1223.545000,1213.189900,-7.099900,10.355100,1
1220.645000,1222.500000,1224.085000,1220.645000,1.855000,3.440000,2
1221.912500,1220.600000,1221.939900,1218.770000,-1.312500,3.169900,2
1222.480000,1221.910000,1222.480000,1221.090000,-0.570000,1.390000,1
1218.020000,1222.225000,1223.000000,1217.610000,4.205000,5.390000,2
1218.840000,1218.080000,1219.280000,1216.865000,-0.760000,2.415000,1
1216.000000,1218.000000,1218.000000,1215.020000,2.000000,2.980000,2
1216.250000,1215.920000,1216.705000,1215.000000,-0.330000,1.705000,1
1215.095000,1215.430100,1215.740000,1214.115000,0.335100,1.625000,1
1213.120000,1215.189900,1215.708900,1211.819900,2.069900,3.889000,1
1212.060100,1213.080000,1213.080000,1211.145000,1.019900,1.935000,1
1210.800000,1211.530000,1212.790000,1209.890000,0.730000,2.900000,1
1208.470000,1210.910000,1210.910000,1208.470000,2.440000,2.440000,2
1208.990000,1208.255000,1208.990000,1207.450000,-0.735000,1.540000,2
1209.930100,1208.490000,1210.125000,1207.420000,-1.440100,2.705000,2
1209.962600,1209.955000,1211.630000,1209.700000,-0.007600,1.930000,2
1210.520000,1209.960000,1210.520000,1207.810100,-0.560000,2.709900,1
1209.720000,1210.610000,1210.610000,1209.210000,0.890000,1.400000,1
1208.550000,1209.840000,1209.970000,1208.000000,1.290000,1.970000,2
1209.210000,1208.910000,1210.000000,1208.866700,-0.300000,1.133300,1
1207.189900,1209.251300,1209.540000,1206.689900,2.061400,2.850100,1
1206.939900,1207.150000,1208.000000,1206.780000,0.210100,1.220000,1
1206.812500,1206.795000,1208.170000,1206.375000,-0.017500,1.795000,1
1204.900000,1206.980000,1207.860000,1204.060100,2.080000,3.799900,1
1203.480000,1204.040000,1204.710000,1203.240000,0.560000,1.470000,2
1208.460000,1203.970000,1208.460000,1203.810100,-4.490000,4.649900,1
1205.340000,1205.000000,1213.030000,1200.000000,-0.340000,13.030000,2
1213.220000,1205.020000,1213.220000,1205.020000,-8.200000,8.200000,1
1211.435500,1213.050000,1214.850000,1210.990000,1.614500,3.860000,2
1215.550000,1211.620000,1215.550000,1211.620000,-3.930000,3.930000,1
1214.500000,1216.225000,1218.425000,1214.500000,1.725000,3.925000,2
1218.370000,1214.510000,1219.990000,1214.100000,-3.860000,5.890000,2
1222.430100,1217.850000,1222.870000,1217.500000,-4.580100,5.370000,1
1220.700000,1222.540000,1224.520000,1219.804000,1.840000,4.716000,2
1221.575000,1220.330000,1221.780000,1220.330000,-1.245000,1.450000,1
1220.990000,1221.610000,1221.710000,1219.920000,0.620000,1.790000,1
1219.350000,1221.460000,1222.140000,1219.350000,2.110000,2.790000,1
1216.155000,1219.100000,1220.500000,1216.155000,2.945000,4.345000,2
1218.300000,1216.290000,1219.130000,1216.130000,-2.010000,3.000000,1
1213.720000,1218.120000,1218.120000,1212.932000,4.400000,5.188000,2
1214.760000,1214.120000,1215.460000,1214.120000,-0.640000,1.340000,1
1212.865000,1214.645000,1215.510000,1212.640000,1.780000,2.870000,2
1213.650000,1212.760000,1214.335000,1212.360000,-0.890000,1.975000,1
1212.569900,1213.689900,1213.689900,1212.356000,1.120000,1.333900,1
1211.510000,1212.230000,1212.450000,1210.840000,0.720000,1.610000,2
1212.220000,1211.310100,1213.266000,1211.230000,-0.909900,2.036000,1
1209.670000,1212.140000,1212.610000,1209.670000,2.470000,2.940000,2
1210.500000,1209.370000,1210.700000,1209.000000,-1.130000,1.700000,1
1206.520000,1210.350000,1210.350000,1206.520000,3.830000,3.830000,2
1207.590000,1207.120000,1208.189900,1205.750000,-0.470000,2.439900,1
1205.385000,1207.689900,1208.830000,1205.210000,2.304900,3.620000,2
1208.790000,1205.590000,1208.790000,1205.490000,-3.200000,3.300000,1
1207.620000,1213.770000,1213.770000,1204.370000,6.150000,9.400000,1
1203.170000,1208.960000,1208.984400,1202.895000,5.790000,6.089400,2
1206.230000,1202.710000,1208.900000,1202.710000,-3.520000,6.190000,2
1206.379200,1207.210000,1207.985000,1205.990000,0.830800,1.995000,2
1207.430100,1206.830000,1208.462500,1206.830000,-0.600100,1.632500,1
1204.295000,1207.360000,1207.360000,1203.030000,3.065000,4.330000,1
1203.980000,1204.319900,1204.810100,1202.885000,0.339900,1.925100,2
1205.970000,1204.660000,1205.970000,1204.510000,-1.310000,1.460000,1
1205.454300,1207.080000,1207.135000,1203.640000,1.625700,3.495000,2
1210.280000,1205.620000,1210.280000,1205.010000,-4.660000,5.270000,1
1208.770000,1210.455000,1210.455000,1208.560100,1.685000,1.894900,2
1210.040000,1208.540000,1210.040000,1208.540000,-1.500000,1.500000,1
1207.265000,1210.220000,1210.220000,1206.600000,2.955000,3.620000,2
1208.550000,1207.670000,1208.550000,1207.670000,-0.880000,0.880000,2
1210.430100,1207.939900,1210.430100,1207.420000,-2.490200,3.010100,1
1209.569900,1210.319900,1210.319900,1208.680100,0.750000,1.639800,1
1207.685100,1209.270000,1209.650000,1207.400000,1.584900,2.250000,1
1207.500000,1207.560100,1208.700000,1207.370000,0.060100,1.330000,2
1207.800000,1207.380000,1208.790000,1207.305100,-0.420000,1.484900,1
1206.830000,1207.220000,1207.220000,1206.166400,0.390000,1.053600,2
1207.069900,1206.000000,1207.069900,1204.180100,-1.069900,2.889800,2
1207.439900,1206.530000,1207.439900,1205.242600,-0.909900,2.197300,2
1209.180100,1207.725000,1209.220000,1207.170000,-1.455100,2.050000,1
1208.905000,1208.960000,1210.375000,1208.280000,0.055000,2.095000,2
1209.080000,1209.410000,1210.255100,1208.680100,0.330000,1.575000,2
1211.160000,1209.210000,1212.069900,1208.910000,-1.950000,3.159900,1
1191.310100,1205.579200,1205.579200,1189.680100,14.269100,15.899100,1
1189.310100,1192.305100,1194.280000,1189.310100,2.995000,4.969900,1
1184.010000,1189.310100,1189.400000,1183.000000,5.300100,6.400000,1
1178.972000,1184.069900,1184.950000,1178.972000,5.097900,5.978000,2
1180.093000,1180.799400,1181.757600,1176.680100,0.706400,5.077500,1
1178.520000,1180.700000,1184.360000,1178.520000,2.180000,5.840000,2
1180.160000,1178.960000,1183.250000,1178.960000,-1.200000,4.290000,1
1179.400400,1180.270000,1181.569900,1179.340000,0.869600,2.229900,1
1174.680100,1179.745000,1179.745000,1173.460000,5.064900,6.285000,1
1172.450000,1174.439900,1174.715000,1171.520000,1.989900,3.195000,1
1171.410000,1172.764600,1175.400000,1171.410000,1.354600,3.990000,2
1172.770000,1172.069900,1172.770000,1170.120000,-0.700100,2.650000,2
1173.010000,1172.580000,1175.990000,1172.375000,-0.430000,3.615000,1
1171.060100,1171.990000,1173.939900,1170.189900,0.929900,3.750000,2
1171.340000,1171.710000,1172.930100,1170.500000,0.370000,2.430100,1
1170.069900,1171.689900,1172.250000,1168.439900,1.620000,3.810100,1
1170.010000,1170.400000,1170.780000,1167.930100,0.390000,2.849900,1
1167.910000,1168.910000,1170.680100,1167.020000,1.000000,3.660100,1
1167.860000,1168.515000,1168.933000,1167.160000,0.655000,1.773000,1
1167.719400,1167.740000,1167.740000,1164.040000,0.020600,3.700000,2
1170.860000,1167.740000,1172.194900,1167.090000,-3.120000,5.104900,2
1175.390000,1171.135000,1176.000000,1171.135000,-4.255000,4.865000,2
1175.569900,1175.400400,1177.630000,1174.630000,-0.169500,3.000000,1
1172.290000,1175.939900,1177.040000,1172.290000,3.649900,4.750000,2
1172.590000,1172.080000,1173.330000,1170.340000,-0.510000,2.990000,2
1177.710000,1173.810100,1178.120000,1173.580000,-3.899900,4.540000,2
1179.995000,1177.000000,1181.880000,1171.260000,-2.995000,10.620000,1
1167.521000,1180.860000,1181.500000,1166.770000,13.339000,14.730000,2
1168.650000,1167.250000,1170.381500,1167.040000,-1.400000,3.341500,2
1174.300000,1169.560100,1175.910000,1168.950000,-4.739900,6.960000,1
1173.830000,1174.175800,1174.800000,1170.250000,0.345800,4.550000,1
1169.630000,1171.728000,1172.185100,1167.464100,2.098000,4.721000,1
1164.280000,1167.319900,1169.300000,1163.074800,3.039900,6.225200,1
1163.630000,1164.000000,1164.800000,1160.913900,0.370000,3.886100,1
1162.250000,1163.720000,1165.130000,1162.000000,1.470000,3.130000,1
1158.285000,1161.550000,1162.460000,1158.000000,3.265000,4.460000,2
1158.830000,1158.390000,1161.560100,1158.000000,-0.440000,3.560100,2
1160.740000,1158.830000,1161.730000,1158.230000,-1.910000,3.500000,1
1157.290000,1160.000000,1160.090000,1154.319900,2.710000,5.770100,2
1158.965000,1157.370000,1160.470000,1156.770000,-1.595000,3.700000,1
1157.060100,1158.710000,1158.710000,1156.140000,1.649900,2.570000,2
1158.330000,1157.517200,1159.080000,1156.372300,-0.812800,2.707700,2
1163.593100,1159.590000,1163.735100,1158.420000,-4.003100,5.315100,2
1164.439900,1163.580000,1165.000000,1162.319900,-0.859900,2.680100,1
1161.689900,1165.100000,1165.100000,1161.040000,3.410100,4.060000,2
1166.970000,1162.000000,1166.970000,1161.740000,-4.970000,5.230000,2
1168.910000,1166.780000,1169.200000,1165.726600,-2.130000,3.473400,1
1167.900000,1169.000000,1169.000000,1165.520000,1.100000,3.480000,2
1170.092800,1168.189900,1171.000000,1166.350000,-1.902900,4.650000,1
1167.290000,1170.020000,1170.510000,1167.040000,2.730000,3.470000,2
1168.890000,1166.939900,1168.890000,1165.880000,-1.950100,3.010000,1
1167.590000,1169.490000,1171.230000,1166.900000,1.900000,4.330000,2
1172.340000,1160.760000,1173.230000,1159.175000,-11.580000,14.055000,2
1172.700000,1173.150000,1175.505000,1169.660000,0.450000,5.845000,2
1173.500000,1173.370000,1174.360000,1170.689900,-0.130000,3.670100,1
1171.170000,1174.140000,1174.200000,1170.569900,2.970000,3.630100,1
1167.855000,1170.110000,1170.110000,1167.855000,2.255000,2.255000,1
1164.689900,1167.830000,1167.850000,1163.340000,3.140100,4.510000,1
1164.280000,1165.380000,1165.380000,1161.560100,1.100000,3.819900,1
1161.035200,1163.380000,1163.600000,1160.580000,2.344800,3.020000,1
1152.700100,1161.430100,1161.970000,1151.210000,8.730000,10.760000,2
1158.170000,1152.020000,1158.170000,1150.670000,-6.150000,7.500000,1
1153.004300,1157.210000,1158.155000,1152.901700,4.205700,5.253300,2
1159.370000,1154.060100,1159.370000,1151.420000,-5.309900,7.950000,2
1159.555100,1159.020000,1159.990000,1155.760000,-0.535100,4.230000,1
1137.758500,1159.560100,1159.560100,1136.510000,21.801600,23.050100,2
1140.845500,1137.255000,1143.830000,1136.970000,-3.590500,6.860000,1
1138.378700,1140.950000,1141.360000,1135.400000,2.571300,5.960000,2
1147.540000,1138.020000,1150.700000,1138.020000,-9.520000,12.680000,1
1145.730000,1146.680100,1149.550000,1145.730000,0.950100,3.820000,2
1150.720000,1144.950000,1153.090000,1144.950000,-5.770000,8.140000,2
1152.280000,1150.860000,1153.569900,1150.860000,-1.420000,2.709900,2
1153.800000,1152.439900,1154.870000,1151.760000,-1.360100,3.110000,1
1153.670000,1153.955000,1157.060100,1153.220000,0.285000,3.840100,2
1155.420000,1153.890000,1156.410000,1153.300000,-1.530000,3.110000,1
1154.110000,1155.020000,1157.580000,1153.520000,0.910000,4.060000,2
1156.439900,1153.735000,1157.689900,1152.830000,-2.704900,4.859900,1
1156.200000,1157.090000,1158.840000,1155.730000,0.890000,3.110000,2
1157.450000,1151.380000,1161.419900,1145.000000,-6.070000,16.419900,1
1156.479900,1156.730000,1156.730000,1149.970000,0.250100,6.760000,1
1150.006300,1157.160000,1157.160000,1148.795000,7.153700,8.365000,2
1156.620000,1150.410000,1156.620000,1150.410000,-6.210000,6.210000,2
1159.135000,1157.520000,1160.600000,1156.919900,-1.615000,3.680100,1
1157.189900,1158.140000,1159.540000,1154.870000,0.950100,4.670000,1
1156.120000,1157.700000,1157.939900,1152.050000,1.580000,5.889900,2
1158.819900,1156.350000,1159.340000,1153.100000,-2.469900,6.240000,1
1157.609300,1158.407500,1158.430100,1156.240000,0.798200,2.190100,2
1157.680100,1156.555100,1158.660000,1155.927500,-1.125000,2.732500,1
1154.760000,1157.950000,1159.555100,1154.760000,3.190000,4.795100,1
1151.439900,1153.455000,1154.950000,1150.410000,2.015100,4.540000,1
1150.790000,1150.560100,1154.170000,1150.000000,-0.229900,4.170000,1
1149.050000,1150.288000,1151.370000,1148.210000,1.238000,3.160000,2
1150.990000,1149.215000,1150.990000,1145.189900,-1.775000,5.800100,2
1152.860000,1150.500000,1154.880000,1149.550000,-2.360000,5.330000,1
1149.180100,1152.895000,1152.895000,1149.180100,3.714900,3.714900,2
1150.590000,1148.890000,1151.735000,1147.770000,-1.700000,3.965000,1
1150.480000,1150.540000,1150.819900,1148.025000,0.060000,2.794900,1
1149.000000,1150.689900,1150.689900,1146.920000,1.689900,3.769900,2
1150.069900,1149.460000,1150.090000,1146.600000,-0.609900,3.490000,2
1152.270000,1149.590000,1153.225000,1147.580000,-2.680000,5.645000,1
1149.630000,1151.980000,1152.200000,1148.970000,2.350000,3.230000,1
1144.991700,1149.564900,1149.580000,1144.991700,4.573200,4.588300,2
1147.180100,1145.319900,1147.760000,1144.920000,-1.860200,2.840000,1
1145.330000,1147.270000,1150.000000,1144.569900,1.940000,5.430100,1
1124.610000,1136.939900,1136.939900,1124.610000,12.329900,12.329900,1
1120.020000,1124.460000,1127.830300,1116.520000,4.440000,11.310300,1
1118.925000,1121.855300,1123.010000,1116.797600,2.930300,6.212400,2
1123.520000,1118.710000,1125.000000,1117.035000,-4.810000,7.965000,2
1123.840000,1124.670000,1124.670000,1123.840000,0.830000,0.830000,1
1120.980000,1123.800000,1125.814900,1119.000000,2.820000,6.814900,1
1116.225000,1119.950000,1122.480000,1113.260000,3.725000,9.220000,2
1120.000000,1116.120000,1120.000000,1112.990000,-3.880000,7.010000,2
1120.080000,1119.050000,1121.620000,1117.100000,-1.030000,4.520000,1
1117.850000,1119.535000,1122.270000,1117.850000,1.685000,4.420000,2
1120.235000,1117.520000,1121.080000,1114.450000,-2.715000,6.630000,1
1120.215000,1120.080000,1124.630000,1119.630000,-0.135000,5.000000,1
1120.060100,1120.215000,1121.910000,1118.550000,0.154900,3.360000,1
1119.130000,1119.890000,1122.000000,1119.130000,0.760000,2.870000,2
1126.920000,1119.000000,1126.920000,1116.900000,-7.920000,10.020000,2
1127.010000,1126.319900,1130.110000,1126.000000,-0.690100,4.110000,1
1121.480000,1126.819900,1128.000000,1120.600000,5.339900,7.400000,1
1121.370000,1122.240000,1124.150000,1121.000000,0.870000,3.150000,1
1117.050000,1122.335000,1122.500000,1115.830000,5.285000,6.670000,2
1120.930100,1118.180100,1120.990000,1117.930100,-2.750000,3.059900,1
1114.805100,1121.210000,1123.720000,1114.805100,6.404900,8.914900,2
1115.310100,1114.385000,1117.380000,1112.845000,-0.925100,4.535000,1
1107.770000,1115.000000,1117.000000,1106.145000,7.230000,10.855000,2
1110.180100,1107.485000,1110.210000,1105.310100,-2.695100,4.899900,1
1103.735000,1109.830000,1109.830000,1101.330000,6.095000,8.500000,1
1091.569900,1102.510000,1110.150000,1091.569900,10.940100,18.580100,1
1085.730000,1079.665000,1094.210000,1077.200000,-6.065000,17.010000,2
1112.231000,1085.960000,1115.970000,1085.189900,-26.271000,30.780100,1
1096.795000,1112.000000,1112.000000,1093.325000,15.205000,18.675000,2
1098.069900,1094.035000,1098.069900,1088.300000,-4.034900,9.769900,1
1094.230000,1097.420000,1100.730000,1092.791000,3.190000,7.939000,1
1088.990000,1094.064900,1094.325000,1087.760000,5.074900,6.565000,1
1086.260000,1088.410000,1088.550000,1081.330000,2.150000,7.220000,2
1096.689900,1084.810100,1099.750000,1084.810100,-11.879800,14.939900,2
1097.755000,1096.600000,1097.939900,1092.000000,-1.155000,5.939900,1
1095.620000,1097.210000,1105.140000,1095.620000,1.590000,9.520000,2
1103.000000,1097.270000,1103.000000,1096.810100,-5.730000,6.189900,1
1102.000000,1103.100000,1108.810100,1101.500000,1.100000,7.310100,2
1106.380000,1101.980000,1106.710000,1100.000000,-4.400000,6.710000,1
1104.890000,1107.520000,1107.520000,1100.757700,2.630000,6.762300,2
1106.640000,1103.300000,1106.640000,1098.810100,-3.340000,7.829900,2
1107.331800,1105.880000,1109.666600,1105.680100,-1.451800,3.986500,1
1105.370000,1109.120000,1109.840000,1103.500000,3.750000,6.340000,1
1100.935100,1104.590000,1105.050000,1099.460000,3.654900,5.590000,1
1100.460000,1100.990000,1107.439900,1099.235000,0.530000,8.204900,1
1099.090000,1100.400000,1101.435100,1096.810100,1.310000,4.625000,1
1083.270000,1098.310100,1098.310100,1082.910000,15.040100,15.400100,2
1087.700000,1082.000000,1091.780000,1078.876500,-5.700000,12.903500,2
1094.980000,1086.830000,1094.980000,1084.890000,-8.150000,10.090000,2
1102.030000,1093.580000,1107.160000,1093.580000,-8.450000,13.580000,1
1097.660000,1099.800000,1108.913900,1096.810100,2.140000,12.103800,1
1091.030000,1095.860000,1099.420000,1089.280000,4.830000,10.140000,2
1112.310100,1121.700000,1122.711500,1112.310100,9.389900,10.401400,2
1117.960000,1112.620000,1120.500000,1112.620000,-5.340000,7.880000,1
1115.350000,1118.110000,1119.650000,1114.630000,2.760000,5.020000,1
1110.989000,1115.000000,1115.500000,1109.118200,4.011000,6.381800,2
1113.985000,1109.140000,1115.960000,1109.140000,-4.845000,6.820000,1
1113.700000,1113.819900,1118.590000,1112.725000,0.119900,5.865000,2
1114.189900,1113.630000,1115.610000,1112.540000,-0.559900,3.070000,1
1111.944900,1115.120000,1115.930100,1111.260000,3.175100,4.670100,1
1107.150000,1111.580000,1113.420000,1106.730000,4.430000,6.690000,1
1105.420000,1105.590000,1106.439000,1103.160000,0.170000,3.279000,1
1105.130000,1105.040000,1105.130000,1101.010000,-0.090000,4.120000,1
1101.619600,1104.350000,1104.600000,1099.740000,2.730400,4.860000,1
1095.530000,1101.030000,1102.819900,1095.530000,5.500000,7.289900,2
1104.929900,1095.819900,1106.000000,1095.025000,-9.110000,10.975000,2
1107.370000,1104.350000,1110.520000,1102.410000,-3.020000,8.110000,1
1107.310100,1109.160000,1110.000000,1105.005000,1.849900,4.995000,2
1108.279700,1106.850000,1108.279700,1102.071900,-1.429700,6.207800,2
1109.950000,1105.920000,1111.140000,1105.920000,-4.030000,5.220000,1
1103.380000,1108.010000,1108.240000,1102.215000,4.630000,6.025000,2
1108.670000,1103.595000,1108.670000,1102.860000,-5.075000,5.810000,1
1104.990000,1108.630000,1108.630000,1104.580000,3.640000,4.050000,2
1110.430100,1106.720000,1111.960000,1105.120000,-3.710100,6.840000,2
1113.630000,1111.770000,1114.835000,1109.540000,-1.860000,5.295000,2
1116.590000,1113.069900,1117.410000,1110.950000,-3.520100,6.460000,2
1118.200000,1116.069900,1118.600000,1113.540000,-2.130100,5.060000,2
1120.550000,1119.120000,1125.730000,1116.330000,-1.430000,9.400000,1
1108.225000,1117.900000,1121.450000,1107.000100,9.675000,14.449900,1
1107.000000,1111.490000,1113.180100,1107.000000,4.490000,6.180100,1
1100.410000,1106.740000,1107.000000,1100.410000,6.330000,6.590000,2
1105.780000,1100.335000,1106.180100,1098.511700,-5.445000,7.668400,1
1104.735000,1105.160000,1107.950000,1104.185100,0.425000,3.764900,2
1110.819900,1105.000000,1111.275000,1104.760000,-5.819900,6.515000,2
1117.560100,1111.235000,1117.944800,1110.290000,-6.325100,7.654800,2
1119.970000,1118.064900,1121.317300,1117.795000,-1.905100,3.522300,1
1114.790000,1120.180100,1120.180100,1114.790000,5.390100,5.390100,1
1108.400300,1114.500000,1115.120000,1107.420000,6.099700,7.700000,1
1105.885000,1108.865000,1108.865000,1105.885000,2.980000,2.980000,2
1109.125700,1105.450000,1109.510000,1104.995000,-3.675700,4.515000,2
1111.150000,1109.069900,1113.215000,1108.150000,-2.080100,5.065000,1
1110.500000,1111.110000,1111.520000,1109.939900,0.610000,1.580100,2
1111.855000,1111.050000,1112.850000,1110.000000,-0.805000,2.850000,1
1108.645000,1112.819900,1112.819900,1107.235000,4.174900,5.584900,2
1112.300000,1107.855000,1113.740000,1107.855000,-4.445000,5.885000,2
1115.120000,1112.694900,1116.569900,1112.694900,-2.425100,3.875000,1
1108.990000,1115.495400,1115.495400,1108.990000,6.505400,6.505400,1
1107.930100,1108.630000,1110.500000,1106.170000,0.699900,4.330000,2
1110.150000,1106.230000,1110.150000,1105.950000,-3.920000,4.200000,2
1111.350000,1110.740000,1114.450000,1110.210000,-0.610000,4.240000,1
1108.510000,1113.090000,1115.000000,1108.510000,4.580000,6.490000,1
1107.819900,1109.080000,1110.220000,1106.220000,1.260100,4.000000,1
1107.370000,1107.030000,1108.710000,1104.291600,-0.340000,4.418400,1
1101.689900,1106.560100,1107.740000,1101.689900,4.870200,6.050100,2
1122.010000,1113.480000,1123.390000,1113.480000,-8.530000,9.910000,2
1128.200000,1122.000000,1128.200000,1119.450000,-6.200000,8.750000,1
1124.413200,1128.645000,1128.645000,1124.413200,4.231800,4.231800,1
1118.120000,1124.768200,1125.260000,1118.010000,6.648200,7.250000,2
1120.880000,1118.560100,1120.900000,1114.800000,-2.319900,6.100000,2
1123.675000,1120.922900,1124.300000,1120.200000,-2.752100,4.100000,2
1127.335000,1123.920000,1127.335000,1122.360000,-3.415000,4.975000,2
1130.730000,1127.420000,1130.730000,1126.750000,-3.310000,3.980000,1
1128.120000,1130.400000,1131.140000,1127.540000,2.280000,3.600000,1
1128.000000,1128.135000,1128.780000,1126.530000,0.135000,2.250000,1
1126.400000,1128.505000,1129.180100,1126.335000,2.105000,2.845100,2
1127.010000,1127.130000,1127.725000,1125.660000,0.120000,2.065000,2
1128.112900,1126.655000,1128.300000,1126.569900,-1.457900,1.730100,2
1129.569900,1128.100000,1129.569900,1127.280000,-1.469900,2.289900,1
1128.840000,1129.756200,1130.600700,1128.640000,0.916200,1.960700,2
1128.900000,1129.100000,1130.560100,1128.350000,0.200000,2.210100,2
1130.230000,1129.180100,1130.540000,1128.840000,-1.049900,1.700000,1
1127.939900,1129.650000,1130.060100,1127.350000,1.710100,2.710100,2
1129.675000,1128.360000,1131.040000,1128.090000,-1.315000,2.950000,1
1129.240000,1128.980000,1129.280000,1126.780000,-0.260000,2.500000,1
1128.560100,1130.000000,1130.000000,1127.970000,1.439900,2.030000,1
1127.890000,1128.200000,1129.694900,1126.650000,0.310000,3.044900,2
1130.100000,1127.930100,1130.540000,1126.880000,-2.169900,3.660000,2
1131.680100,1130.069900,1131.680100,1128.920000,-1.610200,2.760100,2
1135.000000,1131.810100,1135.000000,1129.860000,-3.189900,5.140000,1
1133.500000,1135.400000,1136.250000,1133.150000,1.900000,3.100000,1
1126.047000,1140.000000,1140.600000,1120.540000,13.953000,20.060000,1
1121.000000,1126.615000,1126.660000,1121.000000,5.615000,5.660000,1
1115.868800,1120.010000,1122.290000,1115.868800,4.141200,6.421200,2
1119.790000,1117.990000,1120.439900,1116.670000,-1.800000,3.769900,1
1116.750000,1120.205000,1122.350000,1114.920000,3.455000,7.430000,2
1120.780000,1116.860000,1121.450000,1114.000000,-3.920000,7.450000,2
1122.300000,1120.610000,1123.020000,1116.590000,-1.690000,6.430000,2
1124.430100,1121.910000,1125.850000,1121.140000,-2.520100,4.710000,2
1125.090900,1124.620000,1126.250000,1120.060100,-0.470900,6.189900,2
1126.100000,1125.950000,1127.100000,1123.730300,-0.150000,3.369700,1
1124.750000,1125.640000,1125.840000,1123.080000,0.890000,2.760000,1
1123.501100,1125.340000,1127.037800,1123.501100,1.838900,3.536700,2
1124.210000,1124.600000,1127.000000,1123.099000,0.390000,3.901000,2
1125.010000,1124.510000,1125.700000,1121.600000,-0.500000,4.100000,2
1129.769900,1125.880000,1131.069900,1125.145000,-3.889900,5.924900,1
1127.245000,1128.830000,1129.310100,1126.744000,1.585000,2.566100,2
1128.980000,1127.410000,1129.939900,1126.010000,-1.570000,3.929900,1
1126.060100,1128.740000,1128.930100,1125.420000,2.679900,3.510100,1
1124.100000,1125.630000,1128.090000,1124.100000,1.530000,3.990000,1
1119.069900,1123.400000,1123.441200,1118.660000,4.330100,4.781200,2
1125.640000,1118.330000,1125.640000,1118.330000,-7.310000,7.310000,2
1127.370000,1124.880000,1128.710000,1124.370000,-2.490000,4.340000,2
1128.675000,1126.780000,1129.189900,1125.850000,-1.895000,3.339900,2
1128.755000,1127.760000,1128.793900,1125.120000,-0.995000,3.673900,1
1125.569900,1127.780000,1129.010000,1124.915000,2.210100,4.095000,2
1126.610000,1124.730000,1128.160000,1124.360000,-1.880000,3.800000,1
1117.436600,1131.720000,1131.720000,1114.213600,14.283400,17.506400,1
1114.000000,1117.416600,1118.461100,1113.660000,3.416600,4.801100,1
1111.470000,1112.280800,1116.480000,1110.810100,0.810800,5.669900,2
1111.540000,1112.590000,1114.100000,1110.915000,1.050000,3.185000,2
1114.335000,1111.430100,1115.810100,1111.314900,-2.904900,4.495200,2
1115.660000,1115.245000,1117.630000,1114.780000,-0.415000,2.850000,1
1108.720000,1115.510000,1115.870000,1108.720000,6.790000,7.150000,1
1105.689900,1109.290000,1110.910000,1104.920000,3.600100,5.990000,1
1099.000000,1105.925000,1106.160000,1099.000000,6.925000,7.160000,1
1098.110000,1098.855000,1098.855000,1092.500000,0.745000,6.355000,2
1098.450000,1097.420000,1100.960000,1094.990000,-1.030000,5.970000,2
1100.930100,1097.819900,1101.560100,1095.050000,-3.110200,6.510100,2
1102.530000,1100.689900,1104.500000,1100.100000,-1.840100,4.400000,1
1098.230000,1103.030000,1103.030000,1098.020000,4.800000,5.010000,1
1094.454000,1098.240000,1098.680100,1093.970000,3.786000,4.710100,1
1088.575000,1094.290000,1094.420000,1086.340000,5.715000,8.080000,2
1089.020000,1089.700000,1090.800000,1087.920000,0.680000,2.880000,2
1091.319900,1090.421500,1092.295800,1086.685100,-0.898400,5.610700,2
1094.861600,1091.650000,1097.213300,1091.319900,-3.211600,5.893400,2
1098.069900,1094.380000,1098.500000,1092.980000,-3.689900,5.520000,2
1099.700000,1097.829000,1099.700000,1096.240000,-1.871000,3.460000,2
1100.850000,1100.380000,1102.495000,1099.090000,-0.470000,3.405000,1
1095.830000,1101.600000,1101.600000,1095.830000,5.770000,5.770000,2
1099.790000,1096.380000,1100.950000,1096.050000,-3.410000,4.900000,1
1097.687500,1099.200000,1100.044700,1096.270000,1.512500,3.774700,2
1097.939900,1097.460000,1099.230000,1095.000000,-0.479900,4.230000,2
1113.000000,1105.350000,1115.270000,1104.020000,-7.650000,11.250000,2
1115.130000,1114.060100,1117.520000,1111.480000,-1.069900,6.040000,2
1116.550000,1117.000000,1120.000000,1115.095000,0.450000,4.905000,1
1112.765000,1116.732200,1117.500000,1112.765000,3.967200,4.735000,1
1110.055100,1112.785000,1115.825000,1109.795000,2.729900,6.030000,1
1109.340000,1111.150000,1111.150000,1106.780000,1.810000,4.370000,2
1110.495000,1110.319900,1111.939900,1109.180100,-0.175100,2.759800,1
1107.480000,1109.990000,1111.630000,1106.800000,2.510000,4.830000,1
1105.400000,1106.230000,1108.040000,1104.620000,0.830000,3.420000,2
1108.895000,1106.460000,1109.620000,1104.150000,-2.435000,5.470000,1
1108.500000,1109.310100,1110.100000,1107.460000,0.810100,2.640000,1
1102.490000,1108.150000,1109.135000,1101.580000,5.660000,7.555000,1
1101.833300,1102.150000,1102.390000,1098.600000,0.316700,3.790000,2
1107.130000,1101.580000,1107.750000,1101.580000,-5.550000,6.170000,2
1108.540000,1106.000000,1108.540000,1103.230000,-2.540000,5.310000,2
1109.439900,1107.819900,1110.312300,1107.819900,-1.620000,2.492400,1
1107.990000,1109.540000,1111.689900,1107.650000,1.550000,4.039900,1
1105.010000,1108.050000,1109.370000,1105.010000,3.040000,4.360000,1
1100.130000,1104.439900,1104.584400,1097.319900,4.309900,7.264500,2
1102.500000,1100.550000,1104.435100,1098.000000,-1.950000,6.435100,1
1102.240000,1101.963600,1102.540000,1100.676000,-0.276400,1.864000,2
1102.350000,1102.250000,1105.125000,1101.849000,-0.100000,3.276000,2
1102.400000,1103.319900,1103.340000,1100.901600,0.919900,2.438400,2
1108.110000,1102.770000,1108.110000,1101.358200,-5.340000,6.751800,1
1107.420000,1107.069900,1109.280000,1105.800000,-0.350100,3.480000,1
1105.200000,1107.720000,1109.120000,1104.275000,2.520000,4.845000,2
1110.491100,1113.444900,1121.630000,1108.202800,2.953800,13.427200,1
1106.270000,1110.319900,1114.900000,1103.800000,4.049900,11.100000,2
1107.537500,1105.578700,1109.589400,1102.295000,-1.958800,7.294400,1
1102.810100,1107.117600,1107.117600,1101.415000,4.307500,5.702600,2
1112.000000,1101.500000,1112.490000,1100.550000,-10.500000,11.940000,2
1118.090000,1112.380000,1119.000000,1110.970000,-5.710000,8.030000,1
1114.909900,1116.990000,1119.319900,1112.390000,2.080100,6.929900,1
1113.439900,1115.740000,1117.348800,1113.319900,2.300100,4.028900,1
1110.870000,1113.790000,1114.611200,1109.016700,2.920000,5.594500,2
1112.100000,1111.020000,1113.050000,1108.910000,-1.080000,4.140000,1
1110.370000,1111.220000,1115.640000,1110.370000,0.850000,5.270000,2
1111.740000,1109.740000,1112.230000,1109.740000,-2.000000,2.490000,2
1114.540000,1113.050000,1115.240000,1111.330000,-1.490000,3.910000,1
1114.439900,1115.420000,1115.420000,1112.530000,0.980100,2.890000,2
1115.319900,1114.010000,1117.040000,1113.330000,-1.309900,3.710000,1
1113.430100,1114.319900,1115.890000,1111.760000,0.889800,4.130000,2
1114.130000,1113.250000,1114.990000,1112.562700,-0.880000,2.427300,1
1110.560100,1114.200000,1114.420000,1110.480000,3.639900,3.940000,2
1113.240000,1111.053300,1115.000000,1111.053300,-2.186700,3.946700,1
1110.770000,1112.650000,1113.520000,1110.770000,1.880000,2.750000,2
1112.080000,1110.500000,1114.000000,1110.500000,-1.580000,3.500000,2
1114.141800,1112.550000,1114.998400,1112.420000,-1.591800,2.578400,2
1116.710000,1113.740000,1116.910000,1113.740000,-2.970000,3.170000,2
1117.515000,1116.910000,1117.515000,1114.819900,-0.605000,2.695100,1
1115.750000,1116.590000,1119.689900,1115.000000,0.840000,4.689900,1
1112.140000,1115.330000,1116.790000,1110.680100,3.190000,6.109900,1
1094.305100,1093.620000,1098.000000,1088.910000,-0.685100,9.090000,1
1091.420000,1091.570100,1097.180100,1089.970000,0.150100,7.210100,1
1079.439900,1090.370000,1090.725000,1079.439900,10.930100,11.285100,2
1086.960000,1081.050000,1088.125000,1079.819900,-5.910000,8.305100,2
1087.020000,1085.980000,1088.180100,1084.192500,-1.040000,3.987600,2
1088.430100,1087.060100,1091.970000,1086.960000,-1.370000,5.010000,2
1093.340000,1088.110000,1093.860000,1086.180100,-5.230000,7.679900,2
1095.089800,1093.300000,1098.000000,1092.935100,-1.789800,5.064900,1
1093.545000,1094.830000,1095.550000,1090.960000,1.285000,4.590000,1
1089.990000,1093.622200,1095.760000,1089.130000,3.632200,6.630000,2
1097.310100,1090.390000,1098.000000,1089.970000,-6.920100,8.030000,2
1098.500000,1096.160000,1099.569900,1094.470000,-2.340000,5.099900,2
1103.870000,1099.290000,1104.500000,1098.155000,-4.580000,6.345000,1
1100.355300,1102.640000,1103.340000,1099.490000,2.284700,3.850000,2
1106.920000,1100.700000,1107.620000,1100.700000,-6.220000,6.920000,1
1103.660000,1106.908400,1106.908400,1103.620000,3.248400,3.288400,1
1099.210000,1105.569900,1105.569900,1097.650000,6.359900,7.919900,1
1098.435100,1097.850000,1099.900000,1096.890000,-0.585100,3.010000,2
1103.069900,1098.770000,1104.300000,1097.375000,-4.299900,6.925000,2
1109.790000,1104.500000,1110.860000,1104.030000,-5.290000,6.830000,2
1113.620000,1111.300000,1114.380000,1111.010000,-2.320000,3.370000,2
1116.540000,1112.850000,1116.810100,1111.790000,-3.690000,5.020100,1
1113.540000,1115.430100,1118.000000,1112.240000,1.890100,5.760000,2
1114.975000,1112.510000,1117.280000,1112.510000,-2.465000,4.770000,1
1112.390000,1114.437100,1115.750000,1111.240000,2.047100,4.510000,2
1115.500000,1111.880000,1115.910000,1111.510000,-3.620000,4.400000,1
1110.000000,1115.100000,1116.470000,1108.194900,5.100000,8.275100,1
1104.270000,1110.130000,1111.550000,1103.819900,5.860000,7.730100,2
1105.870000,1103.920000,1108.410000,1101.220000,-1.950000,7.190000,2
1105.939900,1105.000000,1107.080000,1104.145000,-0.939900,2.935000,2
1108.140000,1104.990500,1113.410000,1104.990500,-3.149500,8.419500,1
1106.360000,1107.710000,1108.400000,1106.280000,1.350000,2.120000,1
1099.870000,1106.380000,1107.150000,1098.850000,6.510000,8.300000,1
1099.405000,1101.370000,1102.000000,1098.750000,1.965000,3.250000,1
1098.380000,1097.900000,1099.580000,1096.020000,-0.480000,3.560000,2
1106.970000,1099.650000,1107.319900,1099.650000,-7.320000,7.669900,1
1103.780000,1106.400000,1106.560100,1101.500000,2.620000,5.060100,1
1100.670000,1104.189900,1105.020000,1099.340000,3.519900,5.680000,1
1097.740000,1100.880000,1100.880000,1096.060100,3.140000,4.819900,2
1100.620000,1097.650000,1101.530000,1097.300000,-2.970000,4.230000,1
1093.930100,1099.810100,1100.000000,1091.700000,5.880000,8.300000,1
1093.470000,1093.720000,1097.710000,1091.230000,0.250000,6.480000,1
1092.145000,1093.620000,1095.175000,1090.670000,1.475000,4.505000,1
1087.470000,1093.814900,1093.814900,1087.000000,6.344900,6.814900,1
1086.430100,1088.250000,1088.630000,1082.150000,1.819900,6.480000,2
1087.410000,1086.790000,1088.990000,1084.135000,-0.620000,4.855000,1
1084.520000,1087.450000,1088.000000,1084.520000,2.930000,3.480000,1
1077.310100,1083.590000,1083.770000,1077.310100,6.279900,6.459900,1
1071.110000,1077.000000,1077.000000,1069.437700,5.890000,7.562300,1
1064.540000,1069.810100,1072.391400,1064.540000,5.270100,7.851400,2
1064.660000,1065.380000,1067.740000,1063.771600,0.720000,3.968400,1
1056.930100,1064.490000,1065.290000,1055.335000,7.559900,9.955000,2
1085.411600,1079.300000,1087.120000,1075.545000,-6.111600,11.575000,2
1094.000000,1085.689900,1094.000000,1081.965000,-8.310100,12.035000,1
1093.895000,1094.200000,1100.000000,1093.620000,0.305000,6.380000,2
1095.490000,1094.705600,1095.490000,1088.210000,-0.784400,7.280000,2
1099.980000,1096.610000,1101.490000,1095.510000,-3.370000,5.980000,1
1095.750000,1099.310100,1100.435100,1095.750000,3.560100,4.685100,1
1093.430100,1096.770000,1098.430100,1091.295000,3.339900,7.135100,2
1103.170000,1093.535000,1104.245000,1092.970000,-9.635000,11.275000,1
1100.120000,1103.720000,1105.000000,1099.010000,3.600000,5.990000,2
1104.650000,1101.130000,1106.430100,1100.870000,-3.520000,5.560100,1
1099.700000,1104.290000,1104.290000,1098.210000,4.590000,6.080000,1
1094.610000,1099.819900,1099.819900,1094.010000,5.209900,5.809900,2
1096.610000,1094.630000,1097.745000,1094.534400,-1.980000,3.210600,2
1096.630000,1096.410000,1098.615400,1096.410000,-0.220000,2.205400,1
1093.600000,1098.000000,1098.000000,1092.650000,4.400000,5.350000,2
1096.910000,1094.060100,1097.100000,1092.890000,-2.849900,4.210000,2
1101.980000,1096.540000,1103.650000,1095.900000,-5.440000,7.750000,2
1102.580000,1103.010000,1103.189900,1099.660000,0.430000,3.529900,2
1108.500000,1102.765000,1108.540000,1101.110000,-5.735000,7.430000,2
1112.120000,1109.090000,1113.000000,1107.319900,-3.030000,5.680100,2
1116.260000,1111.810100,1117.010000,1111.395000,-4.449900,5.615000,1
1113.864700,1116.340000,1117.750000,1113.715000,2.475300,4.035000,2
1114.590000,1114.210000,1115.760000,1111.500000,-0.380000,4.260000,2
1114.710000,1114.530000,1115.880000,1112.530000,-0.180000,3.350000,1
1112.819900,1115.420000,1116.240000,1111.210000,2.600100,5.030000,1
1103.580000,1112.450000,1114.380000,1103.390000,8.870000,10.990000,1
1075.005000,1050.000000,1078.990000,1049.059200,-25.005000,29.930800,1
1067.770000,1075.280000,1081.680100,1067.020000,7.510000,14.660100,1
1049.850000,1068.470000,1068.470000,1046.330000,18.620000,22.140000,2
1055.180100,1048.500000,1061.939900,1047.400000,-6.680100,14.539900,1
1046.894000,1053.220000,1053.680100,1043.220000,6.326000,10.460100,2
1047.340000,1044.925000,1050.000000,1042.450000,-2.415000,7.550000,2
1058.470000,1046.590000,1058.944900,1046.360000,-11.880000,12.584900,2
1069.580000,1060.490000,1071.580000,1059.360000,-9.090000,12.220000,1
1068.900000,1071.170000,1075.005000,1066.420000,2.270000,8.585000,2
1070.939900,1068.530000,1074.740000,1068.030000,-2.409900,6.710000,2
1075.485000,1070.100000,1078.590000,1070.100000,-5.385000,8.490000,2
1079.485000,1076.500000,1083.130000,1075.100000,-2.985000,8.030000,2
1092.100000,1080.000000,1092.100000,1077.793600,-12.100000,14.306400,2
1096.085000,1092.505000,1102.460000,1092.505000,-3.580000,9.955000,2
1111.390000,1097.740000,1116.640000,1097.740000,-13.650000,18.900000,1
1096.040000,1111.431600,1111.990000,1095.760000,15.391600,16.230000,1
1091.860000,1095.025000,1095.025000,1087.730000,3.165000,7.295000,2
1092.050000,1090.689900,1094.000000,1087.980000,-1.360100,6.020000,1
1074.080000,1092.740000,1093.730000,1072.870000,18.660000,20.860000,2
1080.400000,1076.110000,1084.030000,1074.435100,-4.290000,9.594900,1
1077.620000,1081.000000,1083.380000,1077.439900,3.380000,5.940100,1
1067.260000,1078.569900,1078.590000,1067.260000,11.309900,11.330000,2
1072.100000,1067.600000,1074.689900,1065.000000,-4.500000,9.689900,2
1075.960000,1072.470000,1079.870000,1071.615000,-3.490000,8.255000,1
1071.705000,1074.319900,1078.319900,1067.620000,2.614900,10.699900,2
