749.380000,786.280000,791.430000,736.260000,36.900000,55.170000,-1,0.000000,0.000000
730.030000,744.590000,745.240000,722.600100,14.560000,22.639900,-1,0.000000,0.000000
703.760000,725.500000,726.720000,700.140000,21.740000,26.580000,1,0.000000,0.000000
704.160000,687.680000,704.520000,682.010000,-16.480000,22.510000,-1,0.000000,0.000000
701.020000,692.950000,720.960000,688.500000,-8.070000,32.460000,1,0.000000,0.000000
706.850000,711.790000,723.220000,705.390000,4.940000,17.830000,-1,0.000000,0.000000
706.360000,696.340000,712.315000,691.190000,-10.020000,21.125000,1,0.000000,0.000000
706.890000,712.210000,716.000000,701.580000,5.320000,14.420000,1,0.000000,0.000000
717.640000,718.650000,722.878900,710.180000,1.010000,12.698900,1,0.000000,0.000000
731.970000,727.000000,733.760000,716.610000,-4.970000,17.150000,-1,0.000000,0.000000
717.510000,733.960000,736.000000,715.550000,16.450000,20.450000,1,0.000000,0.000000
722.110000,715.900000,724.030000,713.120000,-6.210000,10.910000,1,0.000000,0.000000
729.050000,729.510000,734.845000,723.450000,0.460000,11.395000,-1,0.000000,0.000000
717.290000,726.100000,730.900000,715.670000,8.810000,15.230000,1,0.000000,0.000000
720.900000,710.610000,721.220000,702.020000,-10.290000,19.200000,1,0.000000,0.000000
729.120000,722.930000,729.510000,713.230000,-6.190000,16.280000,-1,0.000000,0.000000
724.860000,733.600000,736.160000,721.939200,8.740000,14.220800,-1,0.000000,0.000000
717.220000,721.000000,730.600000,716.840000,3.780000,13.760000,1,0.000000,0.000000
742.170000,721.300000,742.330000,718.640000,-20.870000,23.690000,-1,0.000000,0.000000
739.480000,742.870000,743.121000,733.250000,3.390000,9.871000,-1,0.000000,0.000000
731.590000,739.480000,741.000000,729.630000,7.890000,11.370000,-1,0.000000,0.000000
730.220000,734.800000,735.000000,725.620000,4.580000,9.380000,-1,0.000000,0.000000
712.800000,725.150000,727.210000,705.140000,12.350000,22.070000,1,0.000000,0.000000
713.530000,708.390000,722.250000,704.000000,-5.140000,18.250000,1,0.000000,0.000000
725.410000,715.165000,726.240000,712.660000,-10.245000,13.580000,1,0.000000,0.000000
732.170000,727.790000,736.540000,723.290000,-4.380000,13.250000,1,0.000000,0.000000
744.870000,739.950000,744.900000,736.700000,-4.920000,8.200000,1,0.000000,0.000000
750.240000,744.970000,754.260000,743.662500,-5.270000,10.597500,1,0.000000,0.000000
750.570000,746.020000,753.010000,742.840000,-4.550000,10.170000,1,0.000000,0.000000
757.360000,749.050000,759.000000,746.500000,-8.310000,12.500000,1,0.000000,0.000000
758.480000,757.650000,765.340000,757.360000,-0.830000,7.980000,-1,0.000000,0.000000
755.410000,761.630000,762.140000,751.820000,6.220000,10.320000,1,0.000000,0.000000
762.160000,753.910000,763.340000,751.270000,-8.250000,12.070000,-1,0.000000,0.000000
760.050000,758.440000,765.000000,757.875000,-1.610000,7.125000,-1,0.000000,0.000000
757.560000,763.350000,765.390000,756.030000,5.790000,9.360000,-1,0.000000,0.000000
754.840000,751.200000,757.555000,750.500000,-3.640000,7.055000,-1,0.000000,0.000000
753.280000,756.170000,758.300000,752.040000,2.890000,6.260000,1,0.000000,0.000000
765.890000,753.680000,767.180000,748.290000,-12.210000,18.890000,1,0.000000,0.000000
768.340000,768.210000,777.310000,767.580000,-0.130000,9.730000,-1,0.000000,0.000000
762.900000,768.340000,769.084200,758.250000,5.440000,10.834200,1,0.000000,0.000000
769.670000,757.160000,770.040000,755.200000,-12.510000,14.840000,-1,0.000000,0.000000
765.120000,769.510000,772.440000,761.785000,4.390000,10.655000,-1,0.000000,0.000000
758.570000,758.130000,762.870000,755.600000,-0.440000,7.270000,1,0.000000,0.000000
768.070000,757.840000,768.420000,756.300000,-10.230000,12.120000,-1,0.000000,0.000000
760.120000,765.320000,769.360000,757.500000,5.200000,11.860000,-1,0.000000,0.000000
759.470000,765.870000,767.130000,755.770000,6.400000,11.360000,-1,0.000000,0.000000
757.540000,765.450000,767.220000,757.340000,7.910000,9.880000,1,0.000000,0.000000
764.320000,758.430000,764.920000,751.565000,-5.890000,13.355000,1,0.000000,0.000000
771.910000,770.310000,775.750000,764.590800,-1.600000,11.159200,1,0.000000,0.000000
775.390000,775.360000,779.610000,773.220000,-0.030000,6.390000,1,0.000000,0.000000
780.000000,775.500000,780.930000,774.930100,-4.500000,5.999900,1,0.000000,0.000000
787.680000,780.190000,788.550000,777.610000,-7.490000,10.940000,-1,0.000000,0.000000
776.250000,790.500000,790.950000,770.270000,14.250000,20.680000,-1,0.000000,0.000000
774.920000,779.160000,779.660000,771.270000,4.240000,8.390000,1,0.000000,0.000000
780.000000,777.310000,781.679900,771.550000,-2.690000,10.129900,-1,0.000000,0.000000
737.770000,743.910000,753.920000,730.370000,6.140000,23.550000,1,0.000000,0.000000
742.210000,735.350000,744.880000,735.100000,-6.860000,9.780000,-1,0.000000,0.000000
725.370000,744.420000,745.590000,720.320000,19.050000,25.270000,-1,0.000000,0.000000
721.460000,725.320000,727.150000,709.080000,3.860000,18.070000,-1,0.000000,0.000000
705.060000,723.290000,729.260000,703.200000,18.230000,26.060000,1,0.000000,0.000000
707.880000,704.120000,712.110000,703.780000,-3.760000,8.330000,1,0.000000,0.000000
714.410000,711.920000,715.410000,706.360000,-2.490000,9.050000,-1,0.000000,0.000000
708.440000,712.500000,713.370000,707.330000,4.060000,6.040000,1,0.000000,0.000000
711.370000,706.770000,715.050000,704.050000,-4.600000,11.000000,1,0.000000,0.000000
714.710000,715.000000,717.550000,709.450100,0.290000,8.099900,1,0.000000,0.000000
725.180000,712.200000,725.990000,711.950000,-12.980000,14.040000,1,0.000000,0.000000
729.130000,726.700000,734.290000,723.500000,-2.430000,10.790000,1,0.000000,0.000000
739.380000,734.960000,740.000000,731.610000,-4.420000,8.390000,-1,0.000000,0.000000
730.550000,740.520000,740.800000,727.902500,9.970000,12.897500,-1,0.000000,0.000000
728.070000,732.000000,735.370000,724.270000,3.930000,11.100000,-1,0.000000,0.000000
724.830000,726.620000,731.290000,723.510000,1.790000,7.780000,1,0.000000,0.000000
730.300000,724.320000,732.680000,720.000000,-5.980000,12.680000,-1,0.000000,0.000000
720.190000,731.060000,735.850000,718.000000,10.870000,17.850000,1,0.000000,0.000000
721.780000,718.500000,725.570000,715.020000,-3.280000,10.550000,-1,0.000000,0.000000
715.310000,718.300000,720.500000,710.305000,2.990000,10.195000,1,0.000000,0.000000
721.710000,716.460000,727.700000,715.010000,-5.250000,12.690000,-1,0.000000,0.000000
717.250000,719.980000,723.499900,716.940000,2.730000,6.559900,1,0.000000,0.000000
733.030000,719.850000,734.200000,719.645000,-13.180000,14.555000,1,0.000000,0.000000
738.100000,735.000000,739.890000,732.600000,-3.100000,7.290000,-1,0.000000,0.000000
736.930000,736.000000,741.100000,733.000000,-0.930000,8.100000,1,0.000000,0.000000
747.600000,737.510000,747.910000,737.010000,-10.090000,10.900000,1,0.000000,0.000000
748.850000,748.760000,753.480000,745.570000,-0.090000,7.910000,-1,0.000000,0.000000
748.460000,748.470000,751.370000,744.340000,0.010000,7.030000,-1,0.000000,0.000000
744.270000,746.100000,747.300000,737.000000,1.830000,10.300000,-1,0.000000,0.000000
735.860000,741.490000,741.490000,733.910000,5.630000,7.580000,-1,0.000000,0.000000
730.060000,738.500000,738.500000,728.290000,8.440000,10.210000,1,0.000000,0.000000
731.090000,733.270000,736.710000,730.800000,2.180000,5.910000,1,0.000000,0.000000
742.930000,739.500000,743.810000,735.765000,-3.430000,8.045000,-1,0.000000,0.000000
742.520000,737.070000,743.930000,736.500000,-5.450000,7.430000,-1,0.000000,0.000000
733.190000,735.950000,739.640000,730.510000,2.760000,9.130000,-1,0.000000,0.000000
731.880000,729.820000,739.000000,729.820000,-2.060000,9.180000,1,0.000000,0.000000
733.250000,729.310000,736.000000,726.500000,-3.940000,9.500000,-1,0.000000,0.000000
732.190000,734.920000,737.150000,731.310000,2.730000,5.840000,-1,0.000000,0.000000
724.250000,727.960000,730.390000,715.540000,3.710000,14.850000,-1,0.000000,0.000000
704.250000,721.390000,721.390000,701.120000,17.140000,20.270000,1,0.000000,0.000000
706.130000,710.310000,715.870000,705.410000,4.180000,10.460000,1,0.000000,0.000000
708.880000,710.050000,715.380000,704.660000,1.170000,10.720000,1,0.000000,0.000000
710.470000,714.050000,714.210000,705.880000,3.580000,8.330000,1,0.000000,0.000000
714.870000,710.550000,714.880000,700.250000,-4.320000,14.630000,-1,0.000000,0.000000
685.200000,690.170000,705.000000,684.910000,4.970000,20.090000,-1,0.000000,0.000000
681.140000,682.490000,683.325000,672.660000,1.350000,10.665000,1,0.000000,0.000000
691.260000,691.370000,692.739900,684.850000,0.110000,7.889900,1,0.000000,0.000000
695.190000,694.260000,699.500000,692.683400,-0.930000,6.816600,1,0.000000,0.000000
703.530000,697.650000,703.770000,694.901500,-5.880000,8.868500,1,0.000000,0.000000
710.250000,705.100000,712.530000,703.730000,-5.150000,8.800000,-1,0.000000,0.000000
704.890000,705.010000,708.120000,699.130000,0.120000,8.990000,1,0.000000,0.000000
708.970000,699.840000,713.000000,699.000000,-9.130000,14.000000,-1,0.000000,0.000000
707.260000,710.110000,710.170000,700.670000,2.850000,9.500000,1,0.000000,0.000000
717.780000,710.560000,717.900000,708.110000,-7.220000,9.790000,1,0.000000,0.000000
727.200000,719.420000,728.928900,718.865000,-7.780000,10.063900,1,0.000000,0.000000
732.510000,731.920000,735.600000,727.500000,-0.590000,8.100000,-1,0.000000,0.000000
729.480000,735.520000,735.520000,729.020000,6.040000,6.500000,1,0.000000,0.000000
735.800000,733.940000,736.140000,730.590000,-1.860000,5.550000,-1,0.000000,0.000000
735.630000,741.000000,741.000000,734.640000,5.370000,6.360000,1,0.000000,0.000000
753.200000,737.910000,755.136900,736.510000,-15.290000,18.626900,1,0.000000,0.000000
753.410000,749.870000,756.590000,748.489000,-3.540000,8.101000,1,0.000000,0.000000
757.080000,754.050000,760.640000,754.050000,-3.030000,6.590000,-1,0.000000,0.000000
754.410000,757.000000,758.150000,751.520000,2.590000,6.630000,1,0.000000,0.000000
759.280000,757.320000,759.450000,752.655000,-1.960000,6.795000,-1,0.000000,0.000000
757.520000,757.680000,759.824900,754.070000,0.160000,5.754900,1,0.000000,0.000000
757.650000,757.520000,759.260000,752.750300,-0.130000,6.509700,1,0.000000,0.000000
761.970000,758.970000,764.450000,755.930000,-3.000000,8.520000,1,0.000000,0.000000
765.840000,768.840000,768.970000,759.090000,3.000000,9.880000,1,0.000000,0.000000
791.340000,797.710000,803.940000,790.000000,6.370000,13.940000,1,0.000000,0.000000
800.940000,786.670000,807.490000,785.040000,-14.270000,22.450000,-1,0.000000,0.000000
800.120000,797.330000,802.320000,794.530000,-2.790000,7.790000,-1,0.000000,0.000000
798.920000,796.470000,799.540000,793.020000,-2.450000,6.520000,-1,0.000000,0.000000
797.250000,798.240000,800.200000,793.920000,0.990000,6.280000,1,0.000000,0.000000
806.930000,800.110000,807.220000,797.810000,-6.820000,9.410000,-1,0.000000,0.000000
805.230000,806.000000,807.600000,801.690000,0.770000,5.910000,1,0.000000,0.000000
807.480000,804.490000,813.330000,804.060000,-2.990000,9.270000,1,0.000000,0.000000
808.490000,807.050000,810.879000,806.490000,-1.440000,4.389000,-1,0.000000,0.000000
808.200000,810.470000,813.879000,806.000000,2.270000,7.879000,-1,0.000000,0.000000
807.050000,805.090000,807.190000,803.640000,-1.960000,3.550000,-1,0.000000,0.000000
805.960000,807.210000,811.360000,804.030000,1.250000,7.330000,-1,0.000000,0.000000
801.190000,803.500000,804.260000,797.000000,2.310000,7.260000,1,0.000000,0.000000
805.420000,800.000000,805.630000,796.300000,-5.420000,9.330000,-1,0.000000,0.000000
802.750000,805.360000,808.000000,801.630000,2.610000,6.370000,-1,0.000000,0.000000
799.650000,799.790000,801.230000,796.880000,0.140000,4.350000,-1,0.000000,0.000000
796.950000,798.510000,799.300000,794.330000,1.560000,4.970000,-1,0.000000,0.000000
796.590000,800.480000,801.000000,795.990000,3.890000,5.010000,-1,0.000000,0.000000
793.600000,796.860000,798.460000,790.760000,3.260000,7.700000,-1,0.000000,0.000000
791.300000,792.000000,794.720000,787.230000,0.700000,7.490000,1,0.000000,0.000000
793.220000,792.490000,799.400000,789.406900,-0.730000,9.993100,1,0.000000,0.000000
795.820000,793.050000,798.520000,790.320000,-2.770000,8.200000,-1,0.000000,0.000000
791.920000,792.880000,798.000000,789.470000,0.960000,8.530000,-1,0.000000,0.000000
789.850000,789.600000,791.570000,787.200000,-0.250000,4.370000,1,0.000000,0.000000
791.400000,791.980000,792.890000,786.330000,0.580000,6.560000,1,0.000000,0.000000
796.870000,795.270000,797.100000,793.260000,-1.600000,3.840000,1,0.000000,0.000000
808.020000,798.390000,810.890000,795.430000,-9.630000,15.460000,-1,0.000000,0.000000
807.990000,807.930000,810.600000,803.720000,-0.060000,6.880000,-1,0.000000,0.000000
802.840000,805.220000,808.420000,801.010100,2.380000,7.409900,-1,0.000000,0.000000
788.480000,798.770000,801.750000,788.050000,10.290000,13.700000,1,0.000000,0.000000
798.820000,784.520000,800.170000,783.500000,-14.300000,16.670000,-1,0.000000,0.000000
788.720000,794.010000,795.790000,784.330000,5.290000,11.460000,1,0.000000,0.000000
790.460000,787.530000,796.330000,787.530000,-2.930000,8.800000,1,0.000000,0.000000
801.230000,790.010000,803.645000,788.660000,-11.220000,14.985000,-1,0.000000,0.000000
797.970000,799.020000,799.020000,793.620000,1.050000,5.400000,-1,0.000000,0.000000
795.390000,801.110000,803.990000,793.560000,5.720000,10.430000,1,0.000000,0.000000
799.780000,800.000000,802.750000,798.260000,0.220000,4.490000,1,0.000000,0.000000
805.030000,801.260000,805.910000,796.030000,-3.770000,9.880000,1,0.000000,0.000000
815.950000,810.000000,819.060000,807.710000,-5.950000,11.350000,-1,0.000000,0.000000
814.960000,815.140000,817.000000,812.730000,0.180000,4.270000,-1,0.000000,0.000000
802.650000,809.820000,810.080000,800.450000,7.170000,9.630000,1,0.000000,0.000000
810.730000,801.830000,813.490000,801.830000,-8.900000,11.660000,-1,0.000000,0.000000
810.060000,804.080000,810.250000,802.780300,-5.980000,7.469700,-1,0.000000,0.000000
802.640000,807.230000,813.910000,800.855000,4.590000,13.055000,1,0.000000,0.000000
804.060000,803.600000,808.090000,801.500000,-0.460000,6.590000,-1,0.000000,0.000000
800.380000,802.550000,803.540000,796.230000,2.170000,7.310000,1,0.000000,0.000000
802.790000,805.000000,806.500000,799.670000,2.210000,6.830000,-1,0.000000,0.000000
801.230000,806.000000,808.500000,800.710000,4.770000,7.790000,1,0.000000,0.000000
803.080000,804.080000,806.945000,800.510000,1.000000,6.435000,-1,0.000000,0.000000
800.710000,805.930000,805.940000,796.820000,5.220000,9.120000,1,0.000000,0.000000
814.170000,803.930000,817.380000,802.240000,-10.240000,15.140000,-1,0.000000,0.000000
809.570000,814.170000,819.860000,807.370000,4.600000,12.490000,1,0.000000,0.000000
811.770000,811.960000,814.500000,808.554500,0.190000,5.945500,-1,0.000000,0.000000
804.080000,806.070000,806.560000,798.620000,1.990000,7.940000,1,0.000000,0.000000
804.600000,807.450000,810.090000,802.320000,2.850000,7.770000,1,0.000000,0.000000
806.840000,805.990000,813.490000,803.830000,-0.850000,9.660000,1,0.000000,0.000000
821.490000,814.210000,828.810000,813.330000,-7.280000,15.480000,1,0.000000,0.000000
827.090000,824.520000,829.810000,823.205000,-2.570000,6.605000,-1,0.000000,0.000000
821.630000,827.560000,828.465000,820.550000,5.930000,7.915000,1,0.000000,0.000000
824.060000,820.000000,824.290000,818.310000,-4.060000,5.980000,1,0.000000,0.000000
835.740000,830.090000,837.940000,829.040000,-5.650000,8.900000,-1,0.000000,0.000000
828.550000,838.500000,838.500000,825.300500,9.950000,13.199500,-1,0.000000,0.000000
822.100000,827.120000,827.710000,816.350000,5.020000,11.360000,-1,0.000000,0.000000
817.350000,823.010000,826.580000,814.610000,5.660000,11.970000,1,0.000000,0.000000
819.560000,829.940000,839.000000,817.000000,10.380000,22.000000,-1,0.000000,0.000000
809.900000,822.430000,822.630000,808.000000,12.530000,14.630000,-1,0.000000,0.000000
805.480000,810.870000,813.960000,798.260000,5.390000,15.700000,-1,0.000000,0.000000
788.420000,806.760000,806.760000,785.000000,18.340000,21.760000,-1,0.000000,0.000000
782.190000,784.500000,790.000000,778.630000,2.310000,11.370000,-1,0.000000,0.000000
781.100000,771.300000,788.480000,771.004300,-9.800000,17.475700,1,0.000000,0.000000
802.030000,794.950000,805.000000,792.900000,-7.080000,12.100000,1,0.000000,0.000000
811.980000,802.030000,816.040000,799.620000,-9.950000,16.420000,-1,0.000000,0.000000
805.590000,801.830000,811.710000,792.035000,-3.760000,19.675000,-1,0.000000,0.000000
780.290000,810.000000,810.060000,768.230000,29.710000,41.830000,-1,0.000000,0.000000
771.750000,776.810000,777.290000,765.540000,5.060000,11.750000,-1,0.000000,0.000000
753.220000,771.760000,771.780000,743.590000,18.540000,28.190000,1,0.000000,0.000000
775.160000,765.470000,780.237600,765.220000,-9.690000,15.017600,1,0.000000,0.000000
779.980000,770.420000,783.500000,766.330000,-9.560000,17.170000,1,0.000000,0.000000
786.160000,782.500000,788.900000,779.850000,-3.660000,9.050000,-1,0.000000,0.000000
775.970000,787.170000,791.290000,775.350000,11.200000,15.940000,1,0.000000,0.000000
784.800000,778.100000,786.550000,776.300000,-6.700000,10.250000,1,0.000000,0.000000
785.000000,788.990000,793.770000,783.740000,3.990000,10.030000,-1,0.000000,0.000000
779.000000,789.520000,789.520000,772.650000,10.520000,16.870000,1,0.000000,0.000000
780.230000,782.610000,782.900000,778.190000,2.380000,4.710000,1,0.000000,0.000000
785.790000,778.350000,799.740000,778.100000,-7.440000,21.640000,1,0.000000,0.000000
789.440000,788.380000,796.440000,785.340000,-1.060000,11.100000,-1,0.000000,0.000000
775.880000,789.100000,791.510000,773.145000,13.220000,18.365000,-1,0.000000,0.000000
764.330000,778.550000,778.600000,753.360000,14.220000,25.240000,1,0.000000,0.000000
764.460000,761.900000,770.500000,759.000000,-2.560000,11.500000,1,0.000000,0.000000
778.220000,770.000000,780.000000,766.968600,-8.220000,13.031400,-1,0.000000,0.000000
776.180000,780.190000,785.280000,773.320000,4.010000,11.960000,1,0.000000,0.000000
791.470000,779.950000,792.000000,773.530000,-11.520000,18.470000,1,0.000000,0.000000
795.170000,792.950000,799.000000,787.905000,-2.220000,11.095000,1,0.000000,0.000000
809.450000,799.300000,809.950000,798.050000,-10.150000,11.900000,-1,0.000000,0.000000
807.900000,804.820000,811.350000,804.531100,-3.080000,6.818900,1,0.000000,0.000000
815.340000,812.390000,824.300000,811.940000,-2.950000,12.360000,1,0.000000,0.000000
817.890000,815.920000,824.260000,812.780000,-1.970000,11.480000,-1,0.000000,0.000000
815.650000,817.360000,823.000000,812.000000,1.710000,11.000000,-1,0.000000,0.000000
809.840000,818.310000,819.200000,808.120000,8.470000,11.080000,1,0.000000,0.000000
812.500000,809.280000,816.220000,804.500000,-3.220000,11.720000,1,0.000000,0.000000
815.200000,813.370000,816.490000,811.000000,-1.830000,5.490000,-1,0.000000,0.000000
812.200000,815.720000,815.720000,805.100000,3.520000,10.620000,-1,0.000000,0.000000
809.680000,809.100000,811.070000,806.030000,-0.580000,5.040000,-1,0.000000,0.000000
807.800000,808.010000,810.969600,805.110000,0.210000,5.859600,1,0.000000,0.000000
809.930000,808.680000,816.000000,805.800000,-1.250000,10.200000,-1,0.000000,0.000000
804.570000,813.330000,813.330000,802.440000,8.760000,10.890000,-1,0.000000,0.000000
802.880000,802.330000,805.750000,798.144000,-0.550000,7.606000,-1,0.000000,0.000000
792.450000,803.210000,803.285000,789.620000,10.760000,13.665000,1,0.000000,0.000000
808.010000,800.620000,811.435000,796.890000,-7.390000,14.545000,-1,0.000000,0.000000
807.770000,809.890000,813.430000,804.110000,2.120000,9.320000,1,0.000000,0.000000
813.020000,807.500000,813.740000,805.920000,-5.520000,7.820000,1,0.000000,0.000000
825.210000,814.990000,828.960000,811.500000,-10.220000,17.460000,1,0.000000,0.000000
827.180000,826.370000,830.430000,821.620000,-0.810000,8.810000,-1,0.000000,0.000000
826.010000,827.070000,829.410000,823.140000,1.060000,6.270000,1,0.000000,0.000000
829.860000,826.620000,829.900000,821.470000,-3.240000,8.430000,-1,0.000000,0.000000
829.530000,828.380000,830.380000,821.010000,-1.150000,9.370000,1,0.000000,0.000000
830.940000,831.000000,834.650000,829.520000,0.060000,5.130000,-1,0.000000,0.000000
827.460000,830.000000,830.180000,823.200100,2.540000,6.979900,1,0.000000,0.000000
829.020000,829.800000,829.810000,824.080000,0.780000,5.730000,-1,0.000000,0.000000
824.370000,829.000000,832.999900,823.960000,4.630000,9.039900,1,0.000000,0.000000
828.170000,829.090000,829.240000,824.600000,0.920000,4.640000,1,0.000000,0.000000
844.430000,831.610000,845.542800,828.700000,-12.820000,16.842800,1,0.000000,0.000000
849.530000,846.980000,851.520000,842.280000,-2.550000,9.240000,1,0.000000,0.000000
858.450000,853.550000,858.793600,849.740000,-4.900000,9.053600,-1,0.000000,0.000000
856.980000,859.050000,861.000000,850.520100,2.070000,10.479900,-1,0.000000,0.000000
845.030000,859.000000,867.000000,841.900000,13.970000,25.100000,-1,0.000000,0.000000
823.830000,837.060000,837.230000,821.030000,13.230000,16.200000,-1,0.000000,0.000000
820.190000,819.500000,823.070000,813.400000,-0.690000,9.670000,-1,0.000000,0.000000
815.240000,824.000000,824.000000,812.250000,8.760000,11.750000,1,0.000000,0.000000
818.260000,815.000000,824.560000,812.050000,-3.260000,12.510000,1,0.000000,0.000000
820.130000,823.130000,826.130000,819.350000,3.000000,6.780000,1,0.000000,0.000000
821.620000,820.920000,822.390000,814.290000,-0.700000,8.100000,1,0.000000,0.000000
829.230000,825.500000,831.920000,823.290000,-3.730000,8.630000,1,0.000000,0.000000
829.880000,830.530000,834.250000,825.110000,0.650000,9.140000,1,0.000000,0.000000
830.060000,831.730000,831.980000,826.500000,1.670000,5.480000,1,0.000000,0.000000
834.850000,832.950000,837.150000,830.510000,-1.900000,6.640000,1,0.000000,0.000000
838.960000,837.700000,841.740000,836.250000,-1.260000,5.490000,1,0.000000,0.000000
840.030000,839.770000,842.000000,835.830000,-0.260000,6.170000,-1,0.000000,0.000000
837.320000,838.810000,841.770000,836.220000,1.490000,5.550000,1,0.000000,0.000000
842.170000,838.500000,842.690000,837.260000,-3.670000,5.430000,1,0.000000,0.000000
846.550000,841.310000,846.940000,839.780000,-5.240000,7.160000,1,0.000000,0.000000
849.270000,847.990000,852.200000,846.550000,-1.280000,5.650000,1,0.000000,0.000000
851.360000,848.000000,853.790000,846.710000,-3.360000,7.080000,-1,0.000000,0.000000
851.000000,851.080000,852.620000,842.500000,0.080000,10.120000,-1,0.000000,0.000000
847.810000,847.650000,848.360000,842.960000,-0.160000,5.400000,1,0.000000,0.000000
849.670000,844.950000,850.670000,843.010000,-4.720000,7.660000,-1,0.000000,0.000000
844.930000,847.350000,848.830000,841.440000,2.420000,7.390000,1,0.000000,0.000000
856.750000,851.380000,858.000000,849.020000,-5.370000,8.980000,-1,0.000000,0.000000
849.850000,856.310000,856.490000,848.720000,6.460000,7.770000,-1,0.000000,0.000000
849.080000,848.940000,850.820000,844.710000,-0.140000,6.110000,-1,0.000000,0.000000
847.270000,846.860000,848.940000,841.170000,-0.410000,7.770000,1,0.000000,0.000000
851.150000,847.260000,853.330000,845.520000,-3.890000,7.810000,1,0.000000,0.000000
853.640000,853.120000,856.930000,851.250000,-0.520000,5.680000,1,0.000000,0.000000
857.840000,853.690000,860.710000,852.670000,-4.150000,8.040000,1,0.000000,0.000000
861.410000,862.700000,864.230000,857.610000,1.290000,6.620000,1,0.000000,0.000000
864.580000,860.830000,867.130000,860.820000,-3.750000,6.310000,1,0.000000,0.000000
865.910000,863.750000,867.580000,860.130000,-2.160000,7.450000,1,0.000000,0.000000
868.390000,867.940000,869.880000,861.300000,-0.450000,8.580000,1,0.000000,0.000000
870.000000,870.530000,872.710000,867.520000,0.530000,5.190000,1,0.000000,0.000000
872.370000,873.680000,874.420000,868.370000,1.310000,6.050000,-1,0.000000,0.000000
867.910000,869.480000,870.340000,864.670000,1.570000,5.670000,-1,0.000000,0.000000
850.140000,870.060000,873.470000,847.690000,19.920000,25.780000,-1,0.000000,0.000000
849.800000,849.480000,855.350000,847.000000,-0.320000,8.350000,-1,0.000000,0.000000
839.650000,841.390000,841.690000,833.000000,1.740000,8.690000,-1,0.000000,0.000000
835.140000,842.000000,844.000000,829.100000,6.860000,14.900000,1,0.000000,0.000000
838.510000,828.090000,841.380000,824.300000,-10.420000,17.080000,1,0.000000,0.000000
840.630000,839.690000,845.400000,832.270000,-0.940000,13.130000,1,0.000000,0.000000
849.870000,842.750000,851.590000,841.380000,-7.120000,10.210000,-1,0.000000,0.000000
849.480000,851.980000,852.000000,846.770000,2.500000,5.230000,-1,0.000000,0.000000
847.800000,846.830000,849.560000,845.240000,-0.970000,4.320000,1,0.000000,0.000000
856.750000,848.750000,859.000000,847.530000,-8.000000,11.470000,-1,0.000000,0.000000
852.570000,848.000000,853.000000,847.510000,-4.570000,5.490000,-1,0.000000,0.000000
848.910000,854.710000,860.590000,847.520000,5.800000,13.070000,-1,0.000000,0.000000
845.100000,849.500000,853.590000,844.000000,4.400000,9.590000,-1,0.000000,0.000000
842.100000,845.000000,845.880000,837.300000,2.900000,8.580000,-1,0.000000,0.000000
841.700000,841.540000,846.740000,840.790000,-0.160000,5.950000,-1,0.000000,0.000000
839.880000,841.700000,844.630000,834.600000,1.820000,10.030000,1,0.000000,0.000000
841.460000,838.460000,843.720000,837.590000,-3.000000,6.130000,-1,0.000000,0.000000
840.180000,841.040000,843.730000,837.850000,0.860000,5.880000,1,0.000000,0.000000
855.130000,841.380000,855.640000,841.030000,-13.750000,14.610000,-1,0.000000,0.000000
853.990000,852.540000,857.390000,851.250000,-1.450000,6.140000,1,0.000000,0.000000
856.510000,857.390000,860.200000,853.530000,0.880000,6.670000,1,0.000000,0.000000
860.080000,859.740000,863.930000,857.500000,-0.340000,6.430000,-1,0.000000,0.000000
858.950000,860.620000,862.440000,857.730000,1.670000,4.710000,1,0.000000,0.000000
878.930000,868.440000,879.960000,866.110000,-10.490000,13.850000,1,0.000000,0.000000
888.840000,882.260000,892.250000,879.280000,-6.580000,12.970000,1,0.000000,0.000000
889.140000,891.390000,892.990000,885.150000,2.250000,7.840000,1,0.000000,0.000000
891.440000,890.000000,893.380000,887.180000,-1.440000,6.200000,1,0.000000,0.000000
924.520000,929.000000,935.900000,923.220000,4.480000,12.680000,1,0.000000,0.000000
932.820000,924.150000,935.820000,920.800000,-8.670000,15.020000,1,0.000000,0.000000
937.090000,933.270000,942.990000,931.000000,-3.820000,11.990000,1,0.000000,0.000000
948.450000,936.050000,950.200000,935.210000,-12.400000,14.990000,1,0.000000,0.000000
954.720000,950.290000,959.140000,947.370000,-4.430000,11.770000,-1,0.000000,0.000000
950.280000,956.720000,958.440000,948.100000,6.440000,10.340000,1,0.000000,0.000000
958.690000,947.450000,960.990000,947.400000,-11.240000,13.590000,-1,0.000000,0.000000
956.710000,961.330000,962.200000,954.400000,4.620000,7.800000,-1,0.000000,0.000000
954.840000,956.220000,956.710000,949.840000,1.380000,6.870000,1,0.000000,0.000000
955.890000,951.290000,957.990000,948.610000,-4.600000,9.380000,-1,0.000000,0.000000
955.140000,957.850000,957.980000,952.060000,2.710000,5.920000,1,0.000000,0.000000
959.220000,955.290000,962.700000,952.820000,-3.930000,9.880000,1,0.000000,0.000000
964.610000,963.550000,965.900000,960.350000,-1.060000,5.550000,-1,0.000000,0.000000
942.170000,959.700000,960.990000,940.060000,17.530000,20.930000,1,0.000000,0.000000
950.500000,943.200000,954.180000,941.270000,-7.300000,12.910000,1,0.000000,0.000000
954.650000,952.820000,959.560000,952.000000,-1.830000,7.560000,1,0.000000,0.000000
964.070000,957.000000,964.820000,956.560000,-7.070000,8.260000,1,0.000000,0.000000
970.550000,969.960000,974.510000,964.500000,-0.590000,10.010000,1,0.000000,0.000000
977.610000,975.260000,978.120000,971.630000,-2.350000,6.490000,1,0.000000,0.000000
991.860000,979.000000,995.780000,977.820000,-12.860000,17.960000,1,0.000000,0.000000
993.270000,992.000000,996.390000,987.360000,-1.270000,9.030000,1,0.000000,0.000000
996.170000,992.500000,997.620000,991.360000,-3.670000,6.260000,-1,0.000000,0.000000
987.090000,996.210000,999.600000,981.680000,9.120000,17.920000,1,0.000000,0.000000
988.290000,990.960000,993.140000,981.290000,2.670000,11.850000,1,0.000000,0.000000
996.120000,988.590000,996.480000,987.070000,-7.530000,9.410000,1,0.000000,0.000000
1003.880000,997.890000,1007.400000,995.450000,-5.990000,11.950000,-1,0.000000,0.000000
996.680000,1003.310000,1008.610000,994.800000,6.630000,13.810000,1,0.000000,0.000000
1001.500000,999.090000,1003.910000,995.870000,-2.410000,8.040000,1,0.000000,0.000000
1004.280000,1004.230000,1005.600000,996.620000,-0.050000,8.980000,-1,0.000000,0.000000
970.120000,1005.490000,1005.500000,953.370000,35.370000,52.130000,-1,0.000000,0.000000
961.810000,958.720000,968.000000,936.800000,-3.090000,31.200000,1,0.000000,0.000000
970.500000,972.040000,977.910000,962.010000,1.540000,15.900000,-1,0.000000,0.000000
967.930000,975.500000,979.700000,959.510000,7.570000,20.190000,-1,0.000000,0.000000
960.180000,948.020000,960.680000,940.370000,-12.160000,20.310000,-1,0.000000,0.000000
958.620000,957.910000,959.950000,948.700000,-0.710000,11.250000,1,0.000000,0.000000
975.220000,969.650000,979.300000,968.200000,-5.570000,11.100000,-1,0.000000,0.000000
968.990000,975.310000,980.790000,968.200000,6.320000,12.590000,1,0.000000,0.000000
978.590000,970.790000,979.550000,969.450000,-7.800000,10.100000,-1,0.000000,0.000000
976.620000,976.870000,980.500000,973.310000,0.250000,7.190000,1,0.000000,0.000000
986.090000,975.500000,986.620000,974.460000,-10.590000,12.160000,-1,0.000000,0.000000
972.090000,990.000000,993.990000,970.330000,17.910000,23.660000,-1,0.000000,0.000000
948.090000,961.600000,967.220000,947.090000,13.510000,20.130000,1,0.000000,0.000000
961.010000,950.660000,963.240000,936.160000,-10.350000,27.080000,-1,0.000000,0.000000
937.820000,951.350000,951.660000,929.600000,13.530000,22.060000,-1,0.000000,0.000000
929.680000,943.990000,945.000000,929.610000,14.310000,15.390000,-1,0.000000,0.000000
919.460000,933.220000,934.240000,915.310000,13.760000,18.930000,1,0.000000,0.000000
932.260000,924.200000,936.290000,918.630000,-8.060000,17.660000,-1,0.000000,0.000000
927.690000,925.000000,936.140000,919.850000,-2.690000,16.290000,1,0.000000,0.000000
940.810000,930.990000,944.660000,929.790000,-9.820000,14.870000,1,0.000000,0.000000
951.000000,941.950000,953.130000,941.950000,-9.050000,11.180000,1,0.000000,0.000000
953.530000,950.520000,954.890000,945.120000,-3.010000,9.770000,1,0.000000,0.000000
967.660000,960.860000,969.630000,957.040000,-6.800000,12.590000,1,0.000000,0.000000
968.850000,970.800000,978.700000,964.800000,1.950000,13.900000,1,0.000000,0.000000
976.910000,974.000000,977.540000,970.150000,-2.910000,7.390000,-1,0.000000,0.000000
975.960000,976.320000,983.350000,970.800000,0.360000,12.550000,1,0.000000,0.000000
986.950000,973.360000,990.850000,972.040000,-13.590000,18.810000,1,0.000000,0.000000
992.770000,990.010000,995.600000,987.010000,-2.760000,8.590000,-1,0.000000,0.000000
992.190000,997.000000,998.680000,984.620000,4.810000,14.060000,1,0.000000,0.000000
993.840000,989.000000,995.110000,984.170000,-4.840000,10.940000,1,0.000000,0.000000
998.310000,994.100000,1006.190000,990.270000,-4.210000,15.920000,-1,0.000000,0.000000
969.030000,970.700000,976.730000,963.800000,1.670000,12.930000,-1,0.000000,0.000000
965.310000,972.780000,973.950000,960.230000,7.470000,13.720000,-1,0.000000,0.000000
952.510000,969.180000,969.520000,937.060000,16.670000,32.460000,1,0.000000,0.000000
958.330000,947.990000,961.790000,945.310000,-10.340000,16.480000,-1,0.000000,0.000000
945.500000,960.000000,961.190000,941.730000,14.500000,19.460000,1,0.000000,0.000000
946.560000,947.810000,954.490000,944.960000,1.250000,9.530000,1,0.000000,0.000000
947.640000,948.370000,949.100000,932.520000,0.730000,16.580000,-1,0.000000,0.000000
940.300000,949.100000,950.000000,939.440000,8.800000,10.560000,1,0.000000,0.000000
945.790000,943.950000,947.540000,939.800000,-1.840000,7.740000,-1,0.000000,0.000000
945.750000,947.520000,948.960000,943.500000,1.770000,5.460000,-1,0.000000,0.000000
944.190000,944.290000,952.490000,942.480000,0.100000,10.010000,-1,0.000000,0.000000
940.080000,938.450000,943.760000,933.920000,-1.630000,9.840000,-1,0.000000,0.000000
923.590000,935.000000,936.300000,921.780000,11.410000,14.520000,1,0.000000,0.000000
930.090000,923.710000,933.360000,921.220000,-6.380000,12.140000,1,0.000000,0.000000
938.930000,939.070000,941.040000,934.490000,0.140000,6.550000,-1,0.000000,0.000000
938.080000,941.030000,943.070000,936.640000,2.950000,6.430000,1,0.000000,0.000000
944.270000,941.250000,949.900000,940.040000,-3.020000,9.860000,-1,0.000000,0.000000
927.660000,942.950000,943.810000,927.640000,15.290000,16.170000,-1,0.000000,0.000000
926.180000,926.980000,931.020000,923.450000,0.800000,7.570000,-1,0.000000,0.000000
920.870000,925.770000,928.250000,918.600000,4.900000,9.650000,1,0.000000,0.000000
940.400000,926.960000,941.960000,926.170000,-13.440000,15.790000,1,0.000000,0.000000
942.580000,937.000000,945.430000,935.240000,-5.580000,10.190000,-1,0.000000,0.000000
936.890000,943.710000,946.310000,930.740000,6.820000,15.570000,-1,0.000000,0.000000
930.500000,939.210000,940.730000,930.100000,8.710000,10.630000,-1,0.000000,0.000000
928.130000,931.880000,934.850000,926.110000,3.750000,8.740000,1,0.000000,0.000000
935.750000,919.950000,938.190000,919.310000,-15.800000,18.880000,1,0.000000,0.000000
943.630000,935.670000,945.860000,934.050000,-7.960000,11.810000,1,0.000000,0.000000
955.240000,946.300000,957.200000,946.250000,-8.940000,10.950000,-1,0.000000,0.000000
951.990000,957.470000,958.330000,950.280000,5.480000,8.050000,-1,0.000000,0.000000
941.480000,946.860000,951.390000,935.600000,5.380000,15.790000,1,0.000000,0.000000
942.020000,943.870000,944.500000,932.680000,1.850000,11.820000,1,0.000000,0.000000
949.890000,944.250000,950.500000,937.530000,-5.640000,12.970000,-1,0.000000,0.000000
941.410000,949.700000,950.700000,940.010000,8.290000,10.690000,1,0.000000,0.000000
943.290000,947.200000,952.680000,941.000000,3.910000,11.680000,1,0.000000,0.000000
946.650000,946.920000,948.090000,937.500000,0.270000,10.590000,1,0.000000,0.000000
950.440000,945.500000,952.850000,944.740000,-4.940000,8.110000,-1,0.000000,0.000000
940.130000,946.000000,948.030000,938.360000,5.870000,9.670000,-1,0.000000,0.000000
935.290000,940.090000,941.750000,931.250000,4.800000,10.500000,-1,0.000000,0.000000
929.750000,935.010000,936.860000,925.400000,5.260000,11.460000,1,0.000000,0.000000
936.860000,933.410000,937.940000,926.660000,-3.450000,11.280000,1,0.000000,0.000000
947.540000,937.730000,950.000000,937.500000,-9.810000,12.500000,1,0.000000,0.000000
947.550000,948.130000,952.800000,939.380000,0.580000,13.420000,-1,0.000000,0.000000
943.260000,942.770000,950.000000,940.840000,-0.490000,9.160000,-1,0.000000,0.000000
934.280000,939.450000,939.750000,924.510000,5.170000,15.240000,1,0.000000,0.000000
937.430000,936.690000,944.080000,935.120000,-0.740000,8.960000,1,0.000000,0.000000
959.900000,942.740000,965.430000,941.950000,-17.160000,23.480000,1,0.000000,0.000000
964.810000,956.250000,966.180000,955.550000,-8.560000,10.630000,1,0.000000,0.000000
973.720000,966.000000,975.810000,966.000000,-7.720000,9.810000,-1,0.000000,0.000000
967.470000,975.650000,977.740000,961.950000,8.180000,15.790000,1,0.000000,0.000000
972.080000,967.560000,972.440000,962.710000,-4.520000,9.730000,-1,0.000000,0.000000
966.780000,971.760000,974.400000,965.610000,4.980000,8.790000,1,0.000000,0.000000
985.190000,972.790000,986.510000,970.270000,-12.400000,16.240000,1,0.000000,0.000000
993.640000,980.000000,994.260000,978.510000,-13.640000,15.750000,-1,0.000000,0.000000
992.310000,995.000000,1000.460000,991.500000,2.690000,8.960000,-1,0.000000,0.000000
987.800000,995.300000,997.470000,981.110000,7.500000,16.360000,1,0.000000,0.000000
1005.650000,989.040000,1007.570000,987.940000,-16.610000,19.630000,-1,0.000000,0.000000
1005.650000,1003.840000,1011.540000,1001.100000,-1.810000,10.440000,1,0.000000,0.000000
1007.870000,1009.110000,1014.760000,1007.060000,1.240000,7.700000,1,0.000000,0.000000
1009.350000,1009.630000,1012.000000,1001.520000,0.280000,10.480000,1,0.000000,0.000000
1011.000000,1007.440000,1014.560000,1006.050000,-3.560000,8.510000,1,0.000000,0.000000
1012.740000,1011.050000,1016.310000,1005.320000,-1.690000,10.990000,-1,0.000000,0.000000
1001.840000,1004.750000,1007.320000,997.300000,2.910000,10.020000,1,0.000000,0.000000
1005.070000,1007.050000,1008.650000,1002.270000,1.980000,6.380000,-1,0.000000,0.000000
985.540000,1005.180000,1005.790000,983.100000,19.640000,22.690000,1,0.000000,0.000000
988.490000,986.500000,989.260000,977.080000,-1.990000,12.180000,1,0.000000,0.000000
991.460000,986.270000,994.430000,977.720000,-5.190000,16.710000,-1,0.000000,0.000000
991.420000,998.470000,1006.510000,990.470000,7.050000,16.040000,1,0.000000,0.000000
1033.670000,1030.990000,1063.620000,1026.850000,-2.680000,36.770000,-1,0.000000,0.000000
1033.130000,1029.160000,1039.830000,1022.330000,-3.970000,17.500000,-1,0.000000,0.000000
1033.040000,1033.000000,1041.000000,1026.300000,-0.040000,14.700000,1,0.000000,0.000000
1042.600000,1036.320000,1047.860000,1034.000000,-6.280000,13.860000,1,0.000000,0.000000
1042.970000,1039.990000,1045.520000,1028.660000,-2.980000,16.860000,1,0.000000,0.000000
1049.990000,1042.750000,1050.660000,1037.650000,-7.240000,13.010000,-1,0.000000,0.000000
1042.680000,1049.100000,1052.590000,1042.000000,6.420000,10.590000,1,0.000000,0.000000
1052.390000,1049.650000,1053.410000,1043.000000,-2.740000,10.410000,1,0.000000,0.000000
1058.290000,1050.050000,1062.690000,1047.050000,-8.240000,15.640000,-1,0.000000,0.000000
1047.720000,1048.000000,1050.880000,1035.850000,0.280000,15.030000,-1,0.000000,0.000000
1044.150000,1043.870000,1046.630000,1041.220000,-0.280000,5.410000,-1,0.000000,0.000000
1041.200000,1040.800000,1048.740000,1039.260000,-0.400000,9.480000,1,0.000000,0.000000
1041.640000,1037.720000,1042.300000,1029.330000,-3.920000,12.970000,-1,0.000000,0.000000
1036.410000,1035.000000,1039.630000,1030.760000,-1.410000,8.870000,1,0.000000,0.000000
1048.470000,1038.750000,1051.760000,1038.000000,-9.720000,13.760000,-1,0.000000,0.000000
1035.890000,1049.800000,1051.000000,1033.730000,13.910000,17.270000,-1,0.000000,0.000000
1034.660000,1036.000000,1038.700000,1032.680000,1.340000,6.020000,1,0.000000,0.000000
1050.300000,1040.040000,1050.390000,1039.140000,-10.260000,11.250000,1,0.000000,0.000000
1051.920000,1051.160000,1055.430000,1047.250000,-0.760000,8.180000,1,0.000000,0.000000
1056.520000,1054.390000,1060.070000,1051.920000,-2.130000,8.150000,1,0.000000,0.000000
1072.010000,1058.570000,1073.040000,1054.770000,-13.440000,18.270000,-1,0.000000,0.000000
1063.290000,1073.990000,1080.000000,1054.540000,10.700000,25.460000,-1,0.000000,0.000000
1037.380000,1056.180000,1058.770000,1029.650000,18.800000,29.120000,-1,0.000000,0.000000
1036.170000,1039.940000,1044.140000,1030.070000,3.770000,14.070000,-1,0.000000,0.000000
1025.070000,1030.410000,1037.240000,1016.900000,5.340000,20.340000,-1,0.000000,0.000000
1011.870000,1027.800000,1031.340000,1009.220000,15.930000,22.120000,1,0.000000,0.000000
1019.600000,1010.990000,1036.680000,1002.320000,-8.610000,34.360000,1,0.000000,0.000000
1032.720000,1016.520000,1039.580000,1015.310000,-16.200000,24.270000,1,0.000000,0.000000
1044.570000,1036.070000,1048.920000,1035.360000,-8.500000,13.560000,1,0.000000,0.000000
1049.380000,1051.810000,1056.420000,1045.860000,2.430000,10.560000,1,0.000000,0.000000
1051.970000,1051.110000,1056.000000,1044.120000,-0.860000,11.880000,-1,0.000000,0.000000
1048.770000,1050.000000,1062.500000,1044.870000,1.230000,17.630000,1,0.000000,0.000000
1051.390000,1052.080000,1055.480000,1046.580000,0.690000,8.900000,1,0.000000,0.000000
1057.470000,1055.490000,1067.080000,1053.600000,-1.980000,13.480000,1,0.000000,0.000000
1072.000000,1063.780000,1075.250000,1060.090000,-8.220000,15.160000,1,0.000000,0.000000
1085.090000,1076.450000,1086.490000,1070.370000,-8.640000,16.120000,-1,0.000000,0.000000
1079.780000,1083.020000,1084.970000,1072.270000,3.240000,12.700000,-1,0.000000,0.000000
1073.560000,1080.920000,1081.230000,1068.600000,7.360000,12.630000,-1,0.000000,0.000000
1070.850000,1075.390000,1077.520000,1069.000000,4.540000,8.520000,-1,0.000000,0.000000
1068.860000,1070.000000,1071.720000,1067.640000,1.140000,4.080000,-1,0.000000,0.000000
1065.850000,1068.640000,1068.860000,1058.640000,2.790000,10.220000,-1,0.000000,0.000000
1060.200000,1066.600000,1068.270000,1058.380000,6.400000,9.890000,-1,0.000000,0.000000
1055.950000,1062.250000,1064.840000,1053.380000,6.300000,11.460000,-1,0.000000,0.000000
1053.400000,1055.490000,1058.050000,1052.700000,2.090000,5.350000,1,0.000000,0.000000
1073.210000,1053.020000,1075.980000,1053.020000,-20.190000,22.960000,1,0.000000,0.000000
1091.520000,1073.930000,1096.100000,1073.430000,-17.590000,22.670000,1,0.000000,0.000000
1095.760000,1097.090000,1104.080000,1094.260000,1.330000,9.820000,1,0.000000,0.000000
1110.290000,1103.450000,1113.580000,1101.800000,-6.840000,11.780000,1,0.000000,0.000000
1114.210000,1111.000000,1119.160000,1110.000000,-3.210000,9.160000,-1,0.000000,0.000000
1112.790000,1118.440000,1118.440000,1108.200000,5.650000,10.240000,-1,0.000000,0.000000
1110.140000,1107.000000,1112.780000,1103.980000,-3.140000,8.800000,1,0.000000,0.000000
1112.050000,1112.310000,1114.850000,1106.480000,0.260000,8.370000,1,0.000000,0.000000
1130.650000,1110.100000,1131.300000,1108.010000,-20.550000,23.290000,1,0.000000,0.000000
1130.700000,1140.310000,1148.880000,1126.660000,9.610000,22.220000,1,0.000000,0.000000
1139.100000,1136.360000,1139.320000,1123.490000,-2.740000,15.830000,-1,0.000000,0.000000
1135.970000,1139.350000,1140.590000,1124.460000,3.380000,16.130000,1,0.000000,0.000000
1143.500000,1138.030000,1143.780000,1132.500000,-5.470000,11.280000,1,0.000000,0.000000
1164.160000,1143.820000,1166.880000,1141.820000,-20.340000,25.060000,1,0.000000,0.000000
1176.170000,1170.620000,1178.510000,1167.250000,-5.550000,11.260000,-1,0.000000,0.000000
1171.290000,1184.980000,1187.050000,1167.400000,13.690000,19.650000,1,0.000000,0.000000
1182.140000,1180.710000,1185.000000,1171.840000,-1.430000,13.160000,1,0.000000,0.000000
1187.560000,1187.530000,1187.560000,1168.030000,-0.030000,19.530000,-1,0.000000,0.000000
1186.480000,1188.000000,1198.000000,1184.060000,1.520000,13.940000,-1,0.000000,0.000000
1177.370000,1177.720000,1187.930000,1174.510000,0.350000,13.420000,1,0.000000,0.000000
1182.220000,1183.810000,1186.320000,1172.100000,1.590000,14.220000,-1,0.000000,0.000000
1181.590000,1175.990000,1187.450000,1169.360000,-5.600000,18.090000,-1,0.000000,0.000000
1119.200000,1127.420000,1131.300000,1111.170000,8.220000,20.130000,-1,0.000000,0.000000
1062.390000,1100.610000,1114.990000,1056.740000,38.220000,58.250000,1,0.000000,0.000000
1084.430000,1033.980000,1087.380000,1030.010000,-50.450000,57.370000,-1,0.000000,0.000000
1055.410000,1084.970000,1086.530000,1054.620000,29.560000,31.910000,-1,0.000000,0.000000
1007.710000,1059.870000,1063.930000,1004.700000,52.160000,59.230000,1,0.000000,0.000000
1046.270000,1025.880000,1051.720000,997.000000,-20.390000,54.720000,1,0.000000,0.000000
1054.560000,1056.670000,1065.570000,1045.490000,2.110000,20.080000,-1,0.000000,0.000000
1054.140000,1050.000000,1061.220000,1046.920000,-4.140000,14.300000,1,0.000000,0.000000
1072.700000,1054.320000,1075.470000,1049.800000,-18.380000,25.670000,1,0.000000,0.000000
1091.360000,1083.450000,1094.100000,1067.230000,-7.910000,26.870000,1,0.000000,0.000000
1095.500000,1093.380000,1108.310000,1091.550000,-2.120000,16.760000,1,0.000000,0.000000
1103.590000,1092.760000,1116.290000,1090.000000,-10.830000,26.290000,1,0.000000,0.000000
1113.750000,1109.100000,1136.200000,1107.510000,-4.650000,28.690000,-1,0.000000,0.000000
1109.900000,1119.170000,1125.460000,1105.150000,9.270000,20.310000,1,0.000000,0.000000
1128.090000,1118.660000,1129.000000,1108.440000,-9.430000,20.560000,1,0.000000,0.000000
1143.700000,1131.860000,1144.200000,1129.340000,-11.840000,14.860000,-1,0.000000,0.000000
1117.510000,1143.700000,1144.250000,1116.790000,26.190000,27.460000,-1,0.000000,0.000000
1103.920000,1122.000000,1127.650000,1103.000000,18.080000,24.650000,-1,0.000000,0.000000
1071.410000,1109.540000,1111.270000,1067.290000,38.130000,43.980000,1,0.000000,0.000000
1084.140000,1057.980000,1086.890000,1050.110000,-26.160000,36.780000,1,0.000000,0.000000
1094.760000,1078.130000,1101.180000,1072.270000,-16.630000,28.910000,1,0.000000,0.000000
1100.900000,1102.100000,1105.630000,1094.500000,1.200000,11.130000,1,0.000000,0.000000
1115.040000,1092.820000,1116.200000,1089.910000,-22.220000,26.290000,1,0.000000,0.000000
1129.380000,1117.200000,1131.440000,1117.200000,-12.180000,14.240000,1,0.000000,0.000000
1160.840000,1139.500000,1161.000000,1134.290000,-21.340000,26.710000,1,0.000000,0.000000
1165.930000,1165.050000,1178.160000,1159.200000,-0.880000,18.960000,-1,0.000000,0.000000
1139.910000,1171.830000,1178.000000,1134.570000,31.920000,43.430000,1,0.000000,0.000000
1148.890000,1145.800000,1159.760000,1142.350000,-3.090000,17.410000,1,0.000000,0.000000
1150.610000,1149.570000,1162.500000,1135.660000,-1.040000,26.840000,-1,0.000000,0.000000
1134.420000,1155.350000,1156.810000,1131.360000,20.930000,25.450000,-1,0.000000,0.000000
1100.070000,1117.760000,1119.370000,1088.920000,17.690000,30.450000,-1,0.000000,0.000000
1095.800000,1098.400000,1105.550000,1082.420000,2.600000,23.130000,-1,0.000000,0.000000
1094.000000,1092.570000,1108.700000,1087.210000,-1.430000,21.490000,-1,0.000000,0.000000
1053.150000,1080.010000,1083.920000,1049.640000,26.860000,34.280000,-1,0.000000,0.000000
1026.550000,1051.370000,1066.780000,1024.870000,24.820000,41.910000,1,0.000000,0.000000
1054.090000,1050.600000,1059.270000,1010.580000,-3.490000,48.690000,-1,0.000000,0.000000
1006.940000,1063.900000,1064.540000,997.620000,56.960000,66.920000,-1,0.000000,0.000000
1005.180000,1001.910000,1024.990000,984.000000,-3.270000,40.990000,1,0.000000,0.000000
1037.140000,1011.210000,1048.050000,1004.040000,-25.930000,44.010000,-1,0.000000,0.000000
1012.630000,1027.620000,1039.530000,994.250000,14.990000,45.280000,1,0.000000,0.000000
1018.680000,1016.150000,1025.000000,997.245000,-2.530000,27.755000,1,0.000000,0.000000
1029.710000,998.230000,1032.740000,996.510000,-31.480000,36.230000,1,0.000000,0.000000
1032.640000,1046.390000,1046.710000,1024.000000,13.750000,22.710000,-1,0.000000,0.000000
1009.950000,1023.100000,1036.000000,1006.250000,13.150000,29.750000,1,0.000000,0.000000
1020.090000,1020.040000,1044.590000,1019.200000,-0.050000,25.390000,1,0.000000,0.000000
1036.500000,1030.260000,1041.210000,1015.410000,-6.240000,25.800000,-1,0.000000,0.000000
1025.060000,1032.000000,1035.870000,1019.200000,6.940000,16.670000,1,0.000000,0.000000
1037.290000,1031.470000,1044.650000,1026.050000,-5.820000,18.600000,-1,0.000000,0.000000
1036.040000,1046.890000,1052.980000,1030.150000,10.850000,22.830000,1,0.000000,0.000000
1046.100000,1045.550000,1051.430000,1033.920000,-0.550000,17.510000,1,0.000000,0.000000
1079.360000,1061.200000,1085.000000,1057.090000,-18.160000,27.910000,-1,0.000000,0.000000
1075.390000,1079.010000,1082.000000,1070.520000,3.620000,11.480000,1,0.000000,0.000000
1089.450000,1069.020000,1097.510000,1069.020000,-20.430000,28.490000,-1,0.000000,0.000000
1077.320000,1084.270000,1094.750000,1072.100000,6.950000,22.650000,-1,0.000000,0.000000
1073.810000,1082.980000,1088.000000,1066.680000,9.170000,21.320000,-1,0.000000,0.000000
1022.640000,1059.200000,1064.490000,1012.860000,36.560000,51.630000,1,0.000000,0.000000
1022.990000,1029.750000,1036.070000,1017.010000,6.760000,19.060000,1,0.000000,0.000000
1043.310000,1033.220000,1052.020000,1020.450000,-10.090000,31.570000,-1,0.000000,0.000000
1031.450000,1045.540000,1051.690000,1027.590000,14.090000,24.100000,-1,0.000000,0.000000
1018.580000,1034.420000,1038.370000,1018.300000,15.840000,20.070000,1,0.000000,0.000000
1040.750000,1016.300000,1041.730000,1010.610000,-24.450000,31.120000,-1,0.000000,0.000000
1026.050000,1034.000000,1043.980000,1023.160000,7.950000,20.820000,1,0.000000,0.000000
1026.300000,1025.370000,1030.690000,1007.890000,-0.930000,22.800000,1,0.000000,0.000000
1051.000000,1019.610000,1051.880000,1018.050000,-31.390000,33.830000,1,0.000000,0.000000
1059.460000,1053.890000,1065.000000,1050.270000,-5.570000,14.730000,-1,0.000000,0.000000
1058.590000,1064.620000,1065.230000,1051.640000,6.030000,13.590000,1,0.000000,0.000000
1088.950000,1064.100000,1094.000000,1062.110000,-24.850000,31.890000,1,0.000000,0.000000
1105.470000,1095.000000,1109.410000,1093.880000,-10.470000,15.530000,-1,0.000000,0.000000
1103.380000,1100.410000,1109.010000,1097.220000,-2.970000,11.790000,1,0.000000,0.000000
1106.600000,1105.570000,1118.150000,1104.800000,-1.030000,13.350000,-1,0.000000,0.000000
1084.870000,1096.900000,1099.120000,1078.780000,12.030000,20.340000,-1,0.000000,0.000000
1084.090000,1085.090000,1094.380000,1081.630000,1.000000,12.750000,-1,0.000000,0.000000
1081.260000,1081.460000,1091.000000,1076.420000,0.200000,14.580000,-1,0.000000,0.000000
1069.640000,1066.000000,1073.730000,1064.680000,-3.640000,9.050000,1,0.000000,0.000000
1084.010000,1079.000000,1093.300000,1078.000000,-5.010000,15.300000,-1,0.000000,0.000000
1075.310000,1089.800000,1091.800000,1072.260000,14.490000,19.540000,1,0.000000,0.000000
1085.960000,1070.000000,1088.000000,1066.960000,-15.960000,21.040000,-1,0.000000,0.000000
1085.450000,1086.900000,1087.120000,1072.300000,1.450000,14.820000,-1,0.000000,0.000000
1084.080000,1086.550000,1089.570000,1082.600000,2.470000,6.970000,-1,0.000000,0.000000
1068.070000,1076.000000,1081.340000,1063.080000,7.930000,18.260000,1,0.000000,0.000000
1077.470000,1073.480000,1078.990000,1066.550000,-3.990000,12.440000,1,0.000000,0.000000
1100.000000,1082.000000,1110.000000,1078.000000,-18.000000,32.000000,1,0.000000,0.000000
1135.000000,1112.870000,1138.160000,1112.010000,-22.130000,26.150000,1,0.000000,0.000000
1153.040000,1138.500000,1157.860000,1137.000000,-14.540000,20.860000,-1,0.000000,0.000000
1151.020000,1154.660000,1161.100000,1147.460000,3.640000,13.640000,-1,0.000000,0.000000
1146.950000,1152.770000,1154.710000,1136.320000,5.820000,18.390000,-1,0.000000,0.000000
1134.420000,1144.580000,1145.870000,1126.120000,10.160000,19.750000,-1,0.000000,0.000000
1132.710000,1131.210000,1138.780000,1123.230000,-1.500000,15.550000,1,0.000000,0.000000
1140.900000,1132.940000,1147.740000,1131.400000,-7.960000,16.340000,1,0.000000,0.000000
1148.190000,1141.020000,1148.750000,1141.020000,-7.170000,7.730000,-1,0.000000,0.000000
1144.230000,1152.280000,1155.640000,1143.380000,8.050000,12.260000,1,0.000000,0.000000
1160.110000,1152.210000,1165.990000,1150.600000,-7.900000,15.390000,-1,0.000000,0.000000
1159.270000,1159.920000,1163.910000,1153.690000,0.650000,10.220000,1,0.000000,0.000000
1183.580000,1152.690000,1184.130000,1151.000000,-30.890000,33.130000,-1,0.000000,0.000000
1178.690000,1170.110000,1182.810000,1161.610000,-8.580000,21.200000,1,0.000000,0.000000
1184.070000,1183.300000,1201.490000,1182.030000,-0.770000,19.460000,-1,0.000000,0.000000
1169.440000,1185.510000,1190.330000,1163.480000,16.070000,26.850000,-1,0.000000,0.000000
1169.290000,1171.490000,1175.000000,1159.650000,2.200000,15.350000,-1,0.000000,0.000000
1139.280000,1155.000000,1155.990000,1119.900000,15.720000,36.090000,-1,0.000000,0.000000
1132.620000,1144.140000,1146.870000,1129.000000,11.520000,17.870000,-1,0.000000,0.000000
1116.940000,1136.000000,1146.210000,1116.700000,19.060000,29.510000,1,0.000000,0.000000
1126.780000,1112.390000,1134.000000,1106.070000,-14.390000,27.930000,1,0.000000,0.000000
1129.190000,1132.310000,1141.360000,1127.020000,3.120000,14.340000,1,0.000000,0.000000
1142.110000,1115.350000,1142.990000,1106.600000,-26.760000,36.390000,-1,0.000000,0.000000
1116.280000,1149.420000,1149.910000,1114.430000,33.140000,35.480000,1,0.000000,0.000000
1141.290000,1124.600000,1144.140000,1123.120000,-16.690000,21.020000,1,0.000000,0.000000
1155.080000,1141.770000,1156.200000,1137.240000,-13.310000,18.960000,1,0.000000,0.000000
1167.280000,1160.000000,1167.930000,1157.230000,-7.280000,10.700000,-1,0.000000,0.000000
1167.140000,1169.990000,1173.500000,1162.560000,2.850000,10.940000,1,0.000000,0.000000
1171.460000,1155.620000,1180.440000,1155.370000,-15.840000,25.070000,1,0.000000,0.000000
1201.260000,1174.860000,1201.990000,1173.100000,-26.400000,28.890000,1,0.000000,0.000000
1204.420000,1202.800000,1210.440000,1195.290000,-1.620000,15.150000,-1,0.000000,0.000000
1196.510000,1203.810000,1208.710000,1193.400000,7.300000,15.310000,1,0.000000,0.000000
1213.080000,1182.740000,1218.760000,1182.000000,-30.340000,36.760000,-1,0.000000,0.000000
1212.910000,1208.530000,1221.590000,1204.560000,-4.380000,17.030000,-1,0.000000,0.000000
1199.100000,1206.650000,1216.480000,1197.730000,7.550000,18.750000,-1,0.000000,0.000000
1197.880000,1199.240000,1210.770000,1196.590000,1.360000,14.180000,1,0.000000,0.000000
1211.000000,1195.660000,1215.100000,1192.010000,-15.340000,23.090000,1,0.000000,0.000000
1258.150000,1271.000000,1275.000000,1244.140000,12.850000,30.860000,1,0.000000,0.000000
1275.940000,1252.620000,1278.240000,1249.050000,-23.320000,29.190000,1,0.000000,0.000000
1285.500000,1267.180000,1287.400000,1263.000000,-18.320000,24.400000,-1,0.000000,0.000000
1252.890000,1289.120000,1291.440000,1244.490000,36.230000,46.950000,-1,0.000000,0.000000
1230.040000,1245.050000,1252.890000,1224.170000,15.010000,28.720000,-1,0.000000,0.000000
1227.220000,1231.710000,1241.210000,1216.190000,4.490000,25.020000,1,0.000000,0.000000
1232.990000,1239.110000,1245.900000,1224.940000,6.120000,20.960000,1,0.000000,0.000000
1241.130000,1218.500000,1244.410000,1218.060000,-22.630000,26.350000,-1,0.000000,0.000000
1238.160000,1245.180000,1246.520000,1229.420000,7.020000,17.100000,-1,0.000000,0.000000
1237.670000,1241.610000,1242.460000,1230.530000,3.940000,11.930000,1,0.000000,0.000000
1255.840000,1252.010000,1266.080000,1251.800000,-3.830000,14.280000,1,0.000000,0.000000
1261.330000,1256.720000,1271.720000,1252.120000,-4.610000,19.600000,1,0.000000,0.000000
1264.460000,1262.730000,1271.960000,1260.100000,-1.730000,11.860000,-1,0.000000,0.000000
1252.510000,1259.180000,1261.200000,1247.160000,6.670000,14.040000,-1,0.000000,0.000000
1248.640000,1251.200000,1265.970000,1247.030000,2.560000,18.940000,1,0.000000,0.000000
1258.140000,1252.500000,1260.590000,1239.540000,-5.640000,21.050000,-1,0.000000,0.000000
1232.220000,1244.280000,1251.980000,1226.240000,12.060000,25.740000,-1,0.000000,0.000000
1224.060000,1241.990000,1243.700000,1219.630000,17.930000,24.070000,-1,0.000000,0.000000
1215.850000,1222.040000,1226.950000,1204.000000,6.190000,22.950000,1,0.000000,0.000000
1221.950000,1220.660000,1225.910000,1208.700000,-1.290000,17.210000,-1,0.000000,0.000000
1217.410000,1223.020000,1232.760000,1215.030000,5.610000,17.730000,1,0.000000,0.000000
1221.750000,1214.220000,1226.530000,1213.220000,-7.530000,13.310000,-1,0.000000,0.000000
1221.160000,1219.880000,1235.170000,1219.350000,-1.280000,15.820000,1,0.000000,0.000000
1236.750000,1226.000000,1237.400000,1221.420000,-10.750000,15.980000,1,0.000000,0.000000
1256.270000,1244.140000,1257.870000,1240.680000,-12.130000,17.190000,-1,0.000000,0.000000
1245.860000,1255.900000,1256.560000,1242.970000,10.040000,13.590000,1,0.000000,0.000000
1264.650000,1255.000000,1267.170000,1252.800000,-9.650000,14.370000,-1,0.000000,0.000000
1254.440000,1263.400000,1269.490000,1247.210000,8.960000,22.280000,-1,0.000000,0.000000
1231.800000,1252.210000,1252.550000,1225.750000,20.410000,26.800000,-1,0.000000,0.000000
1211.310000,1222.520000,1227.870000,1206.560000,11.210000,21.310000,-1,0.000000,0.000000
1199.100000,1209.220000,1214.870000,1175.340000,10.120000,39.530000,-1,0.000000,0.000000
1183.990000,1198.570000,1198.990000,1163.610000,14.580000,35.380000,-1,0.000000,0.000000
1177.590000,1172.000000,1188.550000,1169.270000,-5.590000,19.280000,-1,0.000000,0.000000
1175.060000,1184.200000,1186.660000,1170.610000,9.140000,16.050000,1,0.000000,0.000000
1189.990000,1171.100000,1190.940000,1165.950000,-18.890000,24.990000,-1,0.000000,0.000000
1171.600000,1182.000000,1190.690000,1166.160000,10.400000,24.530000,1,0.000000,0.000000
1182.140000,1179.700000,1187.860000,1169.220000,-2.440000,18.640000,-1,0.000000,0.000000
1177.980000,1188.000000,1188.000000,1173.520000,10.020000,14.480000,-1,0.000000,0.000000
1159.830000,1177.770000,1181.820000,1158.450000,17.940000,23.370000,1,0.000000,0.000000
1167.110000,1162.660000,1181.330000,1161.420000,-4.450000,19.910000,1,0.000000,0.000000
1174.270000,1168.960000,1176.270000,1158.620000,-5.310000,17.650000,1,0.000000,0.000000
1191.570000,1180.670000,1194.000000,1176.250000,-10.900000,17.750000,-1,0.000000,0.000000
1172.120000,1194.920000,1196.580000,1172.060000,22.800000,24.520000,1,0.000000,0.000000
1179.560000,1159.410000,1185.190000,1151.500000,-20.150000,33.690000,1,0.000000,0.000000
1193.890000,1184.250000,1196.860000,1174.090000,-9.640000,22.770000,1,0.000000,0.000000
1194.060000,1193.690000,1207.240000,1185.400000,-0.370000,21.840000,1,0.000000,0.000000
1207.360000,1200.000000,1216.860000,1198.050000,-7.360000,18.810000,-1,0.000000,0.000000
1207.080000,1204.090000,1208.450000,1197.830000,-2.990000,10.620000,1,0.000000,0.000000
1208.530000,1213.000000,1224.200000,1203.190000,4.470000,21.010000,-1,0.000000,0.000000
1207.640000,1206.670000,1224.520000,1199.660000,-0.970000,24.860000,1,0.000000,0.000000
1211.530000,1212.000000,1214.180000,1202.150000,0.470000,12.030000,-1,0.000000,0.000000
1177.070000,1205.030000,1205.900000,1163.850000,27.960000,42.050000,-1,0.000000,0.000000
1167.830000,1176.000000,1182.000000,1154.320000,8.170000,27.680000,-1,0.000000,0.000000
1155.920000,1160.000000,1175.860000,1135.400000,4.080000,40.460000,-1,0.000000,0.000000
1145.170000,1151.310000,1161.550000,1144.170000,6.140000,17.380000,-1,0.000000,0.000000
1092.160000,1136.400000,1137.020000,1091.510000,44.240000,45.510000,-1,0.000000,0.000000
1090.740000,1079.040000,1116.060000,1075.890000,-11.700000,40.170000,1,0.000000,0.000000
1120.540000,1119.640000,1125.830000,1095.030000,-0.900000,30.800000,-1,0.000000,0.000000
1102.440000,1118.000000,1121.800000,1098.220000,15.560000,23.580000,1,0.000000,0.000000
1133.080000,1113.480000,1136.370000,1111.750000,-19.600000,24.620000,-1,0.000000,0.000000
1127.590000,1140.000000,1147.000000,1114.000000,12.410000,33.000000,-1,0.000000,0.000000
1097.910000,1130.000000,1132.350000,1086.340000,32.090000,46.010000,1,0.000000,0.000000
1105.180000,1103.710000,1120.950000,1097.030000,-1.470000,23.920000,1,0.000000,0.000000
1111.370000,1112.510000,1121.690000,1100.000000,1.140000,21.690000,1,0.000000,0.000000
1114.910000,1091.290000,1118.000000,1079.010000,-23.620000,38.990000,-1,0.000000,0.000000
1057.120000,1115.000000,1116.620000,1055.060000,57.880000,61.560000,1,0.000000,0.000000
1103.590000,1080.300000,1117.820000,1075.550000,-23.290000,42.270000,-1,0.000000,0.000000
1083.750000,1048.330000,1117.000000,1042.230000,-35.420000,74.770000,-1,0.000000,0.000000
1034.730000,1096.540000,1108.830000,1007.200000,61.810000,101.630000,1,0.000000,0.000000
1049.510000,1020.010000,1050.900000,1013.970000,-29.500000,36.930000,1,0.000000,0.000000
1090.580000,1068.200000,1108.000000,1068.200000,-22.380000,39.800000,-1,0.000000,0.000000
1085.980000,1091.400000,1099.900000,1077.820000,5.420000,22.080000,-1,0.000000,0.000000
1071.490000,1089.000000,1098.000000,1067.660000,17.510000,30.340000,-1,0.000000,0.000000
1055.730000,1072.530000,1073.350000,1034.000000,16.800000,39.350000,1,0.000000,0.000000
1069.570000,1055.020000,1079.820000,1053.610000,-14.550000,26.210000,1,0.000000,0.000000
1108.240000,1083.490000,1109.930000,1080.590000,-24.750000,29.340000,-1,0.000000,0.000000
1094.630000,1107.300000,1108.220000,1084.360000,12.670000,23.860000,-1,0.000000,0.000000
1077.020000,1084.020000,1088.350000,1064.260000,7.000000,24.090000,-1,0.000000,0.000000
1049.360000,1073.130000,1074.100000,1040.350000,23.770000,33.750000,-1,0.000000,0.000000
1047.970000,1054.810000,1066.660000,1040.400000,6.840000,26.260000,1,0.000000,0.000000
1054.580000,1060.000000,1065.790000,1041.110000,5.420000,24.680000,1,0.000000,0.000000
1071.050000,1051.460000,1078.870000,1041.290000,-19.590000,37.580000,-1,0.000000,0.000000
1068.270000,1065.230000,1072.440000,1054.900000,-3.040000,17.540000,-1,0.000000,0.000000
1027.420000,1063.390000,1068.000000,1022.870000,35.970000,45.130000,1,0.000000,0.000000
1030.450000,1007.290000,1037.350000,1002.210000,-23.160000,35.140000,1,0.000000,0.000000
1043.430000,1045.310000,1054.700000,1039.450000,1.880000,15.250000,-1,0.000000,0.000000
