114.945000,114.720000,115.250000,114.720000,-0.225000,0.530000,1
114.660000,114.970000,114.970000,114.490000,0.310000,0.480000,2
114.860000,114.620000,114.990000,114.580000,-0.240000,0.410000,1
114.710000,114.860000,114.930000,114.630000,0.150000,0.300000,2
114.805000,114.705000,114.950000,114.610000,-0.100000,0.340000,2
114.940000,114.840000,114.950000,114.780000,-0.100000,0.170000,1
114.670000,114.920000,114.920000,114.670000,0.250000,0.250000,2
114.840000,114.660000,114.840000,114.610000,-0.180000,0.230000,2
115.025000,114.840000,115.060000,114.820000,-0.185000,0.240000,2
115.420000,115.030000,115.500000,115.010000,-0.390000,0.490000,1
115.305000,115.430000,115.588400,115.305000,0.125000,0.283400,2
115.319000,115.330000,115.425000,115.245000,0.011000,0.180000,2
115.470000,115.303000,115.500000,115.303000,-0.167000,0.197000,1
115.430000,115.495000,115.605100,115.380000,0.065000,0.225100,1
115.390000,115.420000,115.660000,115.390000,0.030000,0.270000,2
115.410000,115.375000,115.450000,115.270000,-0.035000,0.180000,1
115.370000,115.420000,115.530000,115.330000,0.050000,0.200000,2
115.450000,115.370000,115.450000,115.320000,-0.080000,0.130000,2
115.530000,115.470000,115.581000,115.425000,-0.060000,0.156000,1
115.229900,115.520000,115.520000,115.114900,0.290100,0.405100,1
114.850000,115.220000,115.290000,114.850000,0.370000,0.440000,2
114.910000,114.861000,114.920000,114.560000,-0.049000,0.360000,2
115.150000,114.920000,115.310000,114.785000,-0.230000,0.525000,1
114.930000,115.140000,115.140000,114.820000,0.210000,0.320000,2
115.110000,114.930000,115.140000,114.920000,-0.180000,0.220000,1
115.060000,115.120000,115.170000,115.010000,0.060000,0.160000,2
116.070000,114.640000,116.171000,114.640000,-1.430000,1.531000,2
116.405000,116.070000,116.800000,116.020000,-0.335000,0.780000,1
115.800000,116.440000,116.650000,115.760000,0.640000,0.890000,1
115.580000,115.790000,115.990000,115.575000,0.210000,0.415000,1
115.570000,115.529200,115.720000,115.359200,-0.040800,0.360800,1
115.495000,115.600000,115.790100,115.495000,0.105000,0.295100,1
115.490000,115.520000,115.790000,115.490000,0.030000,0.300000,1
115.250000,115.470000,115.550000,115.250000,0.220000,0.300000,1
114.854700,115.255000,115.370000,114.840000,0.400300,0.530000,1
114.810000,114.870000,115.060000,114.730000,0.060000,0.330000,1
114.700000,114.790000,114.930000,114.590000,0.090000,0.340000,2
114.840000,114.700000,114.850000,114.520000,-0.140000,0.330000,2
114.970000,114.800000,115.160000,114.800000,-0.170000,0.360000,1
114.850000,114.970000,115.080000,114.790000,0.120000,0.290000,1
114.460000,114.850000,114.850000,114.420000,0.390000,0.430000,2
114.510000,114.490000,114.610000,114.300000,-0.020000,0.310000,2
114.600000,114.510000,114.600000,114.210000,-0.090000,0.390000,1
114.390000,114.590000,114.600000,114.240000,0.200000,0.360000,2
114.470000,114.415000,114.510000,114.320000,-0.055000,0.190000,2
114.600000,114.450000,114.640000,114.260000,-0.150000,0.380000,2
114.770000,114.600000,114.880000,114.510000,-0.170000,0.370000,2
114.907000,114.780000,115.000000,114.225000,-0.127000,0.775000,2
115.160000,114.890000,115.160000,114.850000,-0.270000,0.310000,2
115.250000,115.160000,115.310000,115.085000,-0.090000,0.225000,1
114.985000,115.225000,115.250900,114.930000,0.240000,0.320900,2
115.240000,114.980000,115.405000,114.980000,-0.260000,0.425000,1
115.090000,115.990000,116.070000,115.020000,0.900000,1.050000,2
115.565000,115.070000,115.820000,115.070000,-0.495000,0.750000,1
115.392300,115.540000,115.750000,115.340000,0.147700,0.410000,2
115.460000,115.370000,115.560000,115.270000,-0.090000,0.290000,1
115.330000,115.420000,115.525000,115.250000,0.090000,0.275000,1
115.230000,115.380000,115.380000,115.060000,0.150000,0.320000,2
115.240000,115.190000,115.250000,115.035000,-0.050000,0.215000,1
114.720000,115.250000,115.260000,114.680000,0.530000,0.580000,1
114.540000,114.710000,114.754300,114.400000,0.170000,0.354300,1
114.400000,114.590000,114.590000,114.330000,0.190000,0.260000,2
114.590000,114.400000,114.630000,114.370000,-0.190000,0.260000,2
114.770000,114.580000,114.870000,114.560000,-0.190000,0.310000,1
114.490000,114.770000,114.770000,114.450000,0.280000,0.320000,1
114.390000,114.480000,114.510000,114.350000,0.090000,0.160000,1
114.330000,114.400000,114.500000,114.285800,0.070000,0.214200,1
114.200000,114.390000,114.390000,114.110100,0.190000,0.279900,2
114.390000,114.210000,114.400000,114.015000,-0.180000,0.385000,1
114.360000,114.390000,114.510000,114.320000,0.030000,0.190000,1
114.360000,114.350000,114.521000,114.330100,-0.010000,0.190900,1
114.240000,114.375000,114.450000,114.170000,0.135000,0.280000,2
114.610000,114.250000,114.690000,114.250000,-0.360000,0.440000,2
114.640000,114.630000,114.760000,114.520000,-0.010000,0.240000,2
114.810000,114.660000,114.810100,114.480000,-0.150000,0.330100,1
114.450000,114.800000,114.810000,114.450000,0.350000,0.360000,2
114.575600,114.480000,114.580000,114.370000,-0.095600,0.210000,2
114.630000,114.590000,114.770000,114.555000,-0.040000,0.215000,1
114.060000,114.210000,114.620000,114.000000,0.150000,0.620000,2
114.390000,114.020000,114.670000,114.020000,-0.370000,0.650000,1
114.300000,114.410000,114.465000,114.220000,0.110000,0.245000,2
114.350000,114.320000,114.370000,114.220000,-0.030000,0.150000,1
114.325000,114.310000,114.470000,114.180000,-0.015000,0.290000,1
114.105000,114.340000,114.340000,114.000000,0.235000,0.340000,1
114.030000,114.080000,114.150000,113.950000,0.050000,0.200000,1
113.910000,114.060000,114.070000,113.890000,0.150000,0.180000,1
113.710000,113.880000,114.010000,113.690000,0.170000,0.320000,1
113.480000,113.705000,113.705000,113.410000,0.225000,0.295000,2
113.750000,113.470000,113.760000,113.360000,-0.280000,0.400000,2
114.220000,113.760000,114.240000,113.760000,-0.460000,0.480000,1
114.160000,114.230000,114.310000,114.040000,0.070000,0.270000,1
114.065100,114.210000,114.300000,114.065100,0.144900,0.234900,2
114.180000,114.055000,114.265000,113.980000,-0.125000,0.285000,1
114.090000,114.180000,114.240000,114.040000,0.090000,0.200000,2
114.370000,114.070000,114.370000,114.070000,-0.300000,0.300000,2
114.521800,114.360000,114.530000,114.350000,-0.161800,0.180000,2
115.330000,114.539900,115.770000,114.520000,-0.790100,1.250000,1
115.110000,115.300000,115.520000,115.110000,0.190000,0.410000,2
115.160000,115.130000,115.460000,115.130000,-0.030000,0.330000,1
114.985000,115.200000,115.200000,114.980000,0.215000,0.220000,2
115.360000,114.960000,115.435000,114.945000,-0.400000,0.490000,2
115.460000,115.420000,115.650000,115.390000,-0.040000,0.260000,2
115.510000,115.460000,115.560000,115.320000,-0.050000,0.240000,1
115.340000,115.510000,115.562500,115.230000,0.170000,0.332500,1
113.950000,114.700000,114.720000,113.930000,0.750000,0.790000,2
114.330000,113.930000,114.410000,113.680000,-0.400000,0.730000,2
114.505000,114.330000,114.660000,114.330000,-0.175000,0.330000,2
114.820000,114.505000,114.840000,114.440000,-0.315000,0.400000,1
114.590000,114.842000,114.950000,114.480000,0.252000,0.470000,1
114.210000,114.535000,114.630000,114.210000,0.325000,0.420000,1
114.130000,114.200000,114.200000,114.000000,0.070000,0.200000,2
114.405000,114.150000,114.410000,114.085000,-0.255000,0.325000,2
114.550000,114.380000,114.580000,114.335000,-0.170000,0.245000,2
114.900000,114.560000,114.900000,114.460000,-0.340000,0.440000,1
114.800000,114.920000,115.030000,114.800000,0.120000,0.230000,1
114.670000,114.815000,114.815000,114.640000,0.145000,0.175000,1
114.530000,114.650000,114.760000,114.516500,0.120000,0.243500,2
114.670000,114.520000,114.670000,114.360000,-0.150000,0.310000,2
114.750000,114.670000,114.760000,114.590000,-0.080000,0.170000,2
114.930000,114.780000,114.985000,114.760000,-0.150000,0.225000,1
114.830000,114.930000,114.940000,114.735100,0.100000,0.204900,1
114.810000,114.800000,114.870000,114.740000,-0.010000,0.130000,1
114.790000,114.810000,114.820000,114.630000,0.020000,0.190000,2
114.885000,114.800000,114.970000,114.800000,-0.085000,0.170000,2
114.895800,114.915000,114.970000,114.870000,0.019200,0.100000,1
114.820000,114.895000,114.980000,114.820000,0.075000,0.160000,2
114.855000,114.811600,114.860000,114.720000,-0.043400,0.140000,1
114.750000,114.840000,114.900000,114.700000,0.090000,0.200000,1
114.660000,114.740000,114.740000,114.600100,0.080000,0.139900,1
114.520000,114.670000,114.945000,114.510000,0.150000,0.435000,2
114.640000,114.650000,114.780000,114.300000,0.010000,0.480000,1
114.370000,114.630000,114.860000,114.360000,0.260000,0.500000,2
114.440000,114.370000,114.570000,114.030000,-0.070000,0.540000,2
114.910000,114.440000,114.910000,114.265000,-0.470000,0.645000,1
114.610000,114.840000,114.950000,114.543800,0.230000,0.406200,1
114.500000,114.560000,114.650000,114.350000,0.060000,0.300000,1
114.170000,114.480000,114.640000,114.170000,0.310000,0.470000,1
114.040000,114.140000,114.165000,113.760000,0.100000,0.405000,1
113.830000,114.050000,114.080000,113.620000,0.220000,0.460000,2
113.845000,113.830000,113.970000,113.750000,-0.015000,0.220000,1
113.650000,113.820000,113.850000,113.440000,0.170000,0.410000,1
113.470000,113.640000,113.840000,113.470000,0.170000,0.370000,1
113.380000,113.451100,113.560000,113.310000,0.071100,0.250000,2
113.520000,113.350100,113.740000,113.350100,-0.169900,0.389900,1
113.320000,113.500000,113.550000,113.100000,0.180000,0.450000,2
113.653200,113.330000,113.820000,113.260000,-0.323200,0.560000,1
113.486000,113.620000,113.770000,113.450000,0.134000,0.320000,2
113.500000,113.530000,113.760000,113.410000,0.030000,0.350000,1
112.840000,113.490000,113.520000,112.770000,0.650000,0.750000,1
112.670000,112.820000,113.020000,112.510000,0.150000,0.510000,1
112.360000,112.650000,112.760000,112.330000,0.290000,0.430000,2
112.685000,112.380000,112.710000,112.380000,-0.305000,0.330000,1
112.280000,112.670000,112.670000,112.150000,0.390000,0.520000,2
112.540000,112.260000,112.580000,112.170000,-0.280000,0.410000,1
112.135000,112.560000,112.620000,112.000000,0.425000,0.620000,1
111.650000,112.120000,112.750000,111.600000,0.470000,1.150000,1
110.330000,110.890000,111.420000,110.243500,0.560000,1.176500,2
111.330000,110.310000,111.390000,110.310000,-1.020000,1.080000,1
111.044900,111.300000,111.400000,110.560000,0.255100,0.840000,1
110.680000,110.980000,111.120000,110.430000,0.300000,0.690000,1
110.270000,110.620000,110.850000,110.240000,0.350000,0.610000,1
109.914100,110.140000,110.410000,109.910000,0.225900,0.500000,1
108.650000,109.930000,109.980000,108.650000,1.280000,1.330000,2
109.350000,108.660000,109.590000,108.590000,-0.690000,1.000000,1
109.320000,109.400000,109.620000,109.050000,0.080000,0.570000,2
109.670000,109.360000,109.780000,109.260000,-0.310000,0.520000,2
109.810000,109.685000,109.850000,109.446300,-0.125000,0.403700,2
109.980000,109.810000,110.360000,109.780000,-0.170000,0.580000,1
109.660000,109.990000,110.150000,109.560000,0.330000,0.590000,1
109.540000,109.710000,109.740000,109.520000,0.170000,0.220000,2
109.570000,109.540000,109.590000,109.060000,-0.030000,0.530000,1
109.200000,109.610000,109.760000,109.130000,0.410000,0.630000,2
109.221600,109.180000,109.440000,109.120000,-0.041600,0.320000,2
109.460000,109.245000,109.480000,108.950000,-0.215000,0.530000,1
109.090000,109.475000,109.580000,108.940000,0.385000,0.640000,1
108.820000,109.060000,109.275000,108.740000,0.240000,0.535000,1
107.870000,108.830000,108.840000,107.870000,0.960000,0.970000,2
107.940000,107.880000,108.280000,107.420000,-0.060000,0.860000,2
108.330000,107.930000,108.360000,107.550000,-0.400000,0.810000,2
108.790000,108.290000,109.330000,108.230000,-0.500000,1.100000,1
108.565000,108.760000,109.070000,108.440000,0.195000,0.630000,1
108.010000,108.560000,108.740000,108.010000,0.550000,0.730000,2
108.870000,110.220000,110.820000,108.680000,1.350000,2.140000,2
109.240000,108.898400,109.640000,108.520000,-0.341600,1.120000,1
108.070000,109.200000,109.460000,107.992000,1.130000,1.468000,1
107.670000,108.100000,108.210000,107.571600,0.430000,0.638400,2
108.005000,107.659900,108.700000,107.620000,-0.345100,1.080000,2
108.040000,108.025000,108.250000,107.680000,-0.015000,0.570000,2
108.300000,108.050000,108.520000,108.030000,-0.250000,0.490000,1
107.770000,108.270000,108.270000,107.450000,0.500000,0.820000,1
107.370000,107.730000,107.830000,107.260000,0.360000,0.570000,2
107.425000,107.340000,107.900000,107.160000,-0.085000,0.740000,2
107.560000,107.440000,107.640000,107.000000,-0.120000,0.640000,1
107.470000,107.560000,107.580000,107.210000,0.090000,0.370000,1
106.520000,107.460000,107.480000,106.470000,0.940000,1.010000,1
106.240000,106.505000,106.589900,106.040000,0.265000,0.549900,2
106.450000,106.239800,106.910000,105.945000,-0.210200,0.965000,1
106.206800,106.490000,106.590000,106.060000,0.283200,0.530000,2
106.380000,106.190000,106.410000,105.780000,-0.190000,0.630000,1
106.058000,106.390000,106.490000,106.050000,0.332000,0.440000,1
105.970000,106.050000,106.290000,105.840000,0.080000,0.450000,2
106.220000,105.920000,106.320000,105.920000,-0.300000,0.400000,1
105.690000,106.210000,106.220000,105.650000,0.520000,0.570000,2
106.050000,105.690000,106.220000,105.614500,-0.360000,0.605500,2
106.590000,106.100000,106.780000,105.784500,-0.490000,0.995500,2
106.700000,106.580000,107.030000,106.450000,-0.120000,0.580000,2
107.080000,106.710000,107.100000,106.620000,-0.370000,0.480000,1
106.840000,107.080000,107.330000,106.830000,0.240000,0.500000,2
108.230000,107.170000,108.590000,106.890000,-1.060000,1.700000,1
108.110000,108.230000,108.840000,108.110000,0.120000,0.730000,1
107.620000,108.070000,108.100000,107.610000,0.450000,0.490000,2
107.880000,107.700000,107.950000,107.380000,-0.180000,0.570000,1
107.315000,107.820000,107.940000,107.260000,0.505000,0.680000,2
107.380000,107.365000,107.530000,107.160000,-0.015000,0.370000,1
107.070000,107.430000,107.662700,107.070000,0.360000,0.592700,2
107.720000,107.110000,107.795000,107.110000,-0.610000,0.685000,2
107.800000,107.770000,107.900000,107.650000,-0.030000,0.250000,1
107.150000,107.800000,107.810000,107.080000,0.650000,0.730000,2
107.240000,107.100000,107.470000,106.700000,-0.140000,0.770000,1
107.080000,107.195000,107.454000,106.910000,0.115000,0.544000,1
107.040000,107.090000,107.370000,106.920000,0.050000,0.450000,1
106.970000,107.100000,107.195000,106.930000,0.130000,0.265000,2
107.270000,106.990000,107.380000,106.975000,-0.280000,0.405000,1
107.130000,107.260000,107.480000,107.085100,0.130000,0.394900,2
107.340000,107.145000,107.540000,107.120000,-0.195000,0.420000,2
107.410000,107.360000,107.510000,107.325000,-0.050000,0.185000,1
107.005000,107.445000,107.460000,107.000000,0.440000,0.460000,1
106.905000,107.020000,107.160000,106.890000,0.115000,0.270000,2
107.280000,106.925000,107.300000,106.880000,-0.355000,0.420000,2
107.635000,107.290000,107.720000,107.210000,-0.345000,0.510000,1
107.030000,107.635000,107.680000,107.010000,0.605000,0.670000,1
107.000000,107.040000,107.210000,106.966400,0.040000,0.243600,1
106.940000,106.970000,107.060000,106.850000,0.030000,0.210000,1
106.340000,106.920000,107.060000,106.340000,0.580000,0.720000,2
107.210000,107.150000,107.450000,106.760000,-0.060000,0.690000,2
107.320000,107.230000,107.360000,106.800000,-0.090000,0.560000,2
107.655000,107.330000,107.880000,107.330000,-0.325000,0.550000,1
107.500000,107.610000,107.860000,107.490000,0.110000,0.370000,2
108.040000,107.500000,108.050000,107.440000,-0.540000,0.610000,2
108.172000,108.070000,108.210000,107.980000,-0.102000,0.230000,1
108.140000,108.160000,108.210000,107.940000,0.020000,0.270000,2
108.300000,108.160000,108.300000,108.005000,-0.140000,0.295000,1
107.930000,108.280000,108.280000,107.800000,0.350000,0.480000,2
108.100000,107.910000,108.132100,107.910000,-0.190000,0.222100,2
108.235000,108.120000,108.310000,108.053800,-0.115000,0.256200,1
108.119000,108.246700,108.300000,108.020000,0.127700,0.280000,2
108.340000,108.149900,108.359900,108.025000,-0.190100,0.334900,2
108.475000,108.370000,108.590000,108.350000,-0.105000,0.240000,1
108.410000,108.470000,108.530000,108.275000,0.060000,0.255000,1
108.360000,108.410000,108.410000,108.140000,0.050000,0.270000,2
108.570000,108.350000,108.630000,108.350000,-0.220000,0.280000,1
108.235000,108.570000,108.595000,108.210000,0.335000,0.385000,2
108.670000,108.250000,108.720000,108.250000,-0.420000,0.470000,1
108.630000,108.680000,108.680000,108.445000,0.050000,0.235000,1
108.630000,108.650000,108.750000,108.580000,0.020000,0.170000,1
108.290000,108.625000,108.625000,108.200000,0.335000,0.425000,2
108.440000,108.290000,108.440000,108.197400,-0.150000,0.242600,1
108.230000,108.420000,108.450000,108.110000,0.190000,0.340000,2
108.680000,108.240000,108.690000,108.020000,-0.440000,0.670000,1
108.620000,108.700000,108.750000,108.490000,0.080000,0.260000,2
108.830000,108.396200,108.990000,108.260000,-0.433800,0.730000,2
108.990000,108.900000,109.110000,108.660000,-0.090000,0.450000,2
109.000000,108.950000,109.240000,108.865000,-0.050000,0.375000,2
109.140000,109.010000,109.195000,108.870000,-0.130000,0.325000,1
108.700000,109.080000,109.120000,108.650000,0.380000,0.470000,2
108.950000,108.690000,109.050000,108.370000,-0.260000,0.680000,2
109.255000,108.900000,109.370000,108.680000,-0.355000,0.690000,2
109.550000,109.290000,109.560000,109.195000,-0.260000,0.365000,2
109.840000,109.550000,109.850000,109.440000,-0.290000,0.410000,2
110.100000,109.855000,110.135000,109.740000,-0.245000,0.395000,2
110.370000,110.140000,110.390000,110.070000,-0.230000,0.320000,2
110.410000,110.388500,110.590000,110.361800,-0.021500,0.228200,2
110.630000,110.430000,110.790000,110.240000,-0.200000,0.550000,2
110.750000,110.610000,110.770000,110.400000,-0.140000,0.370000,1
110.360000,110.750000,110.760000,110.240000,0.390000,0.520000,1
110.240000,110.400000,110.430000,110.140000,0.160000,0.290000,2
110.300000,110.260000,110.415000,110.180000,-0.040000,0.235000,2
110.340000,110.250000,110.380000,110.140000,-0.090000,0.240000,1
110.140000,110.280000,110.390000,109.870000,0.140000,0.520000,1
109.810000,110.070000,110.186600,109.760000,0.260000,0.426600,2
110.090000,109.810000,110.100000,109.720000,-0.280000,0.380000,1
110.080000,110.030000,110.240000,109.980000,-0.050000,0.260000,1
110.050000,110.070000,110.230000,109.950000,0.020000,0.280000,1
110.015000,110.043200,110.150000,109.860000,0.028200,0.290000,1
109.390000,110.015000,110.015000,109.320000,0.625000,0.695000,2
109.895000,109.360000,109.976700,109.290000,-0.535000,0.686700,1
109.410000,109.130000,109.410000,108.680000,-0.280000,0.730000,1
109.160000,109.340000,109.580000,109.085000,0.180000,0.495000,2
109.250000,109.080000,109.332000,108.800000,-0.170000,0.532000,2
109.560000,109.280000,109.595000,109.090000,-0.280000,0.505000,2
109.750000,109.540000,109.825000,109.500000,-0.210000,0.325000,1
109.600000,109.780000,109.790000,109.490000,0.180000,0.300000,2
109.610000,109.565000,109.660000,109.390000,-0.045000,0.270000,1
109.115000,109.600000,109.640000,109.010000,0.485000,0.630000,1
108.500000,109.100000,109.250000,108.460000,0.600000,0.790000,1
108.360000,108.460000,108.490000,108.050000,0.100000,0.440000,2
108.460000,108.350000,108.650000,108.250000,-0.110000,0.400000,2
108.740000,108.420000,108.950000,108.350000,-0.320000,0.600000,2
108.860000,108.720000,108.930000,108.530000,-0.140000,0.400000,1
108.700000,108.870500,108.915000,108.650000,0.170500,0.265000,1
108.660000,108.690000,108.930000,108.640000,0.030000,0.290000,1
108.240000,108.650000,108.800000,108.210000,0.410000,0.590000,1
108.030000,108.270000,108.410000,107.980000,0.240000,0.430000,1
108.020000,108.060000,108.250000,107.900000,0.040000,0.350000,2
108.170000,108.000000,108.420000,107.950000,-0.170000,0.470000,1
108.090000,108.130000,108.290000,107.910000,0.040000,0.380000,2
108.160000,108.080000,108.200000,107.890000,-0.080000,0.310000,1
108.070000,108.200000,108.380000,108.030000,0.130000,0.350000,1
107.865700,108.060000,108.180000,107.815000,0.194300,0.365000,2
108.210000,107.870000,108.380000,107.870000,-0.340000,0.510000,1
108.210000,108.210000,108.470000,107.990000,0.000000,0.480000,1
108.150000,108.160000,108.330000,107.870000,0.010000,0.460000,2
108.460000,107.670000,108.510000,107.290000,-0.790000,1.220000,2
108.740000,108.510000,108.800000,108.370000,-0.230000,0.430000,1
108.680000,108.720000,108.920000,108.499900,0.040000,0.420100,2
108.780000,108.650000,108.860000,108.620000,-0.130000,0.240000,2
108.850000,108.737500,108.930000,108.640000,-0.112500,0.290000,2
109.040000,108.850000,109.060000,108.630000,-0.190000,0.430000,2
109.170000,109.060000,109.200000,108.810000,-0.110000,0.390000,1
108.840000,109.170000,109.210000,108.740000,0.330000,0.470000,1
108.545000,108.830000,108.910000,108.530000,0.285000,0.380000,2
108.935000,108.510000,108.960000,108.480000,-0.425000,0.480000,1
108.800000,108.940000,109.020000,108.720000,0.140000,0.300000,1
108.470000,108.770000,108.810000,108.450000,0.300000,0.360000,1
108.400000,108.457300,108.520000,108.220000,0.057300,0.300000,1
108.230000,108.430000,108.520000,108.220000,0.200000,0.300000,2
108.430000,108.170000,108.520000,108.024400,-0.260000,0.495600,2
108.495000,108.450000,108.680000,108.350000,-0.045000,0.330000,1
108.400000,108.450000,108.560000,108.350000,0.050000,0.210000,1
108.380000,108.380000,108.590000,108.360000,0.000000,0.230000,1
107.795100,108.370000,108.370000,107.660000,0.574900,0.710000,2
108.010000,107.800000,108.120000,107.750000,-0.210000,0.370000,2
108.020000,108.010000,108.250000,107.970000,-0.010000,0.280000,2
108.180000,108.060000,108.270000,108.025000,-0.120000,0.245000,1
108.010000,108.220000,108.260000,107.910000,0.210000,0.350000,2
108.310000,108.005000,108.350000,107.920000,-0.305000,0.430000,2
108.370000,108.305000,108.420000,108.180000,-0.065000,0.240000,1
107.930000,108.370000,108.470000,107.930000,0.440000,0.540000,1
107.580000,108.120000,108.320000,107.560000,0.540000,0.760000,1
107.410000,107.610000,107.680000,107.210000,0.200000,0.470000,1
107.150000,107.400200,107.470000,107.000000,0.250200,0.470000,1
106.730000,107.100000,107.160000,106.470000,0.370000,0.690000,2
107.240000,106.720000,107.300000,106.700000,-0.520000,0.600000,2
107.320000,107.230000,107.400000,107.125000,-0.090000,0.275000,1
106.970000,107.280000,107.280000,106.949800,0.310000,0.330200,2
107.170000,106.980000,107.280000,106.890000,-0.190000,0.390000,1
106.670000,107.160000,107.260000,106.650000,0.490000,0.610000,1
106.540000,106.650000,106.900000,106.400100,0.110000,0.499900,1
106.415000,106.560000,106.760000,106.405000,0.145000,0.355000,2
106.470000,106.410000,106.590000,106.344600,-0.060000,0.245400,1
106.390000,106.480000,106.530000,106.250000,0.090000,0.280000,1
106.350000,106.430000,106.485000,106.280100,0.080000,0.204900,2
106.590000,106.360000,106.695000,106.360000,-0.230000,0.335000,1
106.530000,106.560000,106.670000,106.410000,0.030000,0.260000,2
106.590000,106.519900,106.706000,106.519900,-0.070100,0.186100,1
106.400000,106.590000,106.730000,106.360000,0.190000,0.370000,1
106.260000,106.405000,106.480000,106.200000,0.145000,0.280000,1
106.250000,106.250000,106.350000,106.210000,0.000000,0.140000,1
106.150000,106.250000,106.320000,106.120000,0.100000,0.200000,2
106.430000,106.150000,106.550000,106.150000,-0.280000,0.400000,2
106.560000,106.380000,106.650000,106.330000,-0.180000,0.320000,1
106.415000,106.560000,106.580000,106.320000,0.145000,0.260000,1
106.400000,106.400000,106.670000,106.280000,0.000000,0.390000,1
106.340000,106.390000,106.490000,106.310000,0.050000,0.180000,1
104.970000,104.110000,105.150000,103.750000,-0.860000,1.400000,1
104.650000,104.990000,105.300000,104.650000,0.340000,0.650000,1
104.380000,104.670000,104.870000,104.240000,0.290000,0.630000,1
104.122300,104.340000,104.360000,103.950000,0.217700,0.410000,2
104.310000,104.100000,104.490000,103.700000,-0.210000,0.790000,2
104.745000,104.310000,104.760000,104.190000,-0.435000,0.570000,2
105.190000,104.730000,105.230000,104.510000,-0.460000,0.720000,2
105.270000,105.210000,105.340000,105.040000,-0.060000,0.300000,1
104.560000,105.250000,105.305000,104.560000,0.690000,0.745000,1
104.358700,104.570000,104.790000,104.350000,0.211300,0.440000,2
104.760000,104.340000,104.760000,104.340000,-0.420000,0.420000,2
104.863300,104.770000,105.020000,104.690000,-0.093300,0.330000,2
104.940000,104.880000,105.020000,104.830000,-0.060000,0.190000,1
104.810000,104.960000,105.000000,104.650000,0.150000,0.350000,2
105.330000,104.820000,105.443200,104.780000,-0.510000,0.663200,1
105.100000,105.360000,105.410000,105.080000,0.260000,0.330000,1
104.900000,105.160000,105.310000,104.870000,0.260000,0.440000,1
104.890000,104.914600,105.080000,104.770000,0.024600,0.310000,2
105.180000,104.875000,105.305000,104.760000,-0.305000,0.545000,2
105.430000,105.240000,105.590000,105.230000,-0.190000,0.360000,2
105.770000,105.420000,105.840000,105.390000,-0.350000,0.450000,2
106.030000,105.770000,106.120000,105.620000,-0.260000,0.500000,1
105.780000,106.005000,106.150000,105.630000,0.225000,0.520000,1
105.630000,105.740000,105.870000,105.560000,0.110000,0.310000,1
105.540000,105.620000,105.930000,105.510000,0.080000,0.420000,1
105.260000,105.555000,105.580000,105.170000,0.295000,0.410000,1
104.500000,104.530000,104.811700,104.230000,0.030000,0.581700,1
104.450000,104.500000,104.790000,104.405000,0.050000,0.385000,2
104.590000,104.420000,104.820000,104.380000,-0.170000,0.440000,2
104.750000,104.580000,104.800000,104.410000,-0.170000,0.390000,2
104.790000,104.785000,105.015000,104.660000,-0.005000,0.355000,1
104.260000,104.770000,104.780000,104.250000,0.510000,0.530000,1
104.050000,104.240000,104.300000,103.940000,0.190000,0.360000,2
104.080000,104.060000,104.280000,103.900000,-0.020000,0.380000,2
104.190000,104.080000,104.250000,103.910000,-0.110000,0.340000,2
104.540000,104.190000,104.590000,104.140000,-0.350000,0.450000,1
104.405000,104.520000,104.570000,104.340000,0.115000,0.230000,2
104.465000,104.370000,104.570000,104.250000,-0.095000,0.320000,1
104.183600,104.474300,104.510000,104.050000,0.290700,0.460000,2
104.340000,104.190000,104.410000,104.058500,-0.150000,0.351500,1
104.040000,104.290000,104.290000,103.950000,0.250000,0.340000,2
104.230000,104.030000,104.280000,103.900000,-0.200000,0.380000,2
104.400000,104.225000,104.400000,104.000000,-0.175000,0.400000,1
104.210000,104.410000,104.490000,104.100000,0.200000,0.390000,1
104.190000,104.190000,104.220000,103.880000,0.000000,0.340000,2
104.640000,104.160000,104.660000,103.990000,-0.480000,0.670000,1
104.353700,104.630000,104.810000,104.300000,0.276300,0.510000,1
104.270000,104.340000,104.400000,104.120000,0.070000,0.280000,1
104.175000,104.240000,104.270000,103.900000,0.065000,0.370000,1
103.840000,104.150000,104.260000,103.790000,0.310000,0.470000,2
103.894800,103.840000,104.130000,103.610000,-0.054800,0.520000,1
103.270000,103.870000,103.942700,102.915000,0.600000,1.027700,2
104.550000,103.925000,104.680000,103.810000,-0.625000,0.870000,2
104.590000,104.530000,104.790000,104.340000,-0.060000,0.450000,2
105.000000,104.575000,105.010000,104.483600,-0.425000,0.526400,1
104.835000,105.000000,105.002200,104.360000,0.165000,0.642200,2
105.390000,104.830000,105.390000,104.710000,-0.560000,0.680000,1
105.110000,105.380000,105.420000,105.110000,0.270000,0.310000,1
104.890000,105.150000,105.250000,104.750000,0.260000,0.500000,2
105.590000,104.893500,105.610000,104.890000,-0.696500,0.720000,1
105.430000,105.610000,105.680000,105.320000,0.180000,0.360000,2
105.440000,105.470000,105.640100,105.330000,0.030000,0.310100,1
105.340000,105.465000,105.465000,105.190000,0.125000,0.275000,1
105.010000,105.330000,105.330000,104.950000,0.320000,0.380000,2
105.140000,104.960000,105.160000,104.875000,-0.180000,0.285000,2
105.470000,105.140000,105.470000,105.065000,-0.330000,0.405000,1
105.040000,105.500000,105.520000,104.960000,0.460000,0.560000,2
105.280000,105.060000,105.283000,104.785000,-0.220000,0.498000,2
105.470000,105.275000,105.510000,105.190000,-0.195000,0.320000,1
105.250000,105.470000,105.540000,105.224000,0.220000,0.316000,2
105.270000,105.260000,105.360000,105.130000,-0.010000,0.230000,2
105.440000,105.275000,105.520000,105.170000,-0.165000,0.350000,2
105.600000,105.440000,105.690000,105.385000,-0.160000,0.305000,2
105.720000,105.630000,105.810000,105.630000,-0.090000,0.180000,2
105.750000,105.760000,105.780000,105.525000,0.010000,0.255000,1
105.720000,105.747500,105.890000,105.660000,0.027500,0.230000,1
105.090000,105.730000,105.810000,105.000000,0.640000,0.810000,1
104.840000,105.095000,105.130000,104.660000,0.255000,0.470000,1
103.460000,103.940000,104.250000,103.340000,0.480000,0.910000,2
103.780000,103.470000,104.018000,103.460000,-0.310000,0.558000,1
103.563200,103.805000,103.805000,103.055000,0.241800,0.750000,1
103.540000,103.550000,103.900000,103.420000,0.010000,0.480000,1
103.200000,103.510000,103.570000,103.100000,0.310000,0.470000,1
103.130000,103.200000,103.200000,102.920000,0.070000,0.280000,2
103.710000,103.240000,103.800000,103.220000,-0.470000,0.580000,1
103.690000,103.715000,104.130000,103.680000,0.025000,0.450000,1
103.560000,103.640000,104.060000,103.550000,0.080000,0.510000,2
104.000000,103.550000,104.017600,103.470000,-0.450000,0.547600,2
104.140000,104.000000,104.310000,103.890000,-0.140000,0.420000,2
104.370000,104.160000,104.390000,104.024300,-0.210000,0.365700,1
104.140000,104.400000,104.550000,104.060000,0.260000,0.490000,2
104.409900,104.180000,104.550000,104.180000,-0.229900,0.370000,1
104.140000,104.440000,104.540300,104.110000,0.300000,0.430300,2
104.203600,104.120000,104.230000,103.750000,-0.083600,0.480000,2
104.440000,104.205100,104.555000,104.050000,-0.234900,0.505000,1
103.970000,104.480000,104.530000,103.860000,0.510000,0.670000,2
104.020000,103.990000,104.180000,103.750000,-0.030000,0.430000,1
103.920000,103.980000,104.280000,103.830000,0.060000,0.450000,1
103.360000,103.980000,104.020000,103.290000,0.620000,0.730000,1
103.300000,103.390000,103.590000,103.120000,0.090000,0.470000,2
103.870000,103.280000,104.030000,103.280000,-0.590000,0.750000,1
103.270000,103.860000,103.980000,103.250000,0.590000,0.730000,2
103.420000,103.290000,104.140000,103.280000,-0.130000,0.860000,2
105.230000,104.590000,105.490000,104.590000,-0.640000,0.900000,2
105.719000,105.250000,105.719000,105.000000,-0.469000,0.719000,2
106.190000,105.780000,106.360000,105.780000,-0.410000,0.580000,2
106.300000,106.230000,106.380000,106.010000,-0.070000,0.370000,1
106.120000,106.290000,106.360000,105.850000,0.170000,0.510000,2
106.490000,106.130000,106.610000,105.971100,-0.360000,0.638900,1
106.010000,106.550000,106.610000,105.970000,0.540000,0.640000,2
106.060000,106.000000,106.060000,105.728000,-0.060000,0.332000,2
106.470000,106.065000,106.560000,106.000000,-0.405000,0.560000,1
106.040000,106.490000,106.570000,106.030000,0.450000,0.540000,2
106.150000,106.035000,106.290000,105.970000,-0.115000,0.320000,2
106.375000,106.170000,106.375000,105.950000,-0.205000,0.425000,2
106.490000,106.350000,106.590000,106.280000,-0.140000,0.310000,1
106.140000,106.490000,106.540000,105.970000,0.350000,0.570000,2
106.510000,106.130000,106.550000,106.080000,-0.380000,0.470000,1
106.210000,106.493500,106.550000,106.190000,0.283500,0.360000,2
106.430000,106.220000,106.450000,106.170000,-0.210000,0.280000,1
106.230000,106.460000,106.630000,106.210000,0.230000,0.420000,1
105.750000,106.192700,106.255000,105.640000,0.442700,0.615000,2
105.800000,105.750000,106.040000,105.590000,-0.050000,0.450000,2
105.860000,105.785000,105.940000,105.530000,-0.075000,0.410000,1
105.390000,105.860000,105.910000,105.310000,0.470000,0.600000,1
104.540000,105.390000,105.390000,104.450000,0.850000,0.940000,2
104.660000,104.520000,104.860000,104.350000,-0.140000,0.510000,1
103.850000,104.640000,104.730000,103.800000,0.790000,0.930000,2
104.870000,103.840000,105.080000,103.703000,-1.030000,1.377000,2
105.590000,105.615000,105.680000,104.950000,0.025000,0.730000,2
106.130000,105.590000,106.200000,105.260000,-0.540000,0.940000,2
106.225000,106.120000,106.240000,105.790000,-0.105000,0.450000,1
105.880000,106.220000,106.470000,105.880000,0.340000,0.590000,1
105.550000,105.890000,105.890000,105.360000,0.340000,0.530000,1
105.540000,105.530000,105.540000,105.520000,-0.010000,0.020000,1
105.100000,105.280000,105.550000,105.070000,0.180000,0.480000,2
105.500000,105.040000,105.630000,104.870000,-0.460000,0.760000,1
105.440000,105.500000,105.550000,105.293800,0.060000,0.256200,1
105.050000,105.480000,105.610000,105.030000,0.430000,0.580000,2
105.440000,105.110000,105.570000,105.090000,-0.330000,0.480000,2
105.600000,105.460000,105.640000,105.360000,-0.140000,0.280000,1
105.310000,105.570000,105.570000,105.270000,0.260000,0.300000,1
105.160000,105.300000,105.510000,105.150000,0.140000,0.360000,2
105.210000,105.140000,105.370000,105.060000,-0.070000,0.310000,2
105.430000,105.230000,105.610000,105.230000,-0.200000,0.380000,2
105.810000,105.390000,105.860000,105.350000,-0.420000,0.510000,2
106.130000,105.840000,106.180000,105.760000,-0.290000,0.420000,1
105.840000,106.130000,106.230000,105.660000,0.290000,0.570000,1
105.810000,105.870000,106.060000,105.770000,0.060000,0.290000,2
105.940000,105.820000,106.100000,105.700000,-0.120000,0.400000,2
106.110000,105.953700,106.270000,105.800000,-0.156300,0.470000,2
106.390000,106.140000,106.480000,105.710000,-0.250000,0.770000,2
106.630000,106.423900,106.680000,106.270000,-0.206100,0.410000,1
106.610000,106.660000,106.760000,106.430000,0.050000,0.330000,2
106.730000,106.560000,106.880000,106.490000,-0.170000,0.390000,2
108.550000,107.910000,108.575500,107.800000,-0.640000,0.775500,2
108.570000,108.620000,108.630000,108.310000,0.050000,0.320000,2
108.930000,108.570000,108.970000,108.430000,-0.360000,0.540000,2
108.990000,108.930000,109.160000,108.805000,-0.060000,0.355000,2
109.475000,109.000000,109.480000,108.880000,-0.475000,0.600000,1
109.120000,109.490000,109.510000,108.980000,0.370000,0.530000,2
109.130000,109.150000,109.287000,108.935000,0.020000,0.352000,2
109.250000,109.120000,109.340000,109.020000,-0.130000,0.320000,1
109.120000,109.250000,109.370000,108.975000,0.130000,0.395000,2
109.340000,109.145000,109.560000,109.145000,-0.195000,0.415000,1
108.795000,109.360000,109.370000,108.740000,0.565000,0.630000,2
108.910000,108.800000,108.930000,108.490000,-0.110000,0.440000,2
109.050000,108.900000,109.100000,108.740000,-0.150000,0.360000,2
109.300000,109.020000,109.375000,109.000000,-0.280000,0.375000,2
109.385000,109.299000,109.615000,109.190000,-0.086000,0.425000,2
109.440000,109.380000,109.510000,109.190000,-0.060000,0.320000,2
109.650000,109.470000,109.660000,109.315000,-0.180000,0.345000,1
109.630000,109.640000,109.810000,109.570000,0.010000,0.240000,2
109.705000,109.630000,109.790000,109.460000,-0.075000,0.330000,2
109.980000,109.685000,109.990000,109.640100,-0.295000,0.349900,2
110.030000,109.980000,110.060000,109.840000,-0.050000,0.220000,2
110.160000,110.060000,110.162900,109.840000,-0.100000,0.322900,2
110.405000,110.140000,110.425000,110.100000,-0.265000,0.325000,1
109.950000,110.400000,110.470000,109.840000,0.450000,0.630000,1
109.539000,109.920000,109.945000,109.520000,0.381000,0.425000,1
109.030000,109.540000,109.630000,108.970000,0.510000,0.660000,2
109.650000,109.500000,110.220000,109.305000,-0.150000,0.915000,1
109.230000,109.680000,109.680000,109.140000,0.450000,0.540000,1
109.210000,109.200000,109.250000,108.660000,-0.010000,0.590000,1
109.140100,109.190000,109.280000,108.836600,0.049900,0.443400,2
109.570000,109.200000,109.570000,109.100000,-0.370000,0.470000,1
109.370000,109.555000,109.600000,109.290000,0.185000,0.310000,1
109.290000,109.410000,109.450000,109.070000,0.120000,0.380000,2
109.310000,109.320000,109.430000,109.220000,0.010000,0.210000,2
109.410000,109.360000,109.430000,109.163000,-0.050000,0.267000,1
109.180000,109.460000,109.490000,109.180000,0.280000,0.310000,2
109.280100,109.210000,109.320000,109.115000,-0.070100,0.205000,1
109.190000,109.290000,109.290000,109.110000,0.100000,0.180000,2
109.320000,109.205000,109.335000,109.150000,-0.115000,0.185000,1
109.210000,109.320000,109.405000,109.160000,0.110000,0.245000,1
108.920000,109.250000,109.250000,108.835000,0.330000,0.415000,2
108.981000,108.890000,109.050000,108.860000,-0.091000,0.190000,1
108.865000,108.985000,108.990000,108.660000,0.120000,0.330000,1
108.720000,108.890000,108.890000,108.650000,0.170000,0.240000,1
108.360000,108.720000,108.735000,108.330000,0.360000,0.405000,2
108.690000,108.380000,108.830000,108.380000,-0.310000,0.450000,1
108.640000,108.695000,108.790000,108.480000,0.055000,0.310000,2
108.805000,108.630000,108.975000,108.630000,-0.175000,0.345000,2
108.820000,108.770000,108.960000,108.730000,-0.050000,0.230000,1
108.730000,108.800000,108.840000,108.670000,0.070000,0.170000,2
108.980000,108.730000,108.980000,108.710000,-0.250000,0.270000,1
108.970000,108.980000,109.020000,108.760000,0.010000,0.260000,2
110.230000,109.970000,110.550000,109.730000,-0.260000,0.820000,1
110.180000,110.270000,110.800000,110.080000,0.090000,0.720000,1
109.730000,110.135000,110.170000,109.710000,0.405000,0.460000,1
109.515000,109.660000,109.760000,109.484800,0.145000,0.275200,1
109.040000,109.500000,109.585000,108.905000,0.460000,0.680000,2
109.070000,109.090000,109.260000,108.890000,0.020000,0.370000,1
108.690000,109.150000,109.150000,108.640000,0.460000,0.510000,1
108.480000,108.680000,108.740000,108.310000,0.200000,0.430000,1
108.190000,108.420000,108.560000,108.119000,0.230000,0.441000,2
108.200000,108.150000,108.200000,107.920000,-0.050000,0.280000,1
107.970000,108.175000,108.250000,107.950000,0.205000,0.300000,2
108.120000,107.970000,108.160000,107.890000,-0.150000,0.270000,1
107.930000,108.150000,108.160000,107.770000,0.220000,0.390000,2
107.980000,107.900000,107.980000,107.810000,-0.080000,0.170000,2
108.060000,107.950000,108.130000,107.730000,-0.110000,0.400000,1
107.940000,108.065000,108.099900,107.870000,0.125000,0.229900,2
108.130000,107.880000,108.160000,107.850100,-0.250000,0.309900,1
107.990000,108.090000,108.150000,107.880000,0.100000,0.270000,1
107.560000,108.000000,108.000000,107.500000,0.440000,0.500000,2
108.430000,107.570000,108.560000,107.520000,-0.860000,1.040000,1
108.230000,108.430000,108.430000,108.000000,0.200000,0.430000,1
108.140000,108.180000,108.270000,108.050000,0.040000,0.220000,2
108.290000,108.180000,108.470000,107.880000,-0.110000,0.590000,1
108.290000,108.290000,108.410000,108.210000,0.000000,0.200000,2
108.460000,108.280000,108.470000,108.170000,-0.180000,0.300000,1
108.298500,108.460000,108.590000,108.100000,0.161500,0.490000,2
108.990000,108.710000,109.081000,108.600000,-0.280000,0.481000,1
108.890000,108.950000,109.090000,108.822000,0.060000,0.268000,1
108.730000,108.850000,108.900000,108.640000,0.120000,0.260000,2
108.970000,108.700000,109.065000,108.670000,-0.270000,0.395000,1
108.950000,109.000000,109.210000,108.910000,0.050000,0.300000,2
109.045000,108.940000,109.100000,108.870000,-0.105000,0.230000,1
109.030000,109.030000,109.070000,108.900000,0.000000,0.170000,1
108.800000,109.060000,109.130000,108.800000,0.260000,0.330000,1
108.770000,108.790000,108.930100,108.700000,0.020000,0.230100,2
108.910000,108.786600,108.920000,108.660000,-0.123400,0.260000,1
108.900000,108.910000,108.930000,108.830000,0.010000,0.100000,1
108.830000,108.870000,108.885000,108.710000,0.040000,0.175000,2
108.840000,108.840000,108.920000,108.745000,0.000000,0.175000,1
108.695000,108.840000,108.850000,108.695000,0.145000,0.155000,2
108.785000,108.720000,108.850000,108.720000,-0.065000,0.130000,1
108.760000,108.770000,108.825000,108.623900,0.010000,0.201100,2
108.910000,108.770000,108.999000,108.760000,-0.140000,0.239000,2
108.988500,108.920000,108.988500,108.850000,-0.068500,0.138500,1
108.980000,108.970000,109.000000,108.880000,-0.010000,0.120000,2
109.197600,108.985000,109.200000,108.960000,-0.212600,0.240000,2
109.230000,109.210000,109.230000,109.110000,-0.020000,0.120000,1
109.220000,109.250000,109.289000,109.120000,0.030000,0.169000,2
109.250000,109.220000,109.275000,109.120000,-0.030000,0.155000,1
109.060000,109.220000,109.240000,108.970000,0.160000,0.270000,1
108.990000,109.090000,109.170000,108.960000,0.100000,0.210000,2
109.070000,108.970000,109.100000,108.870000,-0.100000,0.230000,1
108.090000,108.820000,108.820000,107.760000,0.730000,1.060000,2
108.420000,108.160000,108.530000,108.160000,-0.260000,0.370000,1
108.149900,108.380000,108.415000,108.000000,0.230100,0.415000,2
108.220000,108.145000,108.280000,107.930000,-0.075000,0.350000,2
108.520000,108.195000,108.520000,107.950000,-0.325000,0.570000,2
108.899500,108.510000,108.899500,108.500000,-0.389500,0.399500,2
109.330000,108.920000,109.330000,108.850000,-0.410000,0.480000,1
109.246000,109.330000,109.330000,109.040000,0.084000,0.290000,1
109.100000,109.210100,109.230000,109.020000,0.110100,0.210000,1
108.910000,109.090000,109.100000,108.870000,0.180000,0.230000,2
109.110000,108.930000,109.160000,108.830000,-0.180000,0.330000,1
109.090000,109.090000,109.135000,108.980000,0.000000,0.155000,2
109.370000,109.110000,109.370000,109.020000,-0.260000,0.350000,1
109.280000,109.380000,109.380000,109.220000,0.100000,0.160000,2
109.340000,109.290000,109.410000,109.130000,-0.050000,0.280000,1
109.160000,109.340000,109.355000,109.160000,0.180000,0.195000,1
108.980000,109.137000,109.137000,108.930000,0.157000,0.207000,2
109.320000,109.020000,109.435000,109.020000,-0.300000,0.415000,2
109.365000,109.280000,109.400000,109.090000,-0.085000,0.310000,1
109.070000,109.350000,109.390000,109.020000,0.280000,0.370000,1
109.050000,109.030000,109.190000,108.990000,-0.020000,0.200000,2
109.150000,109.050000,109.310000,109.050000,-0.100000,0.260000,2
109.170000,109.130000,109.240000,109.050000,-0.040000,0.190000,2
109.240000,109.190000,109.330000,109.130000,-0.050000,0.200000,1
109.110000,109.225000,109.260000,109.000000,0.115000,0.260000,2
109.580000,109.110000,109.670000,109.050000,-0.470000,0.620000,2
110.970000,110.480000,111.240000,110.310000,-0.490000,0.930000,1
110.060000,111.055000,111.090000,110.030000,0.995000,1.060000,1
109.700000,110.050000,110.050000,109.358000,0.350000,0.692000,2
109.820000,109.660000,109.820000,109.430000,-0.160000,0.390000,2
110.230000,109.880000,110.300000,109.846100,-0.350000,0.453900,1
110.140000,110.250000,110.290000,109.920000,0.110000,0.370000,1
110.000000,110.090000,110.090000,109.820000,0.090000,0.270000,1
109.635000,109.970000,110.070000,109.563700,0.335000,0.506300,2
109.820000,109.690000,110.040000,109.690000,-0.130000,0.350000,2
110.070000,109.835000,110.090000,109.760000,-0.235000,0.330000,2
110.410000,110.110000,110.410000,110.060000,-0.300000,0.350000,1
110.300000,110.420000,110.480000,110.300000,0.120000,0.180000,2
110.505400,110.320000,110.505400,110.200000,-0.185400,0.305400,2
110.630000,110.520000,110.660000,110.480000,-0.110000,0.180000,2
110.770000,110.630000,110.810000,110.590000,-0.140000,0.220000,1
110.750000,110.786400,110.830000,110.650100,0.036400,0.179900,1
110.550000,110.765000,110.800000,110.520000,0.215000,0.280000,1
110.540000,110.525000,110.620000,110.492300,-0.015000,0.127700,2
110.975000,110.540000,111.030000,110.525100,-0.435000,0.504900,2
111.006900,110.990000,111.020000,110.870000,-0.016900,0.150000,2
111.090000,111.000000,111.310000,110.920100,-0.090000,0.389900,2
111.210000,111.090000,111.210000,111.010000,-0.120000,0.200000,2
111.390000,111.210000,111.390000,111.187700,-0.180000,0.202300,2
111.590000,111.360000,111.610000,111.250000,-0.230000,0.360000,1
111.390000,111.590000,111.730000,111.390000,0.200000,0.340000,2
111.480000,111.380000,111.530000,111.310000,-0.100000,0.220000,2
111.910000,111.100000,112.100100,111.040000,-0.810000,1.060100,2
112.080000,111.890000,112.230000,111.880000,-0.190000,0.350000,1
112.005000,112.040000,112.220000,111.940000,0.035000,0.280000,2
112.010000,112.000000,112.290000,111.960000,-0.010000,0.330000,2
112.240000,111.980000,112.295000,111.960000,-0.260000,0.335000,2
112.357300,112.240000,112.465000,112.190000,-0.117300,0.275000,1
112.330000,112.330000,112.340000,112.150000,0.000000,0.190000,1
112.290000,112.340000,112.370000,112.250000,0.050000,0.120000,2
112.665000,112.280000,112.700000,112.280000,-0.385000,0.420000,2
112.730000,112.700000,112.830000,112.640000,-0.030000,0.190000,2
112.840000,112.760000,112.920000,112.740000,-0.080000,0.180000,1
112.670000,112.850000,112.870000,112.650000,0.180000,0.220000,2
112.740000,112.660000,112.750000,112.530000,-0.080000,0.220000,1
112.705000,112.750000,112.770000,112.580000,0.045000,0.190000,1
112.650000,112.705000,112.840000,112.650000,0.055000,0.190000,1
112.430000,112.680000,112.680000,112.405000,0.250000,0.275000,2
112.685000,112.410000,112.690000,112.390000,-0.275000,0.300000,1
112.620000,112.680000,112.700000,112.480000,0.060000,0.220000,1
112.480000,112.640000,112.640000,112.130000,0.160000,0.510000,1
112.000000,112.480000,112.490000,111.990000,0.480000,0.500000,1
111.860000,112.010000,112.015000,111.690000,0.150000,0.325000,2
112.055000,111.850000,112.160000,111.845000,-0.205000,0.315000,2
112.300000,112.040000,112.330000,111.880000,-0.260000,0.450000,1
112.170000,112.300000,112.370000,112.150000,0.130000,0.220000,2
112.290000,112.140000,112.292000,111.950000,-0.150000,0.342000,2
112.350000,112.280000,112.400000,112.060000,-0.070000,0.340000,1
111.670000,112.110000,112.340000,111.595000,0.440000,0.745000,1
111.420000,111.690000,111.780000,111.223100,0.270000,0.556900,2
111.490000,111.420000,111.610000,111.350000,-0.070000,0.260000,2
111.580000,111.489000,111.610000,111.180000,-0.091000,0.430000,2
111.800000,111.600000,111.830000,111.490000,-0.200000,0.340000,1
111.670000,111.860000,111.895000,111.520000,0.190000,0.375000,2
111.680000,111.690000,111.810000,111.410000,0.010000,0.400000,2
111.770000,111.720000,111.850000,111.550000,-0.050000,0.300000,1
111.400000,111.750000,111.810000,111.375000,0.350000,0.435000,1
111.100000,111.380000,111.420000,111.045000,0.280000,0.375000,2
111.140000,111.110000,111.330000,111.060000,-0.030000,0.270000,2
111.250000,111.130000,111.410000,111.130000,-0.120000,0.280000,2
111.430000,111.240000,111.460000,111.210000,-0.190000,0.250000,1
111.190000,111.430000,111.460000,111.180000,0.240000,0.280000,2
111.210000,111.200000,111.275000,111.060000,-0.010000,0.215000,1
111.200000,111.240000,111.270000,111.140000,0.040000,0.130000,1
111.130000,111.180000,111.180000,111.030000,0.050000,0.150000,2
111.140000,111.130000,111.240000,110.980000,-0.010000,0.260000,1
110.970000,111.120000,111.270000,110.910000,0.150000,0.360000,1
110.950000,110.935000,111.057700,110.840000,-0.015000,0.217700,2
111.300000,110.960000,111.480000,110.960000,-0.340000,0.520000,1
111.220000,111.310000,111.580000,111.170000,0.090000,0.410000,2
111.329300,111.250000,111.360000,111.130000,-0.079300,0.230000,1
111.320000,111.340000,111.490000,111.210000,0.020000,0.280000,2
111.495000,111.350000,111.495000,111.240000,-0.145000,0.255000,1
111.270000,111.650000,111.650000,111.270000,0.380000,0.380000,1
110.160000,111.510000,111.870000,110.010000,1.350000,1.860000,2
110.270000,110.210000,110.365000,109.880000,-0.060000,0.485000,1
109.980000,110.220000,110.320000,109.930000,0.240000,0.390000,1
109.920000,109.960000,110.055000,109.790000,0.040000,0.265000,2
109.950000,109.860000,110.130000,109.790000,-0.090000,0.340000,1
109.640000,109.910000,109.920000,109.530800,0.270000,0.389200,1
109.320000,109.617700,109.620000,109.269200,0.297700,0.350800,1
108.920000,109.280000,109.290000,108.920000,0.360000,0.370000,2
109.173500,108.925000,109.270000,108.920000,-0.248500,0.350000,2
109.455000,109.185000,109.506600,109.105000,-0.270000,0.401600,1
109.400000,109.440000,109.650000,109.370000,0.040000,0.280000,1
109.360000,109.380000,109.455700,109.260000,0.020000,0.195700,2
109.490000,109.370000,109.530000,109.280000,-0.120000,0.250000,1
109.360000,109.500000,109.520000,109.340000,0.140000,0.180000,1
109.320000,109.390000,109.410000,109.275000,0.070000,0.135000,2
109.690000,109.350000,109.700000,109.350000,-0.340000,0.350000,1
109.466900,109.690000,109.780000,109.460000,0.223100,0.320000,2
109.645000,109.450000,109.780000,109.370000,-0.195000,0.410000,2
109.820000,109.630000,109.960000,109.620000,-0.190000,0.340000,1
109.710000,109.850000,110.050000,109.710000,0.140000,0.340000,2
109.750000,109.720000,109.810000,109.460000,-0.030000,0.350000,1
109.460000,109.750000,109.920000,109.460000,0.290000,0.460000,1
109.225000,109.470000,109.580000,109.050000,0.245000,0.530000,2
109.540000,109.220000,109.580000,109.150000,-0.320000,0.430000,1
109.060000,109.530000,109.530000,109.000000,0.470000,0.530000,1
109.010000,109.030000,109.160000,108.650000,0.020000,0.510000,2
109.570000,109.240000,109.570000,109.190000,-0.330000,0.380000,2
110.040000,109.520000,110.040000,109.480000,-0.520000,0.560000,2
110.120000,109.960000,110.230000,109.820000,-0.160000,0.410000,1
109.800000,110.098500,110.300000,109.710000,0.298500,0.590000,1
109.760000,109.630000,109.950000,109.500000,-0.130000,0.450000,2
109.835000,109.760000,109.900000,109.620000,-0.075000,0.280000,2
109.958800,109.790000,110.020000,109.790000,-0.168800,0.230000,2
110.210000,110.000000,110.430000,109.820000,-0.210000,0.610000,1
110.190000,110.220000,110.240000,109.980000,0.030000,0.260000,2
110.378500,110.220000,110.395000,110.135000,-0.158500,0.260000,2
110.420000,110.400000,110.538500,110.160000,-0.020000,0.378500,2
110.500000,110.440000,110.610000,110.330000,-0.060000,0.280000,1
110.160000,110.490000,110.600000,110.070000,0.330000,0.530000,1
110.055000,110.105000,110.140000,109.980000,0.050000,0.160000,1
109.970000,110.070000,110.165000,109.900000,0.100000,0.265000,1
109.870000,109.960000,110.080000,109.770000,0.090000,0.310000,2
110.180000,109.840000,110.240000,109.830000,-0.340000,0.410000,1
