73.250000,71.460000,74.150000,71.320000,-1.790000,-2.830000,2
76.650000,74.220000,77.250000,74.220000,-2.430000,-3.030000,2
76.690000,76.300000,76.725000,75.770000,-0.390000,-0.955000,2
79.510000,77.250000,80.440000,77.250000,-2.260000,-3.190000,1
79.360000,78.370000,79.410000,77.780000,-0.990000,-1.630000,1
77.400000,78.220000,78.350000,76.880000,0.820000,-1.470000,2
78.020000,77.930000,78.455000,77.600000,-0.090000,-0.855000,1
77.710000,77.960000,78.420000,77.550000,0.250000,-0.870000,2
78.050000,78.000000,78.170000,77.290000,-0.050000,-0.880000,2
78.530000,78.340000,78.555000,77.760000,-0.190000,-0.795000,2
78.860000,78.870000,79.240000,77.890000,0.010000,-1.350000,1
78.830000,79.100000,79.450000,78.470000,0.270000,-0.980000,1
78.320000,78.180000,78.870000,78.020000,-0.140000,-0.850000,2
78.920000,78.390000,79.160000,78.390000,-0.530000,-0.770000,2
80.170000,79.920000,80.530000,79.700000,-0.250000,-0.830000,2
81.790000,80.650000,82.279000,80.650000,-1.140000,-1.629000,1
81.600000,81.800000,81.830000,80.900000,0.200000,-0.930000,2
83.260000,82.300000,83.290000,82.290000,-0.960000,-1.000000,2
83.690000,83.600000,83.810000,82.430000,-0.090000,-1.380000,2
84.070000,83.550000,84.090000,82.850000,-0.520000,-1.240000,2
85.120000,84.230000,85.500000,83.940000,-0.890000,-1.560000,2
85.490000,85.020000,85.500000,84.140000,-0.470000,-1.360000,1
84.730000,85.360000,85.790000,84.290000,0.630000,-1.500000,2
84.760000,84.980000,85.670000,83.820000,0.220000,-1.850000,1
84.730000,83.880000,86.120000,83.760000,-0.850000,-2.360000,2
86.000000,85.400000,86.490000,84.900000,-0.600000,-1.590000,1
84.940000,86.290000,86.290000,84.890000,1.350000,-1.400000,2
85.430000,84.800000,85.440000,84.190000,-0.630000,-1.250000,2
86.530000,85.790000,86.540000,85.545000,-0.740000,-0.995000,2
86.750000,86.430000,86.810000,86.030000,-0.320000,-0.780000,2
86.890000,86.440000,87.170000,86.210000,-0.450000,-0.960000,2
87.050000,87.000000,87.150000,86.400000,-0.050000,-0.750000,2
87.130000,87.050000,87.160000,86.750000,-0.080000,-0.410000,1
86.500000,87.160000,87.390000,86.350000,0.660000,-1.040000,1
85.890000,86.580000,86.670000,85.040000,0.690000,-1.630000,2
86.290000,86.100000,86.420000,85.660000,-0.190000,-0.760000,2
87.230000,87.340000,87.760000,85.980000,0.110000,-1.780000,1
86.910000,86.960000,87.180000,86.400000,0.050000,-0.780000,1
86.110000,86.810000,87.110000,85.258900,0.700000,-1.851100,2
86.120000,86.390000,86.620000,85.940000,0.270000,-0.680000,2
86.180000,85.730000,86.770000,85.520000,-0.450000,-1.250000,2
86.430000,86.070000,86.900000,85.720000,-0.360000,-1.180000,2
87.080000,86.430000,87.080000,85.910000,-0.650000,-1.170000,1
86.240000,86.760000,87.270000,86.020000,0.520000,-1.250000,2
86.700000,87.110000,88.170000,86.100000,0.410000,-2.070000,1
83.550000,84.930000,85.220000,83.280000,1.380000,-1.940000,2
83.940000,83.630000,84.230000,83.030000,-0.310000,-1.200000,1
83.300000,84.060000,84.670000,83.120000,0.760000,-1.550000,2
83.670000,83.430000,83.830000,83.285000,-0.240000,-0.545000,2
83.710000,83.300000,84.000000,83.205000,-0.410000,-0.795000,2
84.720000,83.920000,85.000000,83.560000,-0.800000,-1.440000,2
86.030000,85.840000,86.170000,85.170000,-0.190000,-1.000000,2
86.750000,85.950000,86.950000,85.950000,-0.800000,-1.000000,2
86.930000,86.660000,86.980000,86.270000,-0.270000,-0.710000,1
86.030000,86.190000,86.500000,85.320000,0.160000,-1.180000,1
84.630000,85.600000,86.150000,84.090000,0.970000,-2.060000,2
84.950000,85.540000,86.100000,84.680000,0.590000,-1.420000,1
84.590000,84.340000,84.910000,84.160000,-0.250000,-0.750000,2
87.180000,86.190000,87.310000,85.865000,-0.990000,-1.445000,1
86.770000,86.790000,87.450000,86.610000,0.020000,-0.840000,1
86.720000,87.140000,87.400000,86.480000,0.420000,-0.920000,1
85.960000,86.180000,86.310000,85.370000,0.220000,-0.940000,2
87.200000,86.420000,87.330000,86.130000,-0.780000,-1.200000,1
87.000000,87.480000,87.480000,86.890000,0.480000,-0.590000,2
88.150000,87.440000,88.740000,87.430000,-0.710000,-1.310000,2
89.560000,88.300000,89.700000,88.106300,-1.260000,-1.593700,2
90.590000,90.080000,90.870000,89.350000,-0.510000,-1.520000,1
90.530000,90.400000,91.040000,89.770000,-0.130000,-1.270000,1
90.230000,89.820000,90.465000,89.690000,-0.410000,-0.775000,2
91.010000,90.510000,91.150000,90.460000,-0.500000,-0.690000,2
91.060000,90.520000,91.300000,90.420000,-0.540000,-0.880000,2
91.130000,91.180000,91.340000,90.520000,0.050000,-0.820000,1
90.330000,90.180000,90.540000,89.730000,-0.150000,-0.810000,2
90.430000,90.320000,90.725000,90.020000,-0.110000,-0.705000,2
90.620000,89.845000,90.820000,89.585000,-0.775000,-1.235000,2
93.600000,92.790000,93.980000,92.610000,-0.810000,-1.370000,1
92.140000,93.870000,93.920000,92.030000,1.730000,-1.890000,2
92.800000,92.230000,93.110000,92.190000,-0.570000,-0.920000,1
91.920000,92.250000,92.320000,91.100000,0.330000,-1.220000,1
91.410000,91.640000,92.090000,91.210000,0.230000,-0.880000,1
91.210000,92.680000,92.851000,91.100000,1.470000,-1.751000,2
91.570000,91.600000,92.140000,91.150000,0.030000,-0.990000,1
91.280000,91.950000,92.000000,90.530000,0.670000,-1.470000,2
91.360000,91.310000,91.780000,90.931000,-0.050000,-0.849000,2
91.510000,91.020000,91.650000,90.765000,-0.490000,-0.885000,2
91.730000,91.800000,92.550000,91.130000,0.070000,-1.420000,1
91.640000,92.030000,92.805700,91.570000,0.390000,-1.235700,1
90.680000,91.830000,92.040000,90.650000,1.150000,-1.390000,1
90.030000,90.270000,91.170000,89.790000,0.240000,-1.380000,1
87.390000,90.360000,90.640000,87.060000,2.970000,-3.580000,2
87.530000,86.890000,88.070000,86.010000,-0.640000,-2.060000,1
87.390000,87.210000,88.500000,87.090000,-0.180000,-1.410000,1
87.290000,87.790000,88.090000,86.770000,0.500000,-1.320000,1
87.240000,85.530000,87.401000,85.230000,-1.710000,-2.171000,2
88.600000,87.020000,89.020000,86.980000,-1.580000,-2.040000,1
88.270000,88.600000,88.820000,88.080000,0.330000,-0.740000,2
89.030000,88.200000,89.460000,88.120000,-0.830000,-1.340000,1
87.840000,88.710000,88.739700,87.750000,0.870000,-0.989700,1
87.520000,87.990000,88.170000,86.600000,0.470000,-1.570000,1
87.310000,86.890000,87.670000,86.715000,-0.420000,-0.955000,1
86.190000,88.420000,88.540000,86.130000,2.230000,-2.410000,2
86.480000,85.980000,86.910000,85.250000,-0.500000,-1.660000,1
86.180000,85.930000,86.810000,85.710000,-0.250000,-1.100000,1
85.880000,86.080000,86.690000,85.400000,0.200000,-1.290000,1
85.730000,85.540000,85.790000,84.800000,-0.190000,-0.990000,1
85.400000,85.930000,85.950000,85.030000,0.530000,-0.920000,1
84.400000,85.500000,86.990000,84.400000,1.100000,-2.590000,2
85.860000,84.440000,86.080000,84.370000,-1.420000,-1.710000,1
85.160000,85.360000,85.630000,84.740000,0.200000,-0.890000,1
84.460000,85.500000,85.920000,84.360000,1.040000,-1.560000,2
85.550000,84.980000,85.780000,84.550000,-0.570000,-1.230000,1
84.520000,85.500000,85.680000,84.510000,0.980000,-1.170000,2
87.500000,86.550000,88.050000,86.420000,-0.950000,-1.630000,2
88.260000,88.550000,89.130000,88.260000,0.290000,-0.870000,2
88.430000,88.350000,89.050000,88.140000,-0.080000,-0.910000,1
87.610000,88.370000,88.370000,87.010000,0.760000,-1.360000,1
87.000000,87.600000,87.850000,86.950000,0.600000,-0.900000,2
87.060000,87.360000,87.740000,86.560000,0.300000,-1.180000,1
86.500000,86.710000,86.880000,86.020000,0.210000,-0.860000,2
87.000000,86.060000,87.100000,86.020000,-0.940000,-1.080000,2
87.100000,87.690000,87.730000,86.570000,0.590000,-1.160000,1
87.000000,87.250000,87.340000,86.420000,0.250000,-0.920000,2
87.100000,87.040000,87.319800,86.648100,-0.060000,-0.671700,1
86.750000,87.260000,87.840000,86.500000,0.510000,-1.340000,2
87.430000,86.529000,87.480000,86.470000,-0.901000,-1.010000,1
87.160000,87.090000,87.480000,86.350000,-0.070000,-1.130000,1
86.920000,86.680000,87.048400,86.339900,-0.240000,-0.708500,2
87.340000,87.100000,87.490000,86.860000,-0.240000,-0.630000,2
87.610000,87.360000,88.090000,87.340000,-0.250000,-0.750000,1
84.270000,86.110000,86.390000,83.970000,1.840000,-2.420000,1
83.960000,84.070000,84.800000,83.360000,0.110000,-1.440000,2
84.780000,84.210000,85.340000,84.150000,-0.570000,-1.190000,1
84.700000,85.180000,85.290000,84.210000,0.480000,-1.080000,2
85.760000,84.750000,86.070000,84.510000,-1.010000,-1.560000,1
85.710000,85.880000,85.970000,85.240000,0.170000,-0.730000,1
85.350000,85.990000,86.080000,85.080000,0.640000,-1.000000,2
85.360000,85.110000,85.560000,85.020000,-0.250000,-0.540000,1
83.900000,85.130000,85.150000,83.780000,1.230000,-1.370000,1
82.150000,83.730000,83.820000,81.635000,1.580000,-2.185000,2
83.060000,82.460000,83.080000,81.650000,-0.600000,-1.430000,1
82.640000,82.290000,82.990000,81.980000,-0.350000,-1.010000,2
82.790000,82.640000,83.510000,82.580000,-0.150000,-0.930000,2
82.960000,82.290000,83.215000,82.130000,-0.670000,-1.085000,2
83.910000,83.310000,84.105200,83.100000,-0.600000,-1.005200,2
84.950000,83.910000,85.730200,83.890000,-1.040000,-1.840200,2
86.960000,85.510000,87.050000,85.390000,-1.450000,-1.660000,2
86.980000,87.320000,87.740000,86.290000,0.340000,-1.450000,2
87.270000,87.550000,87.850000,86.980000,0.280000,-0.870000,1
87.090000,86.770000,87.310000,85.820000,-0.320000,-1.490000,1
86.570000,86.250000,87.080000,86.240000,-0.320000,-0.840000,1
86.180000,86.850000,86.960000,86.015000,0.670000,-0.945000,2
88.070000,86.970000,88.230000,86.850000,-1.100000,-1.380000,1
87.520000,87.750000,87.920000,87.370000,0.230000,-0.550000,1
87.120000,87.480000,87.545000,86.760000,0.360000,-0.785000,1
87.020000,86.930000,87.360000,86.650000,-0.090000,-0.710000,1
86.860000,87.660000,88.000000,86.610000,0.800000,-1.390000,2
87.240000,87.010000,87.670000,86.615000,-0.230000,-1.055000,2
88.050000,87.710000,88.940000,87.500000,-0.340000,-1.440000,2
89.820000,88.600000,90.070000,88.600000,-1.220000,-1.470000,2
91.150000,92.340000,92.650000,90.310000,1.190000,-2.340000,2
91.400000,91.960000,92.000000,91.160000,0.560000,-0.840000,2
92.750000,91.560000,93.480000,91.410000,-1.190000,-2.070000,2
93.680000,93.120000,93.790000,92.610000,-0.560000,-1.180000,1
93.380000,93.540000,94.510000,92.880000,0.160000,-1.630000,2
93.850000,93.960000,94.170000,93.230000,0.110000,-0.940000,1
93.190000,93.500000,93.680000,93.090000,0.310000,-0.590000,1
92.830000,93.330000,93.330000,92.280000,0.500000,-1.050000,1
92.510000,92.610000,92.830000,92.070000,0.100000,-0.760000,2
93.100000,92.690000,93.380000,92.340000,-0.410000,-1.040000,1
92.250000,90.810000,92.605000,90.580000,-1.440000,-2.025000,1
91.390000,91.820000,91.990000,91.250000,0.430000,-0.740000,1
91.070000,90.450000,91.580000,90.320000,-0.620000,-1.260000,2
91.200000,91.340000,91.619900,91.001000,0.140000,-0.618900,1
91.200000,91.150000,91.720000,90.900000,-0.050000,-0.820000,1
90.890000,91.060000,91.360000,90.520000,0.170000,-0.840000,2
91.280000,90.960000,91.540000,90.910000,-0.320000,-0.630000,2
92.800000,92.370000,93.520000,92.270000,-0.430000,-1.250000,1
91.930000,93.100000,93.190000,91.680000,1.170000,-1.510000,1
91.550000,91.830000,92.060000,91.160000,0.280000,-0.900000,1
91.280000,91.450000,91.750000,90.905000,0.170000,-0.845000,2
91.800000,91.510000,92.360000,91.500000,-0.290000,-0.860000,2
93.030000,92.490000,93.140000,92.280000,-0.540000,-0.860000,2
93.110000,92.865000,93.210000,92.505000,-0.245000,-0.705000,1
92.500000,92.700000,93.130000,92.235000,0.200000,-0.895000,2
93.660000,93.500000,94.400000,93.471000,-0.160000,-0.929000,2
94.020000,93.890000,94.190000,93.710000,-0.130000,-0.480000,1
93.680000,93.950000,95.219300,93.600000,0.270000,-1.619300,1
93.530000,92.980000,93.680000,92.830000,-0.550000,-0.850000,1
92.190000,92.900000,93.070000,92.070000,0.710000,-1.000000,1
91.420000,92.130000,92.670000,91.240000,0.710000,-1.430000,2
92.490000,92.370000,92.900000,92.330000,-0.120000,-0.570000,2
92.730000,93.310000,93.560000,92.650000,0.580000,-0.910000,1
92.090000,93.040000,93.230000,91.880000,0.950000,-1.350000,1
90.650000,91.760000,91.960000,90.500000,1.110000,-1.460000,2
90.740000,90.310000,91.540000,90.190000,-0.430000,-1.350000,1
90.630000,90.850000,90.940000,90.160000,0.220000,-0.780000,2
91.560000,91.070000,91.710000,91.000000,-0.490000,-0.710000,2
91.670000,90.870000,92.340000,90.840000,-0.800000,-1.500000,1
91.520000,91.930000,92.120000,91.410000,0.410000,-0.710000,2
91.890000,91.880000,92.480000,91.800000,-0.010000,-0.680000,1
91.600000,92.160000,92.190000,91.130000,0.560000,-1.060000,1
91.100000,90.450000,91.310000,90.310000,-0.650000,-1.000000,2
91.310000,91.250000,91.875000,91.190000,-0.060000,-0.685000,1
90.890000,91.810000,91.850000,90.800000,0.920000,-1.050000,2
91.700000,91.250000,92.360000,90.950000,-0.450000,-1.410000,1
89.510000,91.020000,91.105000,89.024300,1.510000,-2.080700,2
90.110000,90.000000,90.517200,89.640000,-0.110000,-0.877200,1
88.530000,90.110000,90.130000,88.080000,1.580000,-2.050000,1
88.420000,88.310000,89.420000,88.240000,-0.110000,-1.180000,2
89.790000,89.390000,90.250000,88.950000,-0.400000,-1.300000,2
90.890000,90.170000,91.250000,90.100000,-0.720000,-1.150000,2
91.150000,90.610000,91.500000,90.320000,-0.540000,-1.180000,1
90.970000,91.200000,91.530000,90.740000,0.230000,-0.790000,2
91.620000,91.080000,91.710000,90.760000,-0.540000,-0.950000,2
92.920000,91.930000,93.135000,91.850000,-0.990000,-1.285000,2
93.940000,92.710000,94.360000,92.520000,-1.230000,-1.840000,2
94.600000,94.100000,95.290000,93.710000,-0.500000,-1.580000,2
95.030000,94.460000,95.370000,94.190000,-0.570000,-1.180000,1
94.830000,94.700000,94.980000,94.430000,-0.130000,-0.550000,1
94.120000,94.510000,94.880000,93.450000,0.390000,-1.430000,1
93.700000,93.780000,94.030000,93.341000,0.080000,-0.689000,2
95.180000,94.970000,95.720000,94.580000,-0.210000,-1.140000,2
95.380000,95.590000,95.880000,94.910000,0.210000,-0.970000,2
95.510000,95.300000,95.520000,95.020000,-0.210000,-0.500000,2
96.840000,95.770000,96.880000,95.460000,-1.070000,-1.420000,2
97.350000,96.830000,97.430000,96.773900,-0.520000,-0.656100,1
96.360000,97.300000,97.440000,96.280000,0.940000,-1.160000,2
97.090000,96.000000,97.400000,95.550000,-1.090000,-1.850000,1
96.920000,97.550000,97.640000,96.470000,0.630000,-1.170000,1
96.410000,96.960000,97.070000,96.140000,0.550000,-0.930000,2
97.130000,96.455000,97.180000,96.240000,-0.675000,-0.940000,1
96.840000,96.830000,97.010000,96.140000,-0.010000,-0.870000,1
95.990000,97.300000,97.500000,95.620000,1.310000,-1.880000,1
95.860000,95.480000,96.710000,94.960000,-0.380000,-1.750000,2
97.840000,96.340000,97.950000,96.340000,-1.500000,-1.610000,1
97.620000,98.070000,98.179000,97.320000,0.450000,-0.859000,2
97.990000,98.150000,98.550000,97.630000,0.160000,-0.920000,2
98.110000,97.190000,98.200000,97.090000,-0.920000,-1.110000,2
99.510000,99.280000,99.890000,98.730100,-0.230000,-1.159900,1
99.340000,99.510000,99.990000,99.240000,0.170000,-0.750000,2
100.920000,99.880000,101.190000,99.760000,-1.040000,-1.430000,2
101.020000,101.250000,101.450000,100.190000,0.230000,-1.260000,2
101.740000,101.350000,102.420100,101.320000,-0.390000,-1.100100,2
101.770000,101.430000,102.226300,101.050000,-0.340000,-1.176300,1
101.410000,101.130000,101.930000,100.870000,-0.280000,-1.060000,1
100.610000,101.370000,101.700000,100.570000,0.760000,-1.130000,2
100.920000,101.100000,101.700000,100.730000,0.180000,-0.970000,2
101.590000,100.870000,101.765000,100.160000,-0.720000,-1.605000,1
101.410000,101.100000,101.525000,100.730000,-0.310000,-0.795000,1
100.780000,101.340000,101.687400,100.660000,0.560000,-1.027400,1
98.750000,100.560000,100.750000,98.250000,1.810000,-2.500000,1
97.640000,98.270000,98.370000,97.150000,0.630000,-1.220000,1
97.630000,97.120000,98.215000,96.810000,-0.510000,-1.405000,1
97.510000,97.810000,98.340000,97.500000,0.300000,-0.840000,2
97.860000,96.690000,98.050000,96.620000,-1.170000,-1.430000,1
97.270000,97.340000,97.780000,96.850000,0.070000,-0.930000,2
98.190000,96.390000,98.740000,95.950000,-1.800000,-2.790000,2
98.470000,98.530000,99.060000,98.310000,0.060000,-0.750000,1
98.140000,97.820000,98.410000,97.570000,-0.320000,-0.840000,2
99.010000,98.450000,99.145000,97.760000,-0.560000,-1.385000,1
98.930000,99.500000,99.550000,98.910000,0.570000,-0.640000,1
98.640000,99.030000,99.523900,98.590000,0.390000,-0.933900,1
98.320000,98.830000,98.900000,98.260000,0.510000,-0.640000,1
97.930000,98.310000,99.130000,97.930000,0.380000,-1.200000,2
101.360000,98.210000,101.700000,97.970000,-3.150000,-3.730000,2
103.730000,102.410000,104.220000,101.960000,-1.320000,-2.260000,2
104.520000,104.740000,106.660000,104.040000,0.220000,-2.620000,2
104.790000,104.900000,105.316000,102.200000,0.110000,-3.116000,2
106.950000,107.730000,108.400000,106.770000,0.780000,-1.630000,1
105.720000,107.170000,107.410000,104.120000,1.450000,-3.290000,1
104.930000,105.410000,105.760000,104.525000,0.480000,-1.235000,1
104.620000,103.950000,105.185000,103.730000,-0.670000,-1.455000,2
105.930000,105.080000,105.940000,104.340000,-0.850000,-1.600000,1
105.620000,105.720000,106.060000,105.310000,0.100000,-0.750000,2
106.850000,105.920000,107.370000,105.540000,-0.930000,-1.830000,1
105.510000,106.700000,107.110000,105.480000,1.190000,-1.630000,1
104.660000,106.120000,106.450000,104.640000,1.460000,-1.810000,2
106.140000,105.790000,106.520000,105.200000,-0.350000,-1.320000,2
106.960000,107.190000,107.630000,106.480000,0.230000,-1.150000,1
106.510000,107.350000,107.490000,106.440000,0.840000,-1.050000,1
106.140000,107.600000,107.730500,106.090000,1.460000,-1.640500,2
107.830000,106.590000,108.070000,106.560000,-1.240000,-1.510000,1
107.450000,108.200000,108.460000,106.805000,0.750000,-1.655000,1
107.020000,107.200000,107.990000,106.400000,0.180000,-1.590000,2
107.220000,106.670000,107.290000,106.670000,-0.550000,-0.620000,2
107.790000,107.400000,107.840000,107.160100,-0.390000,-0.679900,1
106.940000,108.090000,108.280000,106.940000,1.150000,-1.340000,2
107.950000,107.630000,108.020000,106.805600,-0.320000,-1.214400,2
108.060000,107.860000,108.490000,107.480000,-0.200000,-1.010000,2
109.040000,108.360000,110.030000,108.200000,-0.680000,-1.830000,1
108.340000,109.260000,109.550000,107.775000,0.920000,-1.775000,2
108.500000,108.150000,108.680000,107.700000,-0.350000,-0.980000,2
109.050000,108.720000,109.630000,108.490000,-0.330000,-1.140000,2
110.250000,109.470000,110.700000,109.390000,-0.780000,-1.310000,2
110.840000,110.670000,110.929000,110.051000,-0.170000,-0.878000,2
112.670000,111.650000,112.850000,110.840000,-1.020000,-2.010000,1
112.270000,111.510000,113.430000,111.070000,-0.760000,-2.360000,2
112.990000,111.890000,113.295800,111.310000,-1.100000,-1.985800,2
113.260000,112.760000,113.722600,112.270000,-0.500000,-1.452600,1
113.010000,113.940000,114.340000,112.804000,0.930000,-1.536000,2
114.330000,112.660000,114.390000,112.500000,-1.670000,-1.890000,1
114.210000,113.670000,114.640000,113.350000,-0.540000,-1.290000,2
115.670000,114.860000,116.000000,114.660000,-0.810000,-1.340000,2
115.700000,116.040000,116.170000,115.075000,0.340000,-1.095000,2
116.320000,115.700000,116.320000,114.960000,-0.620000,-1.360000,1
116.200000,116.020000,117.352900,116.020000,-0.180000,-1.332900,1
115.110000,115.530000,116.600000,114.980000,0.420000,-1.620000,2
115.670000,115.650000,116.660000,115.160000,-0.020000,-1.500000,2
116.870000,115.770000,116.985000,115.480000,-1.100000,-1.505000,1
114.280000,116.490000,116.920000,114.090000,2.210000,-2.830000,1
108.800000,113.000000,114.590000,103.980000,4.200000,-10.610000,2
112.110000,106.850000,112.480000,106.610000,-5.260000,-5.870000,2
112.870000,111.550000,114.450000,111.146000,-1.320000,-3.304000,1
107.880000,113.110000,113.110000,107.840000,5.230000,-5.270000,2
110.040000,109.100000,111.050000,106.229900,-0.940000,-4.820100,2
111.740000,111.170000,112.725000,110.070000,-0.570000,-2.655000,2
112.430000,111.320000,113.050000,110.800000,-1.110000,-2.250000,2
115.030000,112.630000,115.270000,112.530000,-2.400000,-2.740000,2
115.510000,115.740000,115.985000,114.220000,0.230000,-1.765000,1
114.680000,114.550000,116.070000,114.500000,-0.130000,-1.570000,2
114.710000,114.650000,115.390000,113.970000,-0.060000,-1.420000,2
115.190000,115.000000,117.450000,114.670000,-0.190000,-2.780000,1
114.980000,115.500000,116.425000,114.760000,0.520000,-1.665000,2
117.310000,115.310000,117.390000,115.310000,-2.000000,-2.080000,2
118.770000,118.140000,118.900000,117.320000,-0.630000,-1.580000,1
117.360000,118.910000,119.330000,117.350000,1.550000,-1.980000,1
115.500000,117.820000,118.490000,115.340000,2.320000,-3.150000,1
113.430000,115.480000,116.642700,112.650000,2.050000,-3.992700,1
113.320000,112.390000,113.560000,111.120000,-0.930000,-2.440000,2
115.060000,112.050000,115.925000,111.890000,-3.010000,-4.035000,2
115.160000,115.640000,115.820000,114.320000,0.480000,-1.500000,1
114.730000,113.750000,115.100000,113.110000,-0.980000,-1.990000,2
114.740000,115.110000,115.230000,113.210000,0.370000,-2.020000,2
118.040000,116.550000,118.080000,115.670000,-1.490000,-2.410000,1
117.660000,118.000000,118.750000,117.250000,0.340000,-1.500000,1
116.250000,118.200000,118.470000,115.830000,1.950000,-2.640000,1
114.950000,116.560000,116.590000,114.600000,1.610000,-1.990000,2
115.240000,115.870000,116.000000,114.830000,0.630000,-1.170000,2
115.440000,115.340000,116.601500,115.340000,-0.100000,-1.261500,1
114.530000,115.100000,115.450000,113.300000,0.570000,-2.150000,2
114.640000,114.870000,115.445000,114.445000,0.230000,-1.000000,2
114.740000,114.810000,116.630000,114.210000,0.070000,-2.420000,1
109.950000,113.200000,113.600000,109.540000,3.250000,-4.060000,1
107.010000,110.270000,110.920000,106.760000,3.260000,-4.160000,2
110.310000,109.190000,111.160000,108.645000,-1.120000,-2.515000,1
108.170000,111.070000,111.690000,107.300000,2.900000,-4.390000,1
108.000000,108.280000,109.169900,106.650000,0.280000,-2.519900,2
109.970000,108.500000,110.780000,107.780000,-1.470000,-3.000000,1
107.850000,109.960000,110.730000,106.080000,2.110000,-4.650000,2
109.330000,108.360000,109.502500,107.260000,-0.970000,-2.242500,2
110.990000,107.100000,111.210000,107.020000,-3.890000,-4.190000,2
111.880000,111.630000,112.830000,111.390000,-0.250000,-1.440000,1
109.090000,110.550000,111.550000,107.820000,1.460000,-3.730000,2
110.400000,110.010000,112.980000,109.890000,-0.390000,-3.090000,2
112.510000,112.130000,112.870000,111.420000,-0.380000,-1.450000,1
110.620000,111.660000,111.810000,110.515000,1.040000,-1.295000,2
113.370000,111.560000,114.390000,111.500000,-1.810000,-2.890000,1
110.300000,115.020000,115.150000,109.050000,4.720000,-6.100000,1
110.210000,110.940000,111.470000,109.790000,0.730000,-1.680000,1
110.210000,111.370000,111.920000,109.990000,1.160000,-1.930000,1
109.320000,110.530000,111.070000,108.890000,1.210000,-2.180000,2
111.720000,109.530000,111.870000,109.500000,-2.190000,-2.370000,1
111.470000,112.300000,112.740000,110.880000,0.830000,-1.860000,1
110.930000,111.570000,111.950000,110.630000,0.640000,-1.320000,1
110.410000,111.750000,112.900000,109.590000,1.340000,-3.310000,1
109.990000,110.270000,110.530000,108.600000,0.280000,-1.930000,2
110.100000,109.970000,110.820000,109.340000,-0.130000,-1.480000,1
109.400000,109.550000,110.159900,109.130000,0.150000,-1.029900,1
108.780000,109.750000,110.300000,108.750000,0.970000,-1.550000,1
108.780000,108.450000,108.970000,107.540000,-0.330000,-1.430000,1
107.920000,108.110000,109.490000,107.730000,0.190000,-1.760000,1
107.240000,107.590000,107.770000,105.181000,0.350000,-2.589000,2
108.430000,106.430000,108.740000,105.980000,-2.000000,-2.760000,2
109.370000,108.760000,109.680000,108.360000,-0.610000,-1.320000,2
110.990000,109.530000,111.340000,109.280000,-1.460000,-2.060000,2
113.410000,111.440000,113.640000,111.030000,-1.970000,-2.610000,2
114.290000,113.190000,114.440000,112.750000,-1.100000,-1.690000,1
113.860000,114.490000,114.730000,113.670000,0.630000,-1.060000,2
113.900000,114.110000,114.700000,113.740000,0.210000,-0.960000,1
113.030000,113.910000,113.910000,112.570000,0.880000,-1.340000,2
113.340000,112.890000,113.690000,112.630000,-0.450000,-1.060000,1
112.960000,113.200000,113.410000,112.200000,0.240000,-1.210000,1
111.130000,112.750000,112.800000,110.840000,1.620000,-1.960000,2
112.150000,112.050000,112.540000,111.920000,-0.100000,-0.620000,2
113.010000,112.350000,114.285200,112.290000,-0.660000,-1.995200,1
112.490000,112.510000,112.770000,111.120000,0.020000,-1.650000,1
111.230000,112.140000,112.150000,110.115000,0.910000,-2.035000,1
110.660000,110.460000,111.080000,110.195000,-0.200000,-0.885000,1
105.930000,109.180000,109.200000,104.955000,3.250000,-4.245000,2
108.350000,107.640000,108.600000,106.650000,-0.710000,-1.950000,1
107.010000,107.950000,108.190000,106.420000,0.940000,-1.770000,2
108.400000,108.340000,108.940000,107.800000,-0.060000,-1.140000,2
108.450000,108.990000,109.255000,108.270000,0.540000,-0.985000,1
107.840000,108.240000,108.310000,107.070000,0.400000,-1.240000,2
110.360000,108.660000,110.740000,108.480000,-1.700000,-2.260000,2
110.800000,111.180000,111.500000,110.025000,0.380000,-1.475000,2
111.110000,110.620000,111.140000,110.060000,-0.490000,-1.080000,1
110.830000,111.120000,111.910000,110.770000,0.290000,-1.140000,1
110.190000,111.140000,111.530000,109.520000,0.950000,-2.010000,1
109.970000,110.460000,111.445000,109.580000,0.490000,-1.865000,1
108.030000,110.280000,110.360000,107.780000,2.250000,-2.580000,1
107.900000,107.800000,108.380000,106.270000,-0.100000,-2.110000,2
108.180000,107.260000,108.400000,106.690000,-0.920000,-1.710000,1
107.550000,106.900000,107.880000,106.600000,-0.650000,-1.280000,1
107.540000,108.180000,108.640000,107.440000,0.640000,-1.200000,1
107.510000,107.100000,108.206100,106.530000,-0.410000,-1.676100,1
105.750000,108.160000,108.370000,105.510000,2.410000,-2.860000,1
104.790000,105.660000,105.700000,103.960000,0.870000,-1.740000,2
104.860000,104.710000,105.210000,103.110000,-0.150000,-2.100000,1
103.240000,104.680000,105.920000,103.230000,1.440000,-2.690000,2
104.930000,103.680000,105.460000,103.510000,-1.250000,-1.950000,1
104.200000,106.680000,106.900000,104.150000,2.480000,-2.750000,2
105.080000,103.720000,105.090000,103.380000,-1.360000,-1.710000,1
103.610000,105.410000,105.775000,103.520000,1.800000,-2.255000,2
103.720000,104.130000,104.380000,103.530000,0.410000,-0.850000,2
104.060000,103.120000,104.500000,102.200000,-0.940000,-2.300000,2
107.280000,104.710000,107.460000,104.710000,-2.570000,-2.750000,1
106.620000,108.020000,108.400000,106.530000,1.400000,-1.870000,1
106.390000,106.310000,107.060000,106.210000,-0.080000,-0.850000,2
106.850000,107.420000,107.560000,105.970000,0.570000,-1.590000,1
106.360000,107.300000,107.800000,105.140000,0.940000,-2.660000,2
110.580000,107.050000,110.770000,106.980000,-3.530000,-3.790000,1
110.500000,110.690000,110.930000,109.749900,0.190000,-1.180100,2
111.530000,110.420000,112.120000,110.200000,-1.110000,-1.920000,1
109.890000,111.060000,111.090000,109.730000,1.170000,-1.360000,2
111.280000,110.000000,111.740000,109.780000,-1.280000,-1.960000,2
113.350000,111.060000,114.240000,110.930000,-2.290000,-3.310000,2
114.150000,113.550000,114.780000,113.420000,-0.600000,-1.360000,2
115.180000,113.880000,115.520000,113.380000,-1.300000,-2.140000,1
114.850000,115.420000,115.585000,114.581000,0.570000,-1.004000,2
116.030000,115.180000,116.300000,114.810000,-0.850000,-1.490000,2
116.730000,116.280000,117.610000,116.060000,-0.450000,-1.550000,1
114.950000,117.080000,117.080000,114.820000,2.130000,-2.260000,2
115.660000,115.750000,116.690000,115.280000,0.090000,-1.410000,2
116.150000,114.570000,116.250000,114.330000,-1.580000,-1.920000,2
117.090000,116.000000,117.130000,115.940000,-1.090000,-1.190000,2
117.120000,116.790000,117.530000,116.180000,-0.330000,-1.350000,2
117.550000,117.740000,118.290000,117.330000,0.190000,-0.960000,2
117.790000,117.330000,118.268600,117.280000,-0.460000,-0.988600,1
116.880000,117.510000,117.720000,116.695000,0.630000,-1.025000,1
115.730000,115.500000,115.950000,114.683900,-0.230000,-1.266100,1
113.890000,115.560000,115.878000,113.815000,1.670000,-2.063000,2
114.650000,114.270000,115.040000,113.649900,-0.380000,-1.390100,1
113.700000,113.820000,114.330000,112.970000,0.120000,-1.360000,2
114.770000,114.350000,115.310000,114.300000,-0.420000,-1.010000,1
114.770000,114.640000,115.070000,114.300000,-0.130000,-0.770000,1
114.620000,114.590000,115.050000,114.110000,-0.030000,-0.940000,2
115.320000,115.370000,116.385000,114.880000,0.050000,-1.505000,1
114.970000,115.310000,115.410000,114.780000,0.340000,-0.630000,1
114.730000,114.960000,115.150000,114.430000,0.230000,-0.720000,1
114.680000,114.980000,115.220000,114.451000,0.300000,-0.769000,2
116.710000,115.220000,117.280000,115.170000,-1.490000,-2.110000,1
116.140000,117.000000,117.030000,115.970000,0.860000,-1.060000,1
115.760000,116.350000,116.370000,115.360000,0.590000,-1.010000,1
115.190000,115.590000,116.040000,114.980000,0.400000,-1.060000,1
114.580000,114.830000,114.840000,113.819000,0.250000,-1.021000,2
115.150000,114.340000,115.240000,113.630000,-0.810000,-1.610000,1
114.590000,115.000000,115.700000,114.250000,0.410000,-1.450000,1
114.100000,114.500000,114.700000,113.500000,0.400000,-1.200000,2
114.320000,114.500000,114.770000,113.630000,0.180000,-1.140000,1
113.710000,114.850000,114.970000,113.660000,1.140000,-1.310000,2
114.430000,113.540000,114.575000,113.180000,-0.890000,-1.395000,1
113.080000,114.250000,114.880000,112.850000,1.170000,-2.030000,2
113.520000,113.370000,114.130000,112.670000,-0.150000,-1.460000,1
113.500000,113.810000,114.490000,113.230000,0.310000,-1.260000,2
113.840000,113.790000,114.430000,113.300000,-0.050000,-1.130000,2
114.300000,114.330000,114.655000,113.560000,0.030000,-1.095000,2
117.620000,114.440000,118.060000,114.440000,-3.180000,-3.620000,2
118.630000,118.500000,119.240000,118.080000,-0.130000,-1.160000,1
117.850000,119.130000,119.230000,117.740000,1.280000,-1.490000,1
116.720000,117.760000,118.460000,116.431500,1.040000,-2.028500,1
116.390000,117.040000,117.970000,116.320000,0.650000,-1.650000,1
115.020000,116.750000,116.869900,114.660000,1.730000,-2.209900,1
114.520000,115.420000,115.760000,114.160000,0.900000,-1.600000,1
112.840000,113.650000,114.240000,112.520000,0.810000,-1.720000,2
113.500000,113.370000,114.610000,113.040000,-0.130000,-1.570000,2
113.970000,113.360000,114.120000,112.812800,-0.610000,-1.307200,2
115.040000,114.940000,115.660000,114.480000,-0.100000,-1.180000,2
115.270000,114.550000,116.810000,114.210000,-0.720000,-2.600000,1
114.620000,115.830000,116.100000,114.015000,1.210000,-2.085000,2
115.320000,114.250000,115.780000,113.353400,-1.070000,-2.426600,1
114.520000,114.670000,115.030000,113.670000,0.150000,-1.360000,1
111.470000,114.700000,114.950000,111.470000,3.230000,-3.480000,1
108.130000,110.970000,111.470000,107.380000,2.840000,-4.090000,1
106.950000,110.370000,110.830000,105.600000,3.420000,-5.230000,1
106.340000,107.200000,108.850000,106.320000,0.860000,-2.530000,2
108.620000,107.160000,108.780000,106.730000,-1.460000,-2.050000,2
109.830000,108.380000,110.800000,108.230000,-1.450000,-2.570000,1
108.090000,109.020000,109.840000,107.810000,0.930000,-2.030000,1
107.910000,107.650000,109.220000,107.270000,-0.260000,-1.950000,1
106.360000,108.150000,108.340000,106.113200,1.790000,-2.226800,1
105.250000,104.200000,106.160000,103.700000,-1.050000,-2.460000,1
103.290000,104.760000,105.030000,102.906800,1.470000,-2.123200,2
104.860000,104.180000,105.900000,103.720000,-0.680000,-2.180000,1
103.420000,104.000000,104.560000,102.730000,0.580000,-1.830000,2
104.850000,104.460000,106.630000,103.700000,-0.390000,-2.930000,2
106.700000,105.710000,106.980000,104.860000,-0.990000,-2.120000,2
109.020000,108.080000,110.480000,107.790000,-0.940000,-2.690000,1
108.980000,109.620000,110.220000,108.320000,0.640000,-1.900000,1
108.380000,109.900000,110.810000,107.490000,1.520000,-3.320000,2
109.090000,108.610000,109.290000,108.420000,-0.480000,-0.870000,2
109.600000,108.670000,109.670000,107.760000,-0.930000,-1.910000,2
111.480000,110.370000,111.730000,109.350000,-1.110000,-2.380000,2
112.380000,111.010000,112.925000,111.000000,-1.370000,-1.925000,1
111.290000,112.230000,112.360000,110.830000,0.940000,-1.530000,1
