35.940000,36.050000,36.069800,35.755000,0.110000,0.314800,1
35.710000,35.920000,35.960000,35.635900,0.210000,0.324100,1
35.660000,35.705000,35.750000,35.561000,0.045000,0.189000,2
35.690000,35.650000,35.735000,35.640000,-0.040000,0.095000,1
35.480000,35.680000,35.710000,35.450000,0.200000,0.260000,1
35.300000,35.450000,35.450000,35.260000,0.150000,0.190000,2
35.430000,35.320000,35.540000,35.320000,-0.110000,0.220000,1
35.380000,35.405000,35.450000,35.300000,0.025000,0.150000,1
35.280000,35.390000,35.410000,35.270000,0.110000,0.140000,1
35.170000,35.290000,35.305800,35.168400,0.120000,0.137400,2
35.190000,35.170000,35.240000,35.140000,-0.020000,0.100000,1
35.170000,35.180000,35.185000,35.130000,0.010000,0.055000,1
35.170000,35.170000,35.240000,35.160000,0.000000,0.080000,2
35.230000,35.170000,35.260000,35.160000,-0.060000,0.100000,2
35.260000,35.220000,35.280000,35.200000,-0.040000,0.080000,1
35.160000,35.260000,35.265000,35.160000,0.100000,0.105000,2
35.215000,35.170000,35.250000,35.150000,-0.045000,0.100000,1
35.200000,35.210000,35.215000,35.160000,0.010000,0.055000,1
35.120000,35.200000,35.200000,35.100000,0.080000,0.100000,2
35.400000,35.120000,35.469700,35.090000,-0.280000,0.379700,2
35.480000,35.390000,35.510000,35.360000,-0.090000,0.150000,1
35.420000,35.476600,35.510000,35.400000,0.056600,0.110000,1
35.350000,35.425000,35.455000,35.345000,0.075000,0.110000,1
35.185400,35.340000,35.340000,35.185400,0.154600,0.154600,1
35.125000,35.185000,35.190000,35.110000,0.060000,0.080000,2
35.165000,35.120000,35.180000,35.120000,-0.045000,0.060000,2
35.570000,35.270000,35.610000,35.270000,-0.300000,0.340000,1
35.435000,35.530000,35.630000,35.330000,0.095000,0.300000,2
35.570000,35.370000,35.570000,35.260000,-0.200000,0.310000,1
35.432500,35.595000,35.650000,35.400000,0.162500,0.250000,2
35.560000,35.520000,35.580000,35.460000,-0.040000,0.120000,2
35.670000,35.560000,35.709900,35.560000,-0.110000,0.149900,1
35.560000,35.680000,35.680000,35.560000,0.120000,0.120000,2
35.600000,35.550000,35.600000,35.530000,-0.050000,0.070000,1
35.490000,35.600000,35.600000,35.470000,0.110000,0.130000,2
35.550000,35.490000,35.560000,35.460000,-0.060000,0.100000,2
35.650000,35.570000,35.660000,35.570000,-0.080000,0.090000,1
35.595000,35.670000,35.690000,35.550000,0.075000,0.140000,2
35.605000,35.590000,35.625000,35.565000,-0.015000,0.060000,1
35.500000,35.580000,35.580000,35.480000,0.080000,0.100000,2
35.550000,35.500000,35.575000,35.450000,-0.050000,0.125000,1
35.485000,35.570000,35.570000,35.485000,0.085000,0.085000,2
35.530000,35.490000,35.550000,35.460000,-0.040000,0.090000,1
35.525000,35.510000,35.535000,35.500000,-0.015000,0.035000,2
35.600000,35.530000,35.630000,35.530000,-0.070000,0.100000,2
35.615000,35.590000,35.640000,35.590000,-0.025000,0.050000,2
35.640000,35.630000,35.665000,35.620000,-0.010000,0.045000,1
35.630000,35.630000,35.675000,35.620000,0.000000,0.055000,2
35.680000,35.620000,35.685000,35.620000,-0.060000,0.065000,1
35.650000,35.685000,35.685000,35.640000,0.035000,0.045000,1
35.560000,35.650000,35.655000,35.550000,0.090000,0.105000,1
35.530000,35.550000,35.560000,35.500000,0.020000,0.060000,1
35.490000,35.600000,35.670000,35.350000,0.110000,0.320000,1
35.420000,35.455000,35.520000,35.360000,0.035000,0.160000,2
35.620000,35.450000,35.660000,35.450000,-0.170000,0.210000,2
35.870000,35.620000,35.890000,35.620000,-0.250000,0.270000,1
35.830400,35.880000,35.890000,35.740000,0.049600,0.150000,1
35.610000,35.850000,35.850000,35.590000,0.240000,0.260000,2
35.820000,35.615000,35.830000,35.580000,-0.205000,0.250000,1
35.710000,35.820000,35.860000,35.710000,0.110000,0.150000,2
35.780000,35.710000,35.780000,35.670000,-0.070000,0.110000,2
35.830000,35.790000,35.840000,35.770000,-0.040000,0.070000,1
35.780000,35.860000,35.890000,35.780000,0.080000,0.110000,1
35.700000,35.790000,35.800000,35.650000,0.090000,0.150000,1
35.575000,35.701500,35.740000,35.560000,0.126500,0.180000,2
35.640000,35.570000,35.640000,35.560000,-0.070000,0.080000,2
35.650000,35.630000,35.670000,35.595000,-0.020000,0.075000,2
35.700000,35.650000,35.720000,35.635000,-0.050000,0.085000,2
35.730000,35.705000,35.760000,35.705000,-0.025000,0.055000,2
35.765000,35.740000,35.770000,35.719900,-0.025000,0.050100,1
35.670000,35.765000,35.770000,35.620000,0.095000,0.150000,2
35.671600,35.670000,35.720000,35.665000,-0.001600,0.055000,2
35.680000,35.670000,35.700000,35.660000,-0.010000,0.040000,1
35.660000,35.670000,35.710000,35.660000,0.010000,0.050000,2
35.710000,35.665000,35.710000,35.646900,-0.045000,0.063100,1
35.600000,35.720000,35.720000,35.450000,0.120000,0.270000,1
35.565000,35.620000,35.620000,35.525000,0.055000,0.095000,1
35.565000,35.565000,35.590000,35.515000,0.000000,0.075000,1
34.696300,35.550000,35.550000,34.696300,0.853700,0.853700,2
34.800000,34.752100,34.810000,34.610000,-0.047900,0.200000,1
34.750000,34.805000,34.860000,34.650000,0.055000,0.210000,2
34.820000,34.770000,34.835000,34.690000,-0.050000,0.145000,2
34.945000,34.820100,34.970000,34.820100,-0.124900,0.149900,1
34.815000,34.935000,34.935000,34.815000,0.120000,0.120000,1
34.800100,34.810000,34.865000,34.735000,0.009900,0.130000,1
34.780000,34.790000,34.880000,34.780000,0.010000,0.100000,2
34.880000,34.780000,34.880000,34.780000,-0.100000,0.100000,2
34.947900,34.875000,34.970000,34.875000,-0.072900,0.095000,2
34.970000,34.955000,35.000000,34.950000,-0.015000,0.050000,2
35.000000,34.965000,35.100000,34.965000,-0.035000,0.135000,2
35.040000,35.000000,35.045000,34.990000,-0.040000,0.055000,1
34.960000,35.050000,35.050000,34.940000,0.090000,0.110000,1
34.850000,34.960000,34.985000,34.850000,0.110000,0.135000,1
34.840000,34.865000,34.895000,34.824300,0.025000,0.070700,2
34.900000,34.850000,34.905000,34.790000,-0.050000,0.115000,2
34.940000,34.901800,34.974100,34.901800,-0.038200,0.072300,1
34.930000,34.950000,34.990000,34.910000,0.020000,0.080000,2
35.150000,34.930000,35.190000,34.890000,-0.220000,0.300000,1
35.140000,35.140000,35.170000,35.090000,0.000000,0.080000,1
35.100000,35.150000,35.230000,35.100000,0.050000,0.130000,2
35.135000,35.090000,35.160000,35.074300,-0.045000,0.085700,1
35.075000,35.137500,35.180000,35.075000,0.062500,0.105000,2
35.095000,35.070000,35.140000,35.040000,-0.025000,0.100000,2
35.170000,35.100000,35.190000,35.100000,-0.070000,0.090000,2
35.650000,35.490000,35.910000,35.295000,-0.160000,0.615000,2
35.670000,35.750000,35.860000,35.650000,0.080000,0.210000,2
35.860000,35.650000,35.870000,35.650000,-0.210000,0.220000,2
35.995000,35.885000,36.040000,35.840000,-0.110000,0.200000,1
35.940000,35.990000,36.000000,35.840000,0.050000,0.160000,1
35.880000,35.890000,35.945000,35.850000,0.010000,0.095000,1
35.825000,35.890000,35.930000,35.800000,0.065000,0.130000,2
35.870100,35.860000,35.870100,35.740000,-0.010100,0.130100,2
35.930000,35.865000,35.930000,35.790000,-0.065000,0.140000,1
35.910000,35.900000,35.940000,35.890000,-0.010000,0.050000,1
35.885000,35.916000,35.950000,35.860000,0.031000,0.090000,1
35.870200,35.880000,35.930000,35.865000,0.009800,0.065000,2
35.890000,35.875000,35.890000,35.850000,-0.015000,0.040000,1
35.860000,35.880000,35.920000,35.855000,0.020000,0.065000,1
35.810000,35.860000,35.875000,35.810000,0.050000,0.065000,1
35.805000,35.800000,35.850000,35.780000,-0.005000,0.070000,2
35.865000,35.805000,35.870000,35.800000,-0.060000,0.070000,1
35.860000,35.860000,35.860000,35.750000,0.000000,0.110000,1
35.760000,35.850000,35.860000,35.760000,0.090000,0.100000,2
35.800000,35.760000,35.850000,35.760000,-0.040000,0.090000,1
35.750000,35.810000,35.835000,35.750000,0.060000,0.085000,1
35.695800,35.750000,35.800000,35.690000,0.054200,0.110000,1
35.660000,35.690000,35.715000,35.640000,0.030000,0.075000,1
35.550000,35.650000,35.650000,35.530000,0.100000,0.120000,1
35.540000,35.540000,35.600000,35.510000,0.000000,0.090000,2
35.690000,35.540000,35.690000,35.540000,-0.150000,0.150000,2
35.970000,35.610000,35.990000,35.610000,-0.360000,0.380000,1
35.870000,36.000000,36.020000,35.830000,0.130000,0.190000,1
35.784300,35.860000,35.880000,35.740000,0.075700,0.140000,1
35.650000,35.800000,35.820000,35.650000,0.150000,0.170000,1
35.214100,35.650000,35.670000,35.214100,0.435900,0.455900,1
35.120000,35.200000,35.210000,35.020000,0.080000,0.190000,1
35.090000,35.160000,35.220000,35.050000,0.070000,0.170000,1
35.090000,35.090000,35.270000,35.080000,0.000000,0.190000,1
34.950000,35.100000,35.100000,34.925000,0.150000,0.175000,1
34.945000,34.960000,35.000000,34.880000,0.015000,0.120000,2
35.108800,34.932700,35.120000,34.920000,-0.176100,0.200000,1
35.100000,35.105000,35.120000,35.040000,0.005000,0.080000,2
35.190000,35.105000,35.190000,35.100000,-0.085000,0.090000,1
35.130000,35.200000,35.220000,35.130000,0.070000,0.090000,1
35.130000,35.140000,35.150000,35.080000,0.010000,0.070000,1
35.010000,35.130000,35.130000,34.999900,0.120000,0.130100,2
35.039000,35.030000,35.060000,35.020000,-0.009000,0.040000,1
34.980000,35.040000,35.049700,34.970000,0.060000,0.079700,2
35.090000,34.984400,35.105000,34.980000,-0.105600,0.125000,1
35.090000,35.090000,35.110000,35.060000,0.000000,0.050000,1
35.060000,35.090000,35.110000,35.030000,0.030000,0.080000,1
34.979900,35.060000,35.070000,34.979900,0.080100,0.090100,2
35.030000,34.970000,35.070000,34.950000,-0.060000,0.120000,1
34.970000,35.041000,35.055000,34.960000,0.071000,0.095000,1
34.900000,34.980000,35.010000,34.900000,0.080000,0.110000,1
34.755000,34.905000,34.905000,34.750000,0.150000,0.155000,2
34.870000,34.960000,35.109900,34.798600,0.090000,0.311300,1
34.330000,34.900000,34.900000,34.320000,0.570000,0.580000,2
34.450000,34.320000,34.520000,34.235000,-0.130000,0.285000,2
34.480000,34.437800,34.550000,34.400000,-0.042200,0.150000,1
34.310000,34.475000,34.475000,34.305000,0.165000,0.170000,1
34.085000,34.305000,34.305000,34.050000,0.220000,0.255000,2
34.271400,34.080000,34.275000,34.060000,-0.191400,0.215000,2
34.410000,34.250000,34.410000,34.250000,-0.160000,0.160000,2
34.581000,34.450000,34.620000,34.440100,-0.131000,0.179900,2
34.700000,34.555000,34.760000,34.510000,-0.145000,0.250000,1
34.615000,34.700000,34.710000,34.615000,0.085000,0.095000,2
34.660000,34.630000,34.670000,34.600000,-0.030000,0.070000,1
34.600000,34.640000,34.680000,34.580000,0.040000,0.100000,1
34.600000,34.590000,34.635000,34.535000,-0.010000,0.100000,2
34.630000,34.610000,34.630000,34.550000,-0.020000,0.080000,1
34.510000,34.630000,34.630000,34.470000,0.120000,0.160000,1
34.430000,34.500000,34.510000,34.383700,0.070000,0.126300,1
34.390000,34.410000,34.430000,34.351800,0.020000,0.078200,2
34.450000,34.380000,34.455000,34.380000,-0.070000,0.075000,2
34.520000,34.440000,34.520000,34.440000,-0.080000,0.080000,1
34.490000,34.520000,34.520000,34.470000,0.030000,0.050000,1
34.410000,34.500000,34.500000,34.390000,0.090000,0.110000,2
34.436400,34.420000,34.450000,34.390000,-0.016400,0.060000,2
34.440000,34.420000,34.480000,34.410000,-0.020000,0.070000,2
34.460000,34.440000,34.490000,34.430000,-0.020000,0.060000,1
34.385000,34.465000,34.485000,34.370000,0.080000,0.115000,1
34.080000,34.650000,34.720000,34.080000,0.570000,0.640000,2
34.300000,34.110000,34.339800,34.080000,-0.190000,0.259800,1
34.245000,34.275000,34.310000,34.200000,0.030000,0.110000,2
34.265000,34.225000,34.265000,34.170000,-0.040000,0.095000,2
34.310000,34.260000,34.430000,34.260000,-0.050000,0.170000,2
34.405000,34.315000,34.430000,34.250000,-0.090000,0.180000,2
34.605000,34.410000,34.685000,34.410000,-0.195000,0.275000,2
34.660000,34.610000,34.660000,34.510000,-0.050000,0.150000,1
34.650000,34.660000,34.670000,34.570000,0.010000,0.100000,2
34.830000,34.675000,34.840000,34.675000,-0.155000,0.165000,2
34.840000,34.810000,34.845000,34.745000,-0.030000,0.100000,2
34.940000,34.840000,34.960000,34.840000,-0.100000,0.120000,2
35.050000,34.930000,35.060000,34.925000,-0.120000,0.135000,2
35.090000,35.050000,35.090000,35.000000,-0.040000,0.090000,1
35.050000,35.090000,35.090000,34.980000,0.040000,0.110000,1
34.910000,35.050000,35.050000,34.910000,0.140000,0.140000,1
34.880000,34.915000,34.960000,34.875000,0.035000,0.085000,2
34.930000,34.875000,34.940000,34.850000,-0.055000,0.090000,1
34.870000,34.960000,35.000000,34.865000,0.090000,0.135000,2
34.990000,34.890000,34.990000,34.881000,-0.100000,0.109000,2
35.055000,35.000000,35.110100,34.975000,-0.055000,0.135100,2
35.080000,35.040000,35.110000,34.940000,-0.040000,0.170000,1
35.070000,35.098300,35.130000,35.030000,0.028300,0.100000,1
35.070000,35.070000,35.125000,35.040000,0.000000,0.085000,1
35.050000,35.080000,35.100000,35.030000,0.030000,0.070000,1
34.900000,35.050000,35.060000,34.855000,0.150000,0.205000,2
35.000000,34.920000,35.000000,34.630000,-0.080000,0.370000,1
34.860000,35.020000,35.037100,34.850000,0.160000,0.187100,1
34.780000,34.900000,34.910000,34.730000,0.120000,0.180000,2
34.810000,34.830000,34.830000,34.730000,0.020000,0.100000,1
34.770000,34.790000,34.845800,34.720100,0.020000,0.125700,1
34.745000,34.760000,34.790000,34.635000,0.015000,0.155000,2
34.840000,34.810000,34.840000,34.740000,-0.030000,0.100000,2
34.950000,34.850000,34.970000,34.840000,-0.100000,0.130000,2
34.960000,34.950000,35.010000,34.940000,-0.010000,0.070000,1
34.950000,34.970000,34.980000,34.920000,0.020000,0.060000,1
34.868700,34.940000,34.940000,34.840000,0.071300,0.100000,1
34.770000,34.880000,34.890000,34.740000,0.110000,0.150000,1
34.750000,34.790000,34.790000,34.700000,0.040000,0.090000,1
34.705000,34.730000,34.785000,34.685000,0.025000,0.100000,1
34.670000,34.700000,34.740000,34.660000,0.030000,0.080000,1
34.580000,34.665000,34.680000,34.580000,0.085000,0.100000,1
34.570000,34.585000,34.630000,34.525000,0.015000,0.105000,2
34.600000,34.560000,34.625000,34.550000,-0.040000,0.075000,2
34.659900,34.590000,34.659900,34.520000,-0.069900,0.139900,2
34.710000,34.655000,34.740000,34.650000,-0.055000,0.090000,1
34.640000,34.720000,34.740000,34.630000,0.080000,0.110000,2
34.645000,34.645000,34.689000,34.640000,0.000000,0.049000,1
34.510000,34.645000,34.670000,34.510000,0.135000,0.160000,1
34.510000,34.505000,34.550000,34.500000,-0.005000,0.050000,1
34.510000,34.515000,34.515000,34.460000,0.005000,0.055000,2
34.590000,34.500000,34.590000,34.500000,-0.090000,0.090000,2
34.750000,34.550000,35.010000,34.470000,-0.200000,0.540000,1
34.460000,34.760000,34.760000,34.460000,0.300000,0.300000,1
34.422100,34.450000,34.498000,34.420000,0.027900,0.078000,2
34.530000,34.450000,34.530000,34.350000,-0.080000,0.180000,2
34.555000,34.540000,34.580000,34.435000,-0.015000,0.145000,1
34.540000,34.540000,34.570000,34.475700,0.000000,0.094300,1
34.480000,34.545000,34.550000,34.460000,0.065000,0.090000,2
34.545000,34.465000,34.560000,34.460000,-0.080000,0.100000,1
34.520000,34.560000,34.610000,34.515000,0.040000,0.095000,2
34.560000,34.530000,34.640000,34.520000,-0.030000,0.120000,2
34.620000,34.560000,34.650000,34.550000,-0.060000,0.100000,2
34.660000,34.620000,34.660000,34.560000,-0.040000,0.100000,2
34.750000,34.690000,34.790000,34.680000,-0.060000,0.110000,1
34.720000,34.740000,34.760000,34.680000,0.020000,0.080000,1
34.720000,34.720000,34.790000,34.720000,0.000000,0.070000,1
34.710000,34.720000,34.720000,34.660000,0.010000,0.060000,2
34.730000,34.710000,34.770000,34.705000,-0.020000,0.065000,1
34.680000,34.730000,34.770000,34.680000,0.050000,0.090000,2
34.690000,34.670000,34.690000,34.580000,-0.020000,0.110000,1
34.690000,34.700000,34.716400,34.640000,0.010000,0.076400,1
34.675000,34.700000,34.705000,34.640000,0.025000,0.065000,1
34.635000,34.680000,34.695000,34.570000,0.045000,0.125000,1
34.595000,34.640000,34.670000,34.580000,0.045000,0.090000,2
34.650000,34.590000,34.670000,34.570000,-0.060000,0.100000,2
34.661000,34.650000,34.760000,34.630000,-0.011000,0.130000,2
34.720000,34.670000,34.730000,34.630000,-0.050000,0.100000,2
34.730000,34.570000,34.850000,34.450000,-0.160000,0.400000,2
34.950000,34.740000,34.970000,34.730000,-0.210000,0.240000,1
34.770000,34.910000,34.920000,34.765000,0.140000,0.155000,2
34.830000,34.760000,34.830000,34.760000,-0.070000,0.070000,2
34.850000,34.830000,34.870000,34.780000,-0.020000,0.090000,1
34.820000,34.840000,34.910000,34.820000,0.020000,0.090000,1
34.770000,34.835000,34.835000,34.720000,0.065000,0.115000,1
34.750000,34.730000,34.820000,34.710000,-0.020000,0.110000,2
34.800000,34.750000,34.860000,34.750000,-0.050000,0.110000,2
34.820000,34.780000,34.870000,34.770000,-0.040000,0.100000,1
34.770000,34.780000,34.820000,34.765000,0.010000,0.055000,2
34.800000,34.770000,34.840000,34.770000,-0.030000,0.070000,1
34.750000,34.790000,34.790000,34.740000,0.040000,0.050000,1
34.745000,34.725000,34.800000,34.660000,-0.020000,0.140000,2
34.770000,34.725000,34.790000,34.725000,-0.045000,0.065000,1
34.740000,34.770000,34.790000,34.710000,0.030000,0.080000,2
34.780000,34.740000,34.810000,34.740000,-0.040000,0.070000,1
34.720000,34.790000,34.790000,34.720000,0.070000,0.070000,1
34.710000,34.726300,34.726300,34.690000,0.016300,0.036300,2
34.780000,34.691500,34.790000,34.691500,-0.088500,0.098500,1
34.715100,34.760000,34.760000,34.710000,0.044900,0.050000,2
34.790000,34.710000,34.825000,34.710000,-0.080000,0.115000,1
34.763100,34.800000,34.825100,34.750000,0.036900,0.075100,1
34.710000,34.770000,34.770000,34.685000,0.060000,0.085000,1
34.690000,34.695000,34.700000,34.630000,0.005000,0.070000,2
34.710000,34.690000,34.780000,34.690000,-0.020000,0.090000,2
35.240000,34.690000,35.240000,34.650000,-0.550000,0.590000,1
34.770000,35.240000,35.240000,34.770000,0.470000,0.470000,1
34.430000,34.740000,34.740000,34.430000,0.310000,0.310000,1
34.310000,34.410000,34.420000,34.260000,0.100000,0.160000,1
34.150000,34.360000,34.400000,34.150000,0.210000,0.250000,1
34.090000,34.125000,34.222500,34.020000,0.035000,0.202500,1
33.920000,34.080000,34.080000,33.920000,0.160000,0.160000,1
33.855000,33.945700,33.990000,33.830000,0.090700,0.160000,2
33.860000,33.890000,33.980000,33.750000,0.030000,0.230000,2
33.990000,33.855000,33.990000,33.815000,-0.135000,0.175000,1
33.907000,33.970000,34.025000,33.907000,0.063000,0.118000,1
33.905000,33.899000,33.950000,33.890000,-0.006000,0.060000,2
33.958900,33.906400,33.985000,33.906400,-0.052500,0.078600,2
34.015000,33.965000,34.030000,33.965000,-0.050000,0.065000,2
34.040000,34.015000,34.040000,33.990000,-0.025000,0.050000,1
33.990000,34.030000,34.100000,33.990000,0.040000,0.110000,1
33.880000,33.995000,34.015000,33.880000,0.115000,0.135000,1
33.850000,33.880000,33.900000,33.785000,0.030000,0.115000,1
33.810000,33.840000,33.850000,33.780000,0.030000,0.070000,1
33.750000,33.795000,33.840000,33.720000,0.045000,0.120000,1
33.730000,33.735000,33.820000,33.730000,0.005000,0.090000,1
33.650000,33.720000,33.740000,33.645000,0.070000,0.095000,1
33.490000,33.620000,33.630000,33.410000,0.130000,0.220000,1
33.250000,33.490000,33.490000,33.250000,0.240000,0.240000,1
33.100000,33.250000,33.295000,33.100000,0.150000,0.195000,1
33.030000,33.110000,33.180000,33.030000,0.080000,0.150000,1
32.805000,33.060000,33.310000,32.575000,0.255000,0.735000,2
32.850000,32.800000,33.071000,32.780000,-0.050000,0.291000,2
32.910000,32.850000,33.060000,32.800000,-0.060000,0.260000,1
32.890100,32.919900,33.020000,32.850000,0.029800,0.170000,2
32.970000,32.895000,32.990000,32.860000,-0.075000,0.130000,1
32.920000,32.960000,33.030000,32.900000,0.040000,0.130000,2
33.070000,32.940000,33.080000,32.920000,-0.130000,0.160000,2
33.210000,33.040000,33.250000,33.030000,-0.170000,0.220000,1
33.100000,33.195000,33.260000,33.100000,0.095000,0.160000,2
33.150000,33.125000,33.250000,33.120000,-0.025000,0.130000,2
33.195000,33.150000,33.200000,33.100000,-0.045000,0.100000,2
33.330000,33.192700,33.330000,33.190000,-0.137300,0.140000,1
33.240000,33.335000,33.335000,33.230000,0.095000,0.105000,2
33.310000,33.237500,33.345000,33.234400,-0.072500,0.110600,1
33.310000,33.325000,33.330000,33.250000,0.015000,0.080000,1
33.270000,33.319900,33.340100,33.250000,0.049900,0.090100,2
33.339900,33.270000,33.375000,33.270000,-0.069900,0.105000,2
33.480000,33.340000,33.500000,33.305000,-0.140000,0.195000,1
33.435000,33.470000,33.475000,33.390000,0.035000,0.085000,2
33.545000,33.423600,33.545000,33.420000,-0.121400,0.125000,1
33.330000,33.545000,33.545000,33.330000,0.215000,0.215000,2
33.395000,33.330000,33.415000,33.310000,-0.065000,0.105000,1
33.390000,33.410000,33.420000,33.320000,0.020000,0.100000,2
33.440000,33.390000,33.440000,33.330000,-0.050000,0.110000,1
33.420000,33.450000,33.500000,33.400000,0.030000,0.100000,1
33.400000,33.440000,33.455000,33.380000,0.040000,0.075000,1
33.360000,33.340000,33.670000,33.180000,-0.020000,0.490000,1
33.060000,33.365000,33.400000,33.030000,0.305000,0.370000,1
32.985000,33.085000,33.151000,32.970000,0.100000,0.181000,1
32.820000,32.960000,32.960000,32.745000,0.140000,0.215000,2
32.870000,32.810000,32.870000,32.710000,-0.060000,0.160000,2
32.950000,32.900000,32.972900,32.860000,-0.050000,0.112900,2
33.020000,32.970000,33.095000,32.970000,-0.050000,0.125000,2
33.120000,33.045000,33.140000,32.958400,-0.075000,0.181600,2
33.160000,33.120000,33.230000,33.100000,-0.040000,0.130000,1
33.060000,33.150000,33.170000,33.040000,0.090000,0.130000,1
32.950000,33.060000,33.075000,32.940000,0.110000,0.135000,1
32.820000,32.950000,32.950000,32.740000,0.130000,0.210000,2
32.860000,32.820000,32.990000,32.790000,-0.040000,0.200000,1
32.850000,32.855000,32.880000,32.820000,0.005000,0.060000,1
32.639900,32.855000,32.860000,32.630000,0.215100,0.230000,2
32.725200,32.640000,32.750000,32.605000,-0.085200,0.145000,1
32.550000,32.720000,32.730000,32.525000,0.170000,0.205000,2
32.720000,32.540000,32.720000,32.485000,-0.180000,0.235000,1
32.690000,32.740000,32.770000,32.670000,0.050000,0.100000,1
32.580000,32.700000,32.700000,32.550000,0.120000,0.150000,2
32.600000,32.580000,32.690000,32.555000,-0.020000,0.135000,2
32.680000,32.630000,32.710000,32.595000,-0.050000,0.115000,2
32.850000,32.680000,32.850000,32.670000,-0.170000,0.180000,1
32.790000,32.855000,32.890000,32.790000,0.065000,0.100000,1
32.780000,32.775000,32.780000,32.740000,-0.005000,0.040000,2
32.870000,32.790000,32.870000,32.780000,-0.080000,0.090000,2
33.230000,32.900000,33.410000,32.680000,-0.330000,0.730000,1
32.975000,33.230000,33.370000,32.975000,0.255000,0.395000,2
32.993000,33.000000,33.062500,32.885000,0.007000,0.177500,1
32.985000,33.000000,33.100000,32.960000,0.015000,0.140000,2
32.995000,32.960000,33.010000,32.830000,-0.035000,0.180000,1
32.980000,33.020000,33.020000,32.935000,0.040000,0.085000,1
32.905000,32.970000,32.970000,32.890000,0.065000,0.080000,1
32.900000,32.900000,32.935000,32.840000,0.000000,0.095000,1
32.870000,32.870000,32.950000,32.850000,0.000000,0.100000,1
32.820000,32.860000,32.880000,32.800000,0.040000,0.080000,1
32.786700,32.800000,32.870000,32.740000,0.013300,0.130000,1
32.780000,32.774500,32.835000,32.750000,-0.005500,0.085000,1
32.690000,32.790000,32.790000,32.655000,0.100000,0.135000,1
32.620000,32.690000,32.690000,32.600000,0.070000,0.090000,1
32.530000,32.620000,32.655000,32.530000,0.090000,0.125000,1
32.375000,32.540000,32.550000,32.375000,0.165000,0.175000,2
32.380100,32.390000,32.426400,32.355000,0.009900,0.071400,2
32.480000,32.395000,32.490000,32.384200,-0.085000,0.105800,2
32.560000,32.485000,32.620000,32.460000,-0.075000,0.160000,2
32.920000,32.560000,33.040000,32.550000,-0.360000,0.490000,1
32.830000,32.890000,32.920000,32.740000,0.060000,0.180000,1
32.768500,32.850000,32.850000,32.750000,0.081500,0.100000,1
32.715000,32.760000,32.760000,32.670000,0.045000,0.090000,2
32.800000,32.730000,32.800000,32.690000,-0.070000,0.110000,2
32.875000,32.810000,32.875000,32.750000,-0.065000,0.125000,1
32.830000,32.880000,32.925000,32.820000,0.050000,0.105000,1
32.640000,32.770000,32.890000,32.560000,0.130000,0.330000,2
32.865000,32.640000,32.865000,32.640000,-0.225000,0.225000,2
32.900000,32.820000,32.940000,32.820000,-0.080000,0.120000,2
33.020000,32.900000,33.050000,32.850000,-0.120000,0.200000,1
32.950000,33.020000,33.020000,32.910000,0.070000,0.110000,1
32.930000,32.920000,33.020000,32.890000,-0.010000,0.130000,1
32.720000,32.900000,32.940000,32.680000,0.180000,0.260000,1
32.515000,32.690000,32.690000,32.515000,0.175000,0.175000,1
32.500000,32.500000,32.545000,32.310000,0.000000,0.235000,1
32.430000,32.490000,32.550000,32.355000,0.060000,0.195000,2
32.500100,32.420000,32.500100,32.335000,-0.080100,0.165100,2
32.595000,32.500000,32.624300,32.480000,-0.095000,0.144300,2
32.680000,32.590000,32.680000,32.542400,-0.090000,0.137600,1
32.680000,32.680000,32.730000,32.650000,0.000000,0.080000,2
32.910000,32.690000,32.920000,32.690000,-0.220000,0.230000,1
32.870000,32.915000,32.970000,32.820000,0.045000,0.150000,2
32.900000,32.860000,32.930000,32.860000,-0.040000,0.070000,1
32.840000,32.870000,32.900000,32.820000,0.030000,0.080000,2
32.890000,32.820000,32.920000,32.805000,-0.070000,0.115000,2
33.120000,32.890000,33.120000,32.870000,-0.230000,0.250000,2
33.190000,33.135000,33.250000,33.115000,-0.055000,0.135000,1
33.110000,33.160000,33.200000,33.090000,0.050000,0.110000,2
33.205000,33.110000,33.235000,33.110000,-0.095000,0.125000,1
33.130000,33.200000,33.230000,33.130000,0.070000,0.100000,2
33.185000,33.160000,33.200000,33.125000,-0.025000,0.075000,1
33.180000,33.195000,33.250000,33.180000,0.015000,0.070000,1
32.960000,33.140000,33.210000,32.930000,0.180000,0.280000,1
32.900000,32.910000,33.040000,32.855000,0.010000,0.185000,2
33.150000,32.900000,33.170000,32.900000,-0.250000,0.270000,2
33.300000,33.125000,33.360000,32.990000,-0.175000,0.370000,2
33.605000,33.290000,33.645000,33.290000,-0.315000,0.355000,1
33.410000,33.620000,33.625000,33.410000,0.210000,0.215000,2
33.450000,33.400000,33.450000,33.295000,-0.050000,0.155000,2
33.500000,33.450000,33.547700,33.390000,-0.050000,0.157700,1
33.460000,33.490000,33.555000,33.440000,0.030000,0.115000,2
33.541000,33.450000,33.560000,33.400000,-0.091000,0.160000,1
33.530000,33.550000,33.590000,33.490000,0.020000,0.100000,1
33.349000,33.510000,33.520000,33.330000,0.161000,0.190000,1
33.310000,33.350000,33.400000,33.270000,0.040000,0.130000,1
33.250000,33.330000,33.340000,33.190000,0.080000,0.150000,1
33.040000,33.250000,33.250000,33.030000,0.210000,0.220000,1
32.980000,33.020000,33.030000,32.969900,0.040000,0.060100,1
32.929400,32.980000,33.000000,32.915000,0.050600,0.085000,2
33.060000,32.920000,33.080000,32.920000,-0.140000,0.160000,2
33.101000,33.060000,33.101000,32.980000,-0.041000,0.121000,2
33.110000,33.130000,33.130000,33.020000,0.020000,0.110000,2
33.130000,33.110000,33.130000,33.050000,-0.020000,0.080000,2
33.160000,33.120000,33.210000,33.100000,-0.040000,0.110000,1
33.105000,33.140000,33.140000,33.020000,0.035000,0.120000,1
33.065000,33.100000,33.110000,32.980000,0.035000,0.130000,1
33.020000,33.060000,33.060000,32.990000,0.040000,0.070000,2
33.060000,33.030000,33.120000,33.030000,-0.030000,0.090000,2
33.270000,33.250000,33.350000,33.100000,-0.020000,0.250000,1
32.850000,33.210300,33.280000,32.850000,0.360300,0.430000,2
33.110000,32.855000,33.170000,32.850000,-0.255000,0.320000,2
33.210000,33.090000,33.350000,33.070000,-0.120000,0.280000,1
33.180000,33.190000,33.230000,33.100000,0.010000,0.130000,1
33.170000,33.170000,33.225000,33.110000,0.000000,0.115000,1
33.140000,33.140000,33.190000,33.120000,0.000000,0.070000,1
33.030000,33.130000,33.130000,32.865000,0.100000,0.265000,2
33.100000,33.020000,33.100000,32.920000,-0.080000,0.180000,2
33.120000,33.100000,33.190000,33.075000,-0.020000,0.115000,2
33.200000,33.130000,33.230000,33.130000,-0.070000,0.100000,2
33.230000,33.200000,33.290000,33.190000,-0.030000,0.100000,1
33.170000,33.240000,33.250000,33.120000,0.070000,0.130000,1
33.145000,33.175000,33.240000,33.140000,0.030000,0.100000,1
33.105000,33.145000,33.145000,33.000000,0.040000,0.145000,2
33.140000,33.110000,33.185000,33.070000,-0.030000,0.115000,2
33.165000,33.130000,33.200000,33.090000,-0.035000,0.110000,2
33.175000,33.170000,33.210000,33.160000,-0.005000,0.050000,1
33.070000,33.190000,33.190000,33.040000,0.120000,0.150000,2
33.080000,33.050000,33.120000,33.020000,-0.030000,0.100000,1
32.950000,33.085000,33.150000,32.950000,0.135000,0.200000,2
33.080000,32.955000,33.090000,32.945000,-0.125000,0.145000,1
32.900000,33.060000,33.060000,32.880000,0.160000,0.180000,2
33.030000,32.910000,33.030000,32.882500,-0.120000,0.147500,1
32.830000,33.025000,33.025000,32.785000,0.195000,0.240000,1
32.775000,32.840000,32.980000,32.710000,0.065000,0.270000,2
33.200000,33.080000,33.950000,33.080000,-0.120000,0.870000,2
33.556500,33.170000,33.647500,33.170000,-0.386500,0.477500,1
33.290000,33.555000,33.700000,33.280000,0.265000,0.420000,1
33.110000,33.270000,33.270000,33.100000,0.160000,0.170000,2
33.155000,33.080000,33.200000,33.070000,-0.075000,0.130000,1
32.810000,33.155000,33.155000,32.750000,0.345000,0.405000,1
32.460000,32.750000,32.790000,32.460000,0.290000,0.330000,2
32.550000,32.430000,32.600000,32.430000,-0.120000,0.170000,2
32.780000,32.560000,32.780000,32.540000,-0.220000,0.240000,2
32.890000,32.770000,33.020000,32.770000,-0.120000,0.250000,1
32.830000,32.870000,32.930000,32.720000,0.040000,0.210000,2
32.850000,32.870000,32.940000,32.810000,0.020000,0.130000,1
32.720000,32.845000,32.849900,32.700000,0.125000,0.149900,1
32.690000,32.710000,32.725000,32.590000,0.020000,0.135000,1
32.680000,32.660000,32.680000,32.570000,-0.020000,0.110000,1
32.660000,32.690000,32.760000,32.640000,0.030000,0.120000,1
32.509900,32.690000,32.690000,32.500000,0.180100,0.190000,1
32.490000,32.530000,32.530000,32.380000,0.040000,0.150000,1
32.360000,32.470000,32.490000,32.320000,0.110000,0.170000,1
32.330000,32.370000,32.410000,32.310000,0.040000,0.100000,1
31.985000,32.320000,32.340000,31.980000,0.335000,0.360000,2
32.200000,31.980000,32.230000,31.890000,-0.220000,0.340000,2
32.360000,32.210000,32.390000,32.150000,-0.150000,0.240000,2
32.470000,32.350000,32.590000,32.340000,-0.120000,0.250000,1
32.310000,32.450000,32.500000,32.310000,0.140000,0.190000,1
32.120000,32.280000,32.370000,32.090000,0.160000,0.280000,2
33.480000,32.763800,33.570000,32.715000,-0.716200,0.855000,2
33.552900,33.550000,33.630000,33.350000,-0.002900,0.280000,2
33.555000,33.570000,33.860000,33.550000,0.015000,0.310000,1
33.405000,33.530000,33.535000,33.350000,0.125000,0.185000,2
33.670000,33.380000,33.670000,33.370000,-0.290000,0.300000,1
33.590000,33.660000,33.715000,33.555000,0.070000,0.160000,2
33.650000,33.600000,33.720000,33.535000,-0.050000,0.185000,1
33.420000,33.650000,33.660000,33.395000,0.230000,0.265000,1
33.410000,33.420000,33.545000,33.410000,0.010000,0.135000,2
33.780000,33.390000,33.790000,33.360000,-0.390000,0.430000,1
33.560000,33.770000,33.770000,33.470000,0.210000,0.300000,1
33.400100,33.540000,33.540000,33.380000,0.139900,0.160000,1
33.310000,33.425000,33.460000,33.265000,0.115000,0.195000,2
33.340000,33.300000,33.385000,33.190000,-0.040000,0.195000,2
33.380000,33.320000,33.475000,33.300000,-0.060000,0.175000,1
33.300000,33.390000,33.470000,33.300000,0.090000,0.170000,2
33.380000,33.280000,33.400000,33.220000,-0.100000,0.180000,1
33.310000,33.370000,33.490000,33.310000,0.060000,0.180000,1
33.070000,33.340000,33.340000,33.070000,0.270000,0.270000,2
33.220000,33.090000,33.250000,33.065000,-0.130000,0.185000,1
33.050000,33.225000,33.225000,33.035000,0.175000,0.190000,2
33.120000,33.080000,33.190000,33.050000,-0.040000,0.140000,2
33.260000,33.140000,33.300000,33.070000,-0.120000,0.230000,2
33.330000,33.250000,33.355000,33.170000,-0.080000,0.185000,2
33.405000,33.310000,33.405000,33.280000,-0.095000,0.125000,1
33.390000,33.410000,33.470000,33.315000,0.020000,0.155000,2
33.610000,33.304900,33.650000,33.304900,-0.305100,0.345100,1
33.300000,33.640000,33.785000,33.290000,0.340000,0.495000,2
33.365000,33.330000,33.460000,33.240000,-0.035000,0.220000,2
33.580000,33.350000,33.665000,33.350000,-0.230000,0.315000,1
33.445000,33.590000,33.725000,33.445000,0.145000,0.280000,2
33.479000,33.425000,33.500000,33.400000,-0.054000,0.100000,2
33.585000,33.465000,33.585000,33.465000,-0.120000,0.120000,2
33.710000,33.580000,33.730000,33.570000,-0.130000,0.160000,1
33.685000,33.720000,33.745000,33.630000,0.035000,0.115000,1
33.420000,33.680000,33.710000,33.420000,0.260000,0.290000,1
33.330000,33.420000,33.435000,33.310000,0.090000,0.125000,2
33.345000,33.315000,33.400000,33.315000,-0.030000,0.085000,2
33.450000,33.345000,33.565000,33.330000,-0.105000,0.235000,2
33.478800,33.460000,33.590000,33.460000,-0.018800,0.130000,2
33.600000,33.510000,33.625000,33.500000,-0.090000,0.125000,1
33.530000,33.600000,33.600000,33.440000,0.070000,0.160000,2
33.665000,33.530000,33.710000,33.510000,-0.135000,0.200000,1
33.640000,33.670000,33.690000,33.569900,0.030000,0.120100,1
33.520000,33.630000,33.635000,33.520000,0.110000,0.115000,1
33.465000,33.520000,33.545000,33.440000,0.055000,0.105000,2
33.570000,33.455000,33.570000,33.430000,-0.115000,0.140000,2
33.600000,33.580000,33.650000,33.510000,-0.020000,0.140000,1
33.570000,33.591400,33.710000,33.550000,0.021400,0.160000,1
33.555000,33.570000,33.615000,33.550000,0.015000,0.065000,2
33.560000,33.550000,33.650000,33.529900,-0.010000,0.120100,1
33.390000,33.550000,33.590000,33.370000,0.160000,0.220000,1
33.280000,33.400000,33.460000,33.030000,0.120000,0.430000,1
33.120000,33.260000,33.280000,33.070000,0.140000,0.210000,1
33.060000,33.070000,33.150000,32.950000,0.010000,0.200000,2
33.080000,33.120000,33.210000,33.056900,0.040000,0.153100,1
32.900000,33.079900,33.079900,32.900000,0.179900,0.179900,2
33.020000,32.920000,33.040000,32.850000,-0.100000,0.190000,2
33.050000,33.010000,33.090000,32.910000,-0.040000,0.180000,1
32.950000,33.050000,33.070000,32.890000,0.100000,0.180000,1
32.950000,32.950000,33.000000,32.930000,0.000000,0.070000,2
33.130000,32.970000,33.130000,32.930000,-0.160000,0.200000,2
33.170000,33.150000,33.270000,33.150000,-0.020000,0.120000,2
33.316700,33.180000,33.340000,33.160000,-0.136700,0.180000,2
33.390000,33.310000,33.400000,33.310000,-0.080000,0.090000,1
33.359900,33.380000,33.430000,33.270000,0.020100,0.160000,1
33.290000,33.370000,33.390000,33.285000,0.080000,0.105000,2
33.330000,33.280000,33.390000,33.270000,-0.050000,0.120000,2
33.400000,33.339000,33.410000,33.310000,-0.061000,0.100000,2
33.450000,33.405000,33.450000,33.400000,-0.045000,0.050000,1
33.380000,33.480000,33.580000,33.380000,0.100000,0.200000,2
33.410000,33.375000,33.425000,33.360000,-0.035000,0.065000,1
33.390000,33.410000,33.410000,33.330000,0.020000,0.080000,1
33.330000,33.386900,33.440000,33.325900,0.056900,0.114100,2
33.400000,33.330000,33.400000,33.253700,-0.070000,0.146300,1
33.395000,33.400000,33.425000,33.385000,0.005000,0.040000,2
33.470000,33.390000,33.470000,33.350000,-0.080000,0.120000,2
33.500000,33.475000,33.520000,33.440000,-0.025000,0.080000,1
32.850000,33.340000,33.590000,32.750000,0.490000,0.840000,1
32.385000,32.840000,32.920000,32.320000,0.455000,0.600000,1
32.140000,32.380000,32.460000,32.140000,0.240000,0.320000,1
31.935000,32.160000,32.220000,31.935000,0.225000,0.285000,1
31.701000,31.920000,31.970000,31.650000,0.219000,0.320000,2
31.930000,31.660000,31.930000,31.645000,-0.270000,0.285000,1
31.830000,31.840000,32.050000,31.800000,0.010000,0.250000,2
32.030000,31.850000,32.060000,31.820000,-0.180000,0.240000,2
32.180000,32.030000,32.180000,32.010000,-0.150000,0.170000,1
32.150000,32.180000,32.180000,31.970000,0.030000,0.210000,2
32.240000,32.150000,32.240000,32.090000,-0.090000,0.150000,1
32.160000,32.280000,32.280100,32.150000,0.120000,0.130100,2
32.205000,32.140000,32.220000,32.060000,-0.065000,0.160000,1
32.135000,32.226700,32.230000,32.073500,0.091700,0.156500,2
32.170000,32.170000,32.260000,32.150000,0.000000,0.110000,1
31.970000,32.150000,32.160000,31.940000,0.180000,0.220000,2
32.010000,32.000000,32.060000,31.954300,-0.010000,0.105700,2
32.081000,32.000000,32.100000,32.000000,-0.081000,0.100000,1
32.010000,32.080000,32.130000,32.000200,0.070000,0.129800,1
31.945000,31.990000,32.000000,31.920000,0.045000,0.080000,2
31.951000,31.940000,32.030000,31.925000,-0.011000,0.105000,2
32.035000,31.955000,32.080000,31.955000,-0.080000,0.125000,1
31.940000,32.030000,32.050000,31.940000,0.090000,0.110000,1
31.920000,31.911000,31.930000,31.820000,-0.009000,0.110000,1
31.760000,31.910000,31.920000,31.720000,0.150000,0.200000,2
31.840000,31.750000,31.840000,31.740000,-0.090000,0.100000,2
32.390000,31.810000,32.420000,31.810000,-0.580000,0.610000,1
32.160000,32.380000,32.480000,32.150000,0.220000,0.330000,1
32.050000,32.140000,32.250000,32.010000,0.090000,0.240000,2
32.259900,32.080000,32.320000,32.070000,-0.179900,0.250000,2
32.270000,32.240000,32.440000,32.240000,-0.030000,0.200000,2
32.380000,32.310000,32.421100,32.250000,-0.070000,0.171100,1
32.270000,32.365000,32.365000,32.165000,0.095000,0.200000,1
32.145000,32.255000,32.265000,32.145000,0.110000,0.120000,1
32.120000,32.150000,32.150000,32.030000,0.030000,0.120000,1
31.985000,32.080000,32.080000,31.875000,0.095000,0.205000,2
32.180000,31.965000,32.210000,31.965000,-0.215000,0.245000,2
32.204400,32.186100,32.270000,32.120000,-0.018300,0.150000,2
32.255000,32.190000,32.270000,32.156400,-0.065000,0.113600,1
32.170000,32.255000,32.280000,32.170000,0.085000,0.110000,1
32.150000,32.155000,32.220000,32.130000,0.005000,0.090000,1
32.070000,32.150000,32.200000,31.970000,0.080000,0.230000,1
31.939600,32.080000,32.130000,31.905000,0.140400,0.225000,1
31.935000,31.955000,31.970000,31.890000,0.020000,0.080000,2
32.020000,31.935000,32.110000,31.935000,-0.085000,0.175000,2
32.040000,32.000000,32.130000,31.950000,-0.040000,0.180000,2
32.220000,32.020000,32.220000,32.020000,-0.200000,0.200000,1
32.200000,32.210000,32.250000,32.150000,0.010000,0.100000,1
32.150000,32.190000,32.210100,32.115000,0.040000,0.095100,2
32.280000,32.155000,32.315000,32.155000,-0.125000,0.160000,2
32.370000,32.280000,32.405000,32.225000,-0.090000,0.180000,2
32.410000,32.370000,32.410000,32.300000,-0.040000,0.110000,1
32.270000,32.350000,32.350000,31.790000,0.080000,0.560000,2
32.350000,32.320000,32.360000,32.260000,-0.030000,0.100000,1
32.340000,32.390000,32.520000,32.340000,0.050000,0.180000,1
32.320000,32.360000,32.450000,32.320000,0.040000,0.130000,1
32.070000,32.340000,32.340000,32.020000,0.270000,0.320000,2
32.260000,32.070000,32.260000,31.989000,-0.190000,0.271000,2
32.330000,32.280000,32.360000,32.240000,-0.050000,0.120000,1
32.230000,32.370000,32.370000,32.210000,0.140000,0.160000,1
32.090000,32.220000,32.220000,32.010000,0.130000,0.210000,2
32.210000,32.103600,32.230000,32.100000,-0.106400,0.130000,1
32.005000,32.210000,32.250000,32.005000,0.205000,0.245000,1
31.900000,32.000000,32.000000,31.875000,0.100000,0.125000,1
31.820000,31.865000,31.880000,31.760000,0.045000,0.120000,2
32.110000,31.815000,32.120000,31.815000,-0.295000,0.305000,2
32.190000,32.100000,32.190000,31.995000,-0.090000,0.195000,2
32.340000,32.190000,32.340000,32.160000,-0.150000,0.180000,1
32.210000,32.315000,32.360000,32.205000,0.105000,0.155000,2
32.230000,32.210000,32.240000,32.135000,-0.020000,0.105000,1
32.175000,32.200000,32.230000,32.130000,0.025000,0.100000,2
32.250000,32.180000,32.290000,32.135000,-0.070000,0.155000,1
32.250000,32.210000,32.390000,32.160000,-0.040000,0.230000,2
32.260000,32.270000,32.310000,32.210000,0.010000,0.100000,1
32.180000,32.260000,32.290000,32.130000,0.080000,0.160000,1
32.175000,32.180000,32.220000,32.120000,0.005000,0.100000,2
32.245000,32.180000,32.250000,32.140000,-0.065000,0.110000,2
32.340000,32.240000,32.385000,32.240000,-0.100000,0.145000,2
33.240000,32.620000,33.300000,32.500000,-0.620000,0.800000,1
32.980000,33.240000,33.250000,32.830000,0.260000,0.420000,1
32.970000,32.990000,33.120000,32.900000,0.020000,0.220000,1
32.900000,32.990000,32.990000,32.800000,0.090000,0.190000,1
32.895000,32.900000,32.970000,32.620000,0.005000,0.350000,1
32.885000,32.870000,32.930000,32.800000,-0.015000,0.130000,1
32.870000,32.870000,33.040000,32.850000,0.000000,0.190000,2
32.990000,32.880000,33.028000,32.880000,-0.110000,0.148000,1
32.960000,32.985000,33.000000,32.930000,0.025000,0.070000,2
32.970000,32.942500,33.015000,32.870000,-0.027500,0.145000,1
32.920000,32.980000,33.030000,32.920000,0.060000,0.110000,2
32.970000,32.900000,32.980000,32.900000,-0.070000,0.080000,2
33.060000,32.980000,33.120000,32.940000,-0.080000,0.180000,2
33.070000,33.060000,33.160000,33.060000,-0.010000,0.100000,2
33.125000,33.080000,33.220000,33.070000,-0.045000,0.150000,1
33.040000,33.120000,33.180000,33.030000,0.080000,0.150000,2
33.130000,33.020000,33.140000,33.000000,-0.110000,0.140000,1
33.050000,33.120700,33.140000,33.040000,0.070700,0.100000,1
32.990000,33.050000,33.050000,32.960000,0.060000,0.090000,2
33.000000,32.960000,33.020000,32.940000,-0.040000,0.080000,1
32.980000,33.005000,33.030000,32.965000,0.025000,0.065000,2
33.105000,33.000000,33.150000,33.000000,-0.105000,0.150000,1
33.100000,33.090000,33.210000,33.070000,-0.010000,0.140000,1
33.040000,33.100000,33.100000,33.030000,0.060000,0.070000,1
32.870000,33.040000,33.055000,32.870000,0.170000,0.185000,2
32.890000,32.870000,32.910000,32.810000,-0.020000,0.100000,1
31.870000,32.315000,32.370000,31.870000,0.445000,0.500000,2
32.100000,31.835000,32.130000,31.835000,-0.265000,0.295000,1
31.790000,32.110000,32.120000,31.790000,0.320000,0.330000,1
31.680000,31.790000,31.860000,31.660000,0.110000,0.200000,1
31.540000,31.670000,31.670000,31.405000,0.130000,0.265000,2
31.660000,31.520000,31.690000,31.490000,-0.140000,0.200000,2
31.940000,31.680000,31.950000,31.610000,-0.260000,0.340000,2
32.010000,31.930000,32.030000,31.850000,-0.080000,0.180000,1
31.945000,32.020000,32.070000,31.940000,0.075000,0.130000,1
31.920000,31.940000,31.990000,31.890000,0.020000,0.100000,2
31.970000,31.920000,32.000000,31.835000,-0.050000,0.165000,2
32.070000,31.960000,32.107900,31.950000,-0.110000,0.157900,1
32.060000,32.055000,32.110000,32.000000,-0.005000,0.110000,2
32.070000,32.040000,32.080000,32.000000,-0.030000,0.080000,2
32.250000,32.050000,32.300000,32.050000,-0.200000,0.250000,1
32.230000,32.260000,32.290000,32.190000,0.030000,0.100000,1
32.090000,32.255000,32.255000,32.080000,0.165000,0.175000,1
32.000000,32.110000,32.110000,31.950000,0.110000,0.160000,2
32.180000,32.005000,32.213200,32.005000,-0.175000,0.208200,2
32.321900,32.210000,32.333300,32.210000,-0.111900,0.123300,2
32.360000,32.330000,32.450000,32.300000,-0.030000,0.150000,2
32.435000,32.365000,32.482200,32.330000,-0.070000,0.152200,2
32.515000,32.420000,32.530000,32.415000,-0.095000,0.115000,1
32.515000,32.500000,32.580000,32.470000,-0.015000,0.110000,2
32.530000,32.515000,32.600000,32.455000,-0.015000,0.145000,2
32.540000,32.540000,32.600000,32.475000,0.000000,0.125000,2
32.770000,32.480000,32.920000,32.480000,-0.290000,0.440000,2
33.160000,32.780000,33.220000,32.750000,-0.380000,0.470000,2
33.180000,33.150000,33.290000,32.990000,-0.030000,0.300000,1
32.990000,33.130000,33.165000,32.950000,0.140000,0.215000,2
33.040000,32.960000,33.110000,32.910000,-0.080000,0.200000,2
33.120000,33.040000,33.170000,32.930000,-0.080000,0.240000,1
32.890000,33.145000,33.150000,32.820000,0.255000,0.330000,2
32.940000,32.920000,33.042600,32.900000,-0.020000,0.142600,2
33.000000,32.910000,33.060000,32.910000,-0.090000,0.150000,2
33.390000,33.010000,33.461600,33.010000,-0.380000,0.451600,1
33.310000,33.345000,33.345000,33.190000,0.035000,0.155000,2
33.350000,33.300000,33.370000,33.250000,-0.050000,0.120000,1
33.180000,33.350000,33.350000,33.170000,0.170000,0.180000,1
33.180000,33.160000,33.210000,33.070000,-0.020000,0.140000,1
33.020000,33.180000,33.180000,33.020000,0.160000,0.160000,2
33.056900,33.010000,33.120000,32.990000,-0.046900,0.130000,2
33.090000,33.090000,33.110000,32.970000,0.000000,0.140000,1
33.010000,33.120000,33.120000,33.000000,0.110000,0.120000,1
32.800000,33.015000,33.015000,32.770000,0.215000,0.245000,2
32.980000,32.805000,32.980000,32.740000,-0.175000,0.240000,1
32.940000,33.000000,33.060000,32.940000,0.060000,0.120000,1
32.840000,32.920000,32.930000,32.840000,0.080000,0.090000,1
32.800000,32.815000,32.815000,32.700000,0.015000,0.115000,1
32.540000,32.780000,32.830000,32.540000,0.240000,0.290000,1
32.490000,32.560000,32.605000,32.490000,0.070000,0.115000,1
32.210000,32.470000,32.490000,32.125000,0.260000,0.365000,2
32.760000,32.195000,32.760000,32.170000,-0.565000,0.590000,2
32.770000,32.760000,32.970000,32.620000,-0.010000,0.350000,2
32.980000,32.780000,33.050000,32.780000,-0.200000,0.270000,2
33.000000,33.000000,33.100000,32.950000,0.000000,0.150000,1
32.945000,32.990000,33.120000,32.820000,0.045000,0.300000,1
32.870000,32.900000,32.910000,32.770000,0.030000,0.140000,1
32.780000,32.820000,32.870000,32.690000,0.040000,0.180000,2
33.120000,32.810000,33.120000,32.800000,-0.310000,0.320000,1
33.040000,33.130000,33.250000,33.040000,0.090000,0.210000,1
33.010000,33.050000,33.090000,32.910000,0.040000,0.180000,2
33.140000,33.010000,33.270000,33.000000,-0.130000,0.270000,2
33.240000,33.110000,33.275000,33.090000,-0.130000,0.185000,1
33.180000,33.225000,33.260000,33.097500,0.045000,0.162500,1
33.110000,33.175000,33.220000,33.100000,0.065000,0.120000,2
33.130000,33.130000,33.180000,33.080000,0.000000,0.100000,1
32.970000,33.130000,33.150000,32.970000,0.160000,0.180000,2
33.035000,32.975000,33.070000,32.930000,-0.060000,0.140000,2
33.050000,33.020000,33.070000,32.990000,-0.030000,0.080000,1
32.990000,33.040000,33.040000,32.970000,0.050000,0.070000,2
33.110000,33.010000,33.130000,32.955000,-0.100000,0.175000,2
33.205000,33.110000,33.220000,33.080000,-0.095000,0.140000,2
33.220000,33.220000,33.270000,33.190000,0.000000,0.080000,1
33.190000,33.230000,33.230000,33.150000,0.040000,0.080000,1
33.115000,33.190000,33.260000,33.090000,0.075000,0.170000,1
33.040000,33.145000,33.170000,32.995000,0.105000,0.175000,2
33.080000,33.040000,33.100000,32.950000,-0.040000,0.150000,2
33.480000,33.000000,33.650000,33.000000,-0.480000,0.650000,1
33.070000,33.490000,33.490000,33.070000,0.420000,0.420000,1
32.800000,33.077500,33.110000,32.620000,0.277500,0.490000,2
32.850000,32.795000,32.990000,32.770000,-0.055000,0.220000,1
32.560000,32.870000,32.875000,32.560000,0.310000,0.315000,1
32.490000,32.510000,32.560000,32.480000,0.020000,0.080000,1
32.420000,32.320000,32.440000,32.320000,-0.100000,0.120000,1
32.370000,32.440000,32.630000,32.350000,0.070000,0.280000,1
32.360000,32.375000,32.440000,32.310000,0.015000,0.130000,2
32.505000,32.330000,32.525000,32.320000,-0.175000,0.205000,2
32.560000,32.490000,32.600000,32.440000,-0.070000,0.160000,2
32.820000,32.580000,32.820000,32.550000,-0.240000,0.270000,2
32.840000,32.800000,32.950000,32.750000,-0.040000,0.200000,2
32.910000,32.860000,32.990000,32.860000,-0.050000,0.130000,1
32.885000,32.920000,32.970000,32.860000,0.035000,0.110000,1
32.710000,32.890000,32.900000,32.620000,0.180000,0.280000,2
32.750000,32.720000,32.790000,32.670000,-0.030000,0.120000,1
32.540000,32.760000,32.775000,32.530000,0.220000,0.245000,1
32.535000,32.560000,32.590000,32.430000,0.025000,0.160000,1
32.480000,32.520000,32.580000,32.465000,0.040000,0.115000,1
32.320000,32.480000,32.500000,32.300000,0.160000,0.200000,1
32.135000,32.280000,32.340000,32.090000,0.145000,0.250000,2
32.450000,32.140000,32.460000,32.140000,-0.310000,0.320000,1
32.245000,32.410000,32.430000,32.240000,0.165000,0.190000,2
32.365000,32.220000,32.510000,32.220000,-0.145000,0.290000,1
