7962.000000,7993.000000,8003.000000,7955.000000,31.000000,48.000000,2
7964.000000,7965.000000,7967.000000,7956.000000,1.000000,11.000000,1
7941.000000,7965.000000,7965.000000,7935.000000,24.000000,30.000000,1
7941.000000,7937.000000,7946.000000,7932.000000,-4.000000,14.000000,1
7936.000000,7940.000000,7942.000000,7935.000000,4.000000,7.000000,1
7923.000000,7935.000000,7938.000000,7918.000000,12.000000,20.000000,2
7943.000000,7924.000000,7943.000000,7924.000000,-19.000000,19.000000,1
7935.000000,7948.000000,7948.000000,7934.000000,13.000000,14.000000,2
7943.000000,7936.000000,7944.000000,7936.000000,-7.000000,8.000000,2
7945.000000,7943.000000,7947.000000,7938.000000,-2.000000,9.000000,1
7945.000000,7946.000000,7950.000000,7945.000000,1.000000,5.000000,2
7948.000000,7945.000000,7952.000000,7944.000000,-3.000000,8.000000,1
7943.000000,7948.000000,7948.000000,7940.000000,5.000000,8.000000,1
7943.000000,7943.000000,7951.000000,7937.000000,0.000000,14.000000,1
7936.000000,7944.000000,7946.000000,7936.000000,8.000000,10.000000,1
7929.000000,7935.000000,7937.000000,7928.000000,6.000000,9.000000,1
7927.000000,7929.000000,7929.000000,7921.000000,2.000000,8.000000,2
7938.000000,7928.000000,7944.000000,7927.000000,-10.000000,17.000000,2
7940.000000,7937.000000,7940.000000,7933.000000,-3.000000,7.000000,1
7936.000000,7939.000000,7942.000000,7936.000000,3.000000,6.000000,1
7935.000000,7936.000000,7938.000000,7934.000000,1.000000,4.000000,1
7924.000000,7935.000000,7935.000000,7923.000000,11.000000,12.000000,1
7917.000000,7925.000000,7927.000000,7916.000000,8.000000,11.000000,1
7905.000000,7917.000000,7917.000000,7902.000000,12.000000,15.000000,1
7897.000000,7906.000000,7906.000000,7892.000000,9.000000,14.000000,1
7897.000000,7900.000000,7902.000000,7890.000000,3.000000,12.000000,2
7941.000000,7906.000000,7944.000000,7901.000000,-35.000000,43.000000,2
7944.000000,7941.000000,7951.000000,7941.000000,-3.000000,10.000000,2
7958.000000,7944.000000,7958.000000,7942.000000,-14.000000,16.000000,1
7956.000000,7960.000000,7965.000000,7955.000000,4.000000,10.000000,2
7959.000000,7957.000000,7960.000000,7946.000000,-2.000000,14.000000,2
7968.000000,7958.000000,7968.000000,7958.000000,-10.000000,10.000000,2
7970.000000,7970.000000,7970.000000,7961.000000,0.000000,9.000000,2
7976.000000,7970.000000,7976.000000,7970.000000,-6.000000,6.000000,2
7980.000000,7976.000000,7981.000000,7973.000000,-4.000000,8.000000,1
7978.000000,7982.000000,7982.000000,7975.000000,4.000000,7.000000,2
7979.000000,7979.000000,7986.000000,7978.000000,0.000000,8.000000,1
7969.000000,7979.000000,7979.000000,7969.000000,10.000000,10.000000,1
7965.000000,7970.000000,7972.000000,7965.000000,5.000000,7.000000,1
7962.000000,7965.000000,7967.000000,7958.000000,3.000000,9.000000,2
7969.000000,7963.000000,7970.000000,7963.000000,-6.000000,7.000000,1
7962.000000,7969.000000,7973.000000,7960.000000,7.000000,13.000000,2
7963.000000,7962.000000,7964.000000,7956.000000,-1.000000,8.000000,2
7970.000000,7962.000000,7971.000000,7960.000000,-8.000000,11.000000,2
7972.000000,7970.000000,7973.000000,7969.000000,-2.000000,4.000000,2
7974.000000,7972.000000,7976.000000,7969.000000,-2.000000,7.000000,2
7977.000000,7975.000000,7979.000000,7974.000000,-2.000000,5.000000,1
7968.000000,7975.000000,7976.000000,7967.000000,7.000000,9.000000,2
7969.000000,7967.000000,7971.000000,7966.000000,-2.000000,5.000000,2
7971.000000,7968.000000,7973.000000,7966.000000,-3.000000,7.000000,1
7964.000000,7971.000000,7971.000000,7964.000000,7.000000,7.000000,1
7959.000000,7962.000000,7962.000000,7956.000000,3.000000,6.000000,1
7947.000000,7962.000000,7976.000000,7941.000000,15.000000,35.000000,1
7943.000000,7946.000000,7949.000000,7940.000000,3.000000,9.000000,1
7927.000000,7944.000000,7955.000000,7927.000000,17.000000,28.000000,1
7925.000000,7925.000000,7933.000000,7918.000000,0.000000,15.000000,2
7933.000000,7926.000000,7936.000000,7926.000000,-7.000000,10.000000,1
7925.000000,7933.000000,7935.000000,7921.000000,8.000000,14.000000,2
7950.000000,7924.000000,7952.000000,7922.000000,-26.000000,30.000000,1
7944.000000,7951.000000,7957.000000,7943.000000,7.000000,14.000000,1
7944.000000,7945.000000,7949.000000,7941.000000,1.000000,8.000000,2
7947.000000,7944.000000,7947.000000,7936.000000,-3.000000,11.000000,1
7937.000000,7946.000000,7949.000000,7936.000000,9.000000,13.000000,1
7934.000000,7937.000000,7940.000000,7932.000000,3.000000,8.000000,1
7925.000000,7934.000000,7936.000000,7921.000000,9.000000,15.000000,2
7935.000000,7925.000000,7935.000000,7924.000000,-10.000000,11.000000,1
7928.000000,7934.000000,7935.000000,7927.000000,6.000000,8.000000,1
7926.000000,7928.000000,7933.000000,7925.000000,2.000000,8.000000,2
7933.000000,7925.000000,7934.000000,7925.000000,-8.000000,9.000000,2
7939.000000,7933.000000,7939.000000,7932.000000,-6.000000,7.000000,2
7942.000000,7938.000000,7942.000000,7935.000000,-4.000000,7.000000,2
7943.000000,7942.000000,7945.000000,7941.000000,-1.000000,4.000000,1
7940.000000,7943.000000,7944.000000,7940.000000,3.000000,4.000000,1
7939.000000,7940.000000,7945.000000,7939.000000,1.000000,6.000000,2
7941.000000,7939.000000,7941.000000,7937.000000,-2.000000,4.000000,2
7948.000000,7941.000000,7949.000000,7937.000000,-7.000000,12.000000,2
7953.000000,7948.000000,7953.000000,7945.000000,-5.000000,8.000000,1
7951.000000,7953.000000,7956.000000,7950.000000,2.000000,6.000000,2
8011.000000,7999.000000,8012.000000,7988.000000,-12.000000,24.000000,1
8011.000000,8011.000000,8012.000000,7999.000000,0.000000,13.000000,2
8024.000000,8013.000000,8028.000000,8013.000000,-11.000000,15.000000,1
8016.000000,8022.000000,8033.000000,8016.000000,6.000000,17.000000,2
8022.000000,8017.000000,8022.000000,8009.000000,-5.000000,13.000000,1
8010.000000,8024.000000,8024.000000,8010.000000,14.000000,14.000000,2
8012.000000,8011.000000,8021.000000,8011.000000,-1.000000,10.000000,2
8015.000000,8013.000000,8018.000000,8010.000000,-2.000000,8.000000,2
8027.000000,8016.000000,8028.000000,8016.000000,-11.000000,12.000000,1
8021.000000,8028.000000,8029.000000,8019.000000,7.000000,10.000000,1
8015.000000,8021.000000,8021.000000,8013.000000,6.000000,8.000000,2
8023.000000,8015.000000,8024.000000,8015.000000,-8.000000,9.000000,2
8025.000000,8023.000000,8025.000000,8019.000000,-2.000000,6.000000,2
8028.000000,8025.000000,8029.000000,8025.000000,-3.000000,4.000000,1
8028.000000,8028.000000,8031.000000,8027.000000,0.000000,4.000000,1
8027.000000,8028.000000,8029.000000,8027.000000,1.000000,2.000000,2
8028.000000,8027.000000,8030.000000,8027.000000,-1.000000,3.000000,2
8030.000000,8028.000000,8031.000000,8022.000000,-2.000000,9.000000,1
8029.000000,8030.000000,8031.000000,8029.000000,1.000000,2.000000,1
8028.000000,8029.000000,8030.000000,8025.000000,1.000000,5.000000,1
8028.000000,8028.000000,8031.000000,8026.000000,0.000000,5.000000,2
8032.000000,8028.000000,8033.000000,8028.000000,-4.000000,5.000000,2
8038.000000,8032.000000,8039.000000,8032.000000,-6.000000,7.000000,1
8035.000000,8039.000000,8039.000000,8033.000000,4.000000,6.000000,1
8030.000000,8035.000000,8037.000000,8030.000000,5.000000,7.000000,1
8030.000000,8030.000000,8033.000000,8027.000000,0.000000,6.000000,2
8050.000000,8042.000000,8057.000000,8042.000000,-8.000000,15.000000,1
8040.000000,8050.000000,8053.000000,8037.000000,10.000000,16.000000,1
8040.000000,8038.000000,8044.000000,8035.000000,-2.000000,9.000000,1
8016.000000,8040.000000,8041.000000,8016.000000,24.000000,25.000000,1
8014.000000,8016.000000,8019.000000,8010.000000,2.000000,9.000000,1
8010.000000,8013.000000,8014.000000,8009.000000,3.000000,5.000000,2
8014.000000,8010.000000,8016.000000,8002.000000,-4.000000,14.000000,2
8022.000000,8014.000000,8023.000000,8014.000000,-8.000000,9.000000,1
8020.000000,8024.000000,8024.000000,8018.000000,4.000000,6.000000,2
8023.000000,8021.000000,8027.000000,8021.000000,-2.000000,6.000000,2
8028.000000,8023.000000,8030.000000,8023.000000,-5.000000,7.000000,1
8020.000000,8027.000000,8027.000000,8020.000000,7.000000,7.000000,1
8013.000000,8020.000000,8021.000000,8012.000000,7.000000,9.000000,2
8017.000000,8013.000000,8019.000000,8013.000000,-4.000000,6.000000,1
8012.000000,8016.000000,8018.000000,8012.000000,4.000000,6.000000,1
8012.000000,8012.000000,8016.000000,8012.000000,0.000000,4.000000,1
8011.000000,8012.000000,8014.000000,8010.000000,1.000000,4.000000,2
8013.000000,8011.000000,8014.000000,8007.000000,-2.000000,7.000000,1
8001.000000,8013.000000,8013.000000,8001.000000,12.000000,12.000000,2
8007.000000,8000.000000,8007.000000,8000.000000,-7.000000,7.000000,1
8003.000000,8007.000000,8009.000000,8003.000000,4.000000,6.000000,1
7997.000000,8003.000000,8004.000000,7996.000000,6.000000,8.000000,1
7996.000000,7996.000000,7997.000000,7993.000000,0.000000,4.000000,1
7990.000000,7996.000000,7996.000000,7990.000000,6.000000,6.000000,1
7980.000000,7991.000000,7991.000000,7980.000000,11.000000,11.000000,2
7986.000000,7983.000000,7990.000000,7980.000000,-3.000000,10.000000,1
7947.000000,7940.000000,7947.000000,7916.000000,-7.000000,31.000000,2
7959.000000,7950.000000,7966.000000,7946.000000,-9.000000,20.000000,2
7967.000000,7962.000000,7970.000000,7955.000000,-5.000000,15.000000,1
7955.000000,7969.000000,7969.000000,7952.000000,14.000000,17.000000,1
7953.000000,7956.000000,7969.000000,7948.000000,3.000000,21.000000,2
7955.000000,7951.000000,7955.000000,7945.000000,-4.000000,10.000000,1
7951.000000,7958.000000,7958.000000,7945.000000,7.000000,13.000000,2
7977.000000,7953.000000,7982.000000,7953.000000,-24.000000,29.000000,1
7972.000000,7978.000000,7980.000000,7972.000000,6.000000,8.000000,2
7974.000000,7972.000000,7976.000000,7971.000000,-2.000000,5.000000,1
7969.000000,7975.000000,7977.000000,7967.000000,6.000000,10.000000,1
7967.000000,7968.000000,7969.000000,7966.000000,1.000000,3.000000,2
7974.000000,7967.000000,7974.000000,7965.000000,-7.000000,9.000000,1
7966.000000,7975.000000,7978.000000,7965.000000,9.000000,13.000000,2
7968.000000,7966.000000,7969.000000,7965.000000,-2.000000,4.000000,2
7972.000000,7968.000000,7977.000000,7967.000000,-4.000000,10.000000,2
7986.000000,7973.000000,7987.000000,7973.000000,-13.000000,14.000000,2
7989.000000,7988.000000,7989.000000,7986.000000,-1.000000,3.000000,1
7989.000000,7989.000000,7991.000000,7987.000000,0.000000,4.000000,1
7984.000000,7989.000000,7989.000000,7982.000000,5.000000,7.000000,2
7986.000000,7984.000000,7987.000000,7982.000000,-2.000000,5.000000,1
7985.000000,7986.000000,7989.000000,7985.000000,1.000000,4.000000,2
7990.000000,7985.000000,7993.000000,7984.000000,-5.000000,9.000000,1
7990.000000,7990.000000,7992.000000,7989.000000,0.000000,3.000000,2
7993.000000,7991.000000,7993.000000,7988.000000,-2.000000,5.000000,2
7997.000000,7993.000000,7997.000000,7991.000000,-4.000000,6.000000,1
7993.000000,8001.000000,8002.000000,7989.000000,8.000000,13.000000,2
7998.000000,7991.000000,7999.000000,7987.000000,-7.000000,12.000000,1
7991.000000,7995.000000,8001.000000,7986.000000,4.000000,15.000000,1
7988.000000,7991.000000,7995.000000,7984.000000,3.000000,11.000000,2
7999.000000,7989.000000,8000.000000,7989.000000,-10.000000,11.000000,1
7982.000000,7999.000000,8001.000000,7982.000000,17.000000,19.000000,2
7998.000000,7980.000000,7999.000000,7980.000000,-18.000000,19.000000,2
8006.000000,7998.000000,8007.000000,7997.000000,-8.000000,10.000000,2
8010.000000,8007.000000,8010.000000,8005.000000,-3.000000,5.000000,2
8011.000000,8010.000000,8014.000000,8009.000000,-1.000000,5.000000,1
8011.000000,8011.000000,8013.000000,8009.000000,0.000000,4.000000,1
8009.000000,8012.000000,8012.000000,8008.000000,3.000000,4.000000,1
8000.000000,8010.000000,8010.000000,8000.000000,10.000000,10.000000,2
8002.000000,8000.000000,8004.000000,7999.000000,-2.000000,5.000000,2
8003.000000,8002.000000,8006.000000,7998.000000,-1.000000,8.000000,2
8007.000000,8003.000000,8007.000000,8002.000000,-4.000000,5.000000,1
7997.000000,8006.000000,8008.000000,7995.000000,9.000000,13.000000,2
8004.000000,7997.000000,8004.000000,7997.000000,-7.000000,7.000000,2
8008.000000,8003.000000,8008.000000,8003.000000,-5.000000,5.000000,2
8010.000000,8008.000000,8010.000000,8007.000000,-2.000000,3.000000,1
8006.000000,8010.000000,8010.000000,8006.000000,4.000000,4.000000,1
8006.000000,8006.000000,8008.000000,8002.000000,0.000000,6.000000,1
8006.000000,8006.000000,8008.000000,8004.000000,0.000000,4.000000,2
8011.000000,8006.000000,8011.000000,8004.000000,-5.000000,7.000000,1
8010.000000,8011.000000,8014.000000,8010.000000,1.000000,4.000000,1
8008.000000,8010.000000,8012.000000,8005.000000,2.000000,7.000000,2
8023.000000,8018.000000,8028.000000,8010.000000,-5.000000,18.000000,1
8020.000000,8018.000000,8025.000000,8018.000000,-2.000000,7.000000,1
8011.000000,8020.000000,8026.000000,8009.000000,9.000000,17.000000,2
8019.000000,8011.000000,8020.000000,8011.000000,-8.000000,9.000000,2
8029.000000,8020.000000,8031.000000,8020.000000,-9.000000,11.000000,2
8030.000000,8029.000000,8031.000000,8024.000000,-1.000000,7.000000,2
8033.000000,8029.000000,8034.000000,8029.000000,-4.000000,5.000000,2
8039.000000,8033.000000,8039.000000,8033.000000,-6.000000,6.000000,1
8037.000000,8042.000000,8042.000000,8035.000000,5.000000,7.000000,1
8037.000000,8037.000000,8041.000000,8037.000000,0.000000,4.000000,1
8035.000000,8037.000000,8037.000000,8033.000000,2.000000,4.000000,1
8035.000000,8035.000000,8035.000000,8033.000000,0.000000,2.000000,1
8034.000000,8035.000000,8037.000000,8032.000000,1.000000,5.000000,2
8040.000000,8034.000000,8041.000000,8034.000000,-6.000000,7.000000,2
8041.000000,8040.000000,8042.000000,8039.000000,-1.000000,3.000000,1
8040.000000,8041.000000,8044.000000,8040.000000,1.000000,4.000000,1
8034.000000,8040.000000,8040.000000,8033.000000,6.000000,7.000000,2
8035.000000,8034.000000,8036.000000,8031.000000,-1.000000,5.000000,2
8050.000000,8035.000000,8053.000000,8034.000000,-15.000000,19.000000,2
8059.000000,8053.000000,8066.000000,8053.000000,-6.000000,13.000000,1
8046.000000,8059.000000,8063.000000,8046.000000,13.000000,17.000000,1
8045.000000,8044.000000,8047.000000,8040.000000,-1.000000,7.000000,1
8039.000000,8045.000000,8045.000000,8031.000000,6.000000,14.000000,2
8046.000000,8038.000000,8050.000000,8038.000000,-8.000000,12.000000,1
8012.000000,8046.000000,8046.000000,8012.000000,34.000000,34.000000,1
7987.000000,8011.000000,8012.000000,7985.000000,24.000000,27.000000,2
8040.000000,8023.000000,8040.000000,8018.000000,-17.000000,22.000000,2
8042.000000,8042.000000,8048.000000,8040.000000,0.000000,8.000000,2
8052.000000,8042.000000,8057.000000,8042.000000,-10.000000,15.000000,2
8053.000000,8052.000000,8056.000000,8051.000000,-1.000000,5.000000,2
8058.000000,8052.000000,8059.000000,8049.000000,-6.000000,10.000000,2
8062.000000,8056.000000,8062.000000,8056.000000,-6.000000,6.000000,1
8058.000000,8065.000000,8068.000000,8058.000000,7.000000,10.000000,1
8055.000000,8058.000000,8059.000000,8053.000000,3.000000,6.000000,2
8060.000000,8055.000000,8060.000000,8051.000000,-5.000000,9.000000,2
8064.000000,8060.000000,8064.000000,8058.000000,-4.000000,6.000000,1
8062.000000,8064.000000,8064.000000,8060.000000,2.000000,4.000000,2
8069.000000,8063.000000,8069.000000,8063.000000,-6.000000,6.000000,1
8069.000000,8070.000000,8070.000000,8066.000000,1.000000,4.000000,1
8069.000000,8069.000000,8072.000000,8068.000000,0.000000,4.000000,1
8064.000000,8068.000000,8068.000000,8063.000000,4.000000,5.000000,2
8065.000000,8065.000000,8067.000000,8062.000000,0.000000,5.000000,1
8064.000000,8065.000000,8067.000000,8062.000000,1.000000,5.000000,1
8064.000000,8064.000000,8065.000000,8062.000000,0.000000,3.000000,1
8059.000000,8064.000000,8064.000000,8055.000000,5.000000,9.000000,1
8057.000000,8059.000000,8062.000000,8056.000000,2.000000,6.000000,1
8052.000000,8057.000000,8058.000000,8052.000000,5.000000,6.000000,1
8052.000000,8052.000000,8056.000000,8050.000000,0.000000,6.000000,1
8051.000000,8052.000000,8056.000000,8047.000000,1.000000,9.000000,1
8045.000000,8050.000000,8053.000000,8045.000000,5.000000,8.000000,1
8042.000000,8045.000000,8047.000000,8040.000000,3.000000,7.000000,2
8044.000000,8042.000000,8052.000000,8039.000000,-2.000000,13.000000,1
8034.000000,8025.000000,8037.000000,8025.000000,-9.000000,12.000000,1
8025.000000,8030.000000,8030.000000,8017.000000,5.000000,13.000000,1
8021.000000,8025.000000,8034.000000,8021.000000,4.000000,13.000000,2
8036.000000,8021.000000,8036.000000,8019.000000,-15.000000,17.000000,2
8044.000000,8036.000000,8046.000000,8034.000000,-8.000000,12.000000,2
8051.000000,8045.000000,8054.000000,8045.000000,-6.000000,9.000000,2
8062.000000,8051.000000,8062.000000,8050.000000,-11.000000,12.000000,1
8057.000000,8062.000000,8065.000000,8057.000000,5.000000,8.000000,1
8050.000000,8058.000000,8059.000000,8050.000000,8.000000,9.000000,1
8050.000000,8051.000000,8057.000000,8050.000000,1.000000,7.000000,2
8055.000000,8050.000000,8055.000000,8048.000000,-5.000000,7.000000,1
8049.000000,8055.000000,8057.000000,8049.000000,6.000000,8.000000,1
8048.000000,8049.000000,8054.000000,8048.000000,1.000000,6.000000,1
8044.000000,8049.000000,8049.000000,8032.000000,5.000000,17.000000,1
8042.000000,8044.000000,8045.000000,8039.000000,2.000000,6.000000,2
8048.000000,8042.000000,8049.000000,8042.000000,-6.000000,7.000000,2
8049.000000,8048.000000,8051.000000,8048.000000,-1.000000,3.000000,1
8045.000000,8049.000000,8053.000000,8045.000000,4.000000,8.000000,1
8036.000000,8045.000000,8045.000000,8034.000000,9.000000,11.000000,2
8043.000000,8036.000000,8045.000000,8035.000000,-7.000000,10.000000,2
8044.000000,8044.000000,8046.000000,8042.000000,0.000000,4.000000,1
8040.000000,8044.000000,8044.000000,8038.000000,4.000000,6.000000,2
8042.000000,8040.000000,8043.000000,8040.000000,-2.000000,3.000000,2
8047.000000,8042.000000,8049.000000,8040.000000,-5.000000,9.000000,1
8041.000000,8045.000000,8046.000000,8038.000000,4.000000,8.000000,2
8047.000000,8039.000000,8048.000000,8037.000000,-8.000000,11.000000,2
8101.000000,8090.000000,8104.000000,8082.000000,-11.000000,22.000000,1
8099.000000,8102.000000,8107.000000,8099.000000,3.000000,8.000000,2
8102.000000,8101.000000,8106.000000,8096.000000,-1.000000,10.000000,1
8102.000000,8100.000000,8102.000000,8097.000000,-2.000000,5.000000,1
8091.000000,8102.000000,8104.000000,8091.000000,11.000000,13.000000,2
8094.000000,8091.000000,8095.000000,8089.000000,-3.000000,6.000000,1
8092.000000,8092.000000,8092.000000,8088.000000,0.000000,4.000000,1
8089.000000,8091.000000,8091.000000,8086.000000,2.000000,5.000000,2
8090.000000,8089.000000,8091.000000,8086.000000,-1.000000,5.000000,1
8079.000000,8090.000000,8090.000000,8075.000000,11.000000,15.000000,2
8080.000000,8080.000000,8081.000000,8078.000000,0.000000,3.000000,1
8071.000000,8080.000000,8082.000000,8068.000000,9.000000,14.000000,1
8064.000000,8071.000000,8072.000000,8064.000000,7.000000,8.000000,1
8060.000000,8061.000000,8062.000000,8058.000000,1.000000,4.000000,2
8061.000000,8060.000000,8062.000000,8058.000000,-1.000000,4.000000,2
8067.000000,8062.000000,8069.000000,8061.000000,-5.000000,8.000000,2
8069.000000,8067.000000,8069.000000,8065.000000,-2.000000,4.000000,1
8062.000000,8069.000000,8069.000000,8062.000000,7.000000,7.000000,1
8052.000000,8063.000000,8063.000000,8050.000000,11.000000,13.000000,1
8051.000000,8052.000000,8053.000000,8049.000000,1.000000,4.000000,1
8041.000000,8051.000000,8051.000000,8038.000000,10.000000,13.000000,2
8050.000000,8041.000000,8051.000000,8041.000000,-9.000000,10.000000,1
8045.000000,8051.000000,8052.000000,8045.000000,6.000000,7.000000,1
8033.000000,8046.000000,8050.000000,8030.000000,13.000000,20.000000,1
8021.000000,8031.000000,8032.000000,8020.000000,10.000000,12.000000,2
8038.000000,8025.000000,8039.000000,8025.000000,-13.000000,14.000000,1
8022.000000,8029.000000,8034.000000,8008.000000,7.000000,26.000000,2
8038.000000,8027.000000,8038.000000,8026.000000,-11.000000,12.000000,1
8021.000000,8037.000000,8037.000000,8019.000000,16.000000,18.000000,2
8032.000000,8024.000000,8032.000000,8021.000000,-8.000000,11.000000,1
8024.000000,8032.000000,8033.000000,8023.000000,8.000000,10.000000,2
8034.000000,8023.000000,8040.000000,8023.000000,-11.000000,17.000000,2
8037.000000,8033.000000,8038.000000,8028.000000,-4.000000,10.000000,1
8037.000000,8037.000000,8041.000000,8033.000000,0.000000,8.000000,2
8045.000000,8037.000000,8045.000000,8037.000000,-8.000000,8.000000,2
8050.000000,8046.000000,8051.000000,8046.000000,-4.000000,5.000000,1
8042.000000,8050.000000,8054.000000,8042.000000,8.000000,12.000000,1
8041.000000,8043.000000,8043.000000,8039.000000,2.000000,4.000000,2
8045.000000,8041.000000,8048.000000,8041.000000,-4.000000,7.000000,1
8027.000000,8045.000000,8046.000000,8024.000000,18.000000,22.000000,2
8029.000000,8028.000000,8032.000000,8028.000000,-1.000000,4.000000,2
8031.000000,8029.000000,8034.000000,8029.000000,-2.000000,5.000000,2
8037.000000,8031.000000,8038.000000,8031.000000,-6.000000,7.000000,1
8028.000000,8037.000000,8037.000000,8027.000000,9.000000,10.000000,1
8027.000000,8028.000000,8031.000000,8026.000000,1.000000,5.000000,2
8029.000000,8027.000000,8032.000000,8026.000000,-2.000000,6.000000,1
8014.000000,8028.000000,8029.000000,8014.000000,14.000000,15.000000,1
8013.000000,8013.000000,8018.000000,8011.000000,0.000000,7.000000,1
7995.000000,8013.000000,8013.000000,7991.000000,18.000000,22.000000,1
7991.000000,7996.000000,7996.000000,7984.000000,5.000000,12.000000,2
7999.000000,7993.000000,8000.000000,7993.000000,-6.000000,7.000000,2
8000.000000,8002.000000,8004.000000,7999.000000,2.000000,5.000000,2
8025.000000,8034.000000,8043.000000,8019.000000,9.000000,24.000000,1
8024.000000,8028.000000,8032.000000,8023.000000,4.000000,9.000000,2
8043.000000,8026.000000,8043.000000,8025.000000,-17.000000,18.000000,1
8039.000000,8042.000000,8045.000000,8037.000000,3.000000,8.000000,1
8035.000000,8040.000000,8043.000000,8032.000000,5.000000,11.000000,1
8021.000000,8037.000000,8038.000000,8021.000000,16.000000,17.000000,1
8021.000000,8021.000000,8021.000000,8013.000000,0.000000,8.000000,2
8033.000000,8020.000000,8033.000000,8020.000000,-13.000000,13.000000,1
8025.000000,8034.000000,8036.000000,8023.000000,9.000000,13.000000,2
8041.000000,8024.000000,8041.000000,8022.000000,-17.000000,19.000000,1
8041.000000,8042.000000,8042.000000,8037.000000,1.000000,5.000000,2
8048.000000,8040.000000,8050.000000,8039.000000,-8.000000,11.000000,1
8038.000000,8047.000000,8047.000000,8035.000000,9.000000,12.000000,2
8045.000000,8039.000000,8045.000000,8039.000000,-6.000000,6.000000,2
8053.000000,8045.000000,8053.000000,8044.000000,-8.000000,9.000000,1
8049.000000,8053.000000,8054.000000,8045.000000,4.000000,9.000000,1
8045.000000,8049.000000,8051.000000,8044.000000,4.000000,7.000000,2
8046.000000,8045.000000,8047.000000,8044.000000,-1.000000,3.000000,2
8053.000000,8046.000000,8053.000000,8046.000000,-7.000000,7.000000,1
8047.000000,8053.000000,8053.000000,8047.000000,6.000000,6.000000,1
8033.000000,8048.000000,8048.000000,8029.000000,15.000000,19.000000,1
8030.000000,8033.000000,8033.000000,8022.000000,3.000000,11.000000,1
8028.000000,8032.000000,8032.000000,8025.000000,4.000000,7.000000,1
8019.000000,8028.000000,8028.000000,8013.000000,9.000000,15.000000,2
8022.000000,8020.000000,8024.000000,8019.000000,-2.000000,5.000000,2
8024.000000,8024.000000,8029.000000,8023.000000,0.000000,6.000000,1
7957.000000,7997.000000,7997.000000,7955.000000,40.000000,42.000000,2
7960.000000,7955.000000,7967.000000,7952.000000,-5.000000,15.000000,1
7942.000000,7960.000000,7960.000000,7938.000000,18.000000,22.000000,1
7920.000000,7940.000000,7940.000000,7918.000000,20.000000,22.000000,1
7917.000000,7919.000000,7925.000000,7911.000000,2.000000,14.000000,1
7916.000000,7918.000000,7928.000000,7916.000000,2.000000,12.000000,2
7923.000000,7915.000000,7933.000000,7915.000000,-8.000000,18.000000,1
7917.000000,7922.000000,7924.000000,7916.000000,5.000000,8.000000,1
7902.000000,7915.000000,7918.000000,7900.000000,13.000000,18.000000,1
7894.000000,7902.000000,7907.000000,7891.000000,8.000000,16.000000,1
7878.000000,7893.000000,7893.000000,7878.000000,15.000000,15.000000,1
7864.000000,7878.000000,7879.000000,7857.000000,14.000000,22.000000,2
7874.000000,7865.000000,7880.000000,7864.000000,-9.000000,16.000000,1
7861.000000,7871.000000,7876.000000,7860.000000,10.000000,16.000000,1
7858.000000,7863.000000,7869.000000,7858.000000,5.000000,11.000000,2
7859.000000,7858.000000,7862.000000,7850.000000,-1.000000,12.000000,1
7857.000000,7858.000000,7858.000000,7848.000000,1.000000,10.000000,1
7847.000000,7856.000000,7856.000000,7842.000000,9.000000,14.000000,2
7852.000000,7847.000000,7855.000000,7847.000000,-5.000000,8.000000,1
7847.000000,7851.000000,7851.000000,7833.000000,4.000000,18.000000,2
7864.000000,7846.000000,7871.000000,7844.000000,-18.000000,27.000000,2
7876.000000,7863.000000,7878.000000,7862.000000,-13.000000,16.000000,2
7878.000000,7876.000000,7885.000000,7874.000000,-2.000000,11.000000,1
7864.000000,7879.000000,7881.000000,7864.000000,15.000000,17.000000,2
7865.000000,7862.000000,7866.000000,7855.000000,-3.000000,11.000000,2
7879.000000,7868.000000,7886.000000,7868.000000,-11.000000,18.000000,2
7894.000000,7873.000000,7897.000000,7863.000000,-21.000000,34.000000,1
7856.000000,7901.000000,7901.000000,7852.000000,45.000000,49.000000,1
7851.000000,7856.000000,7861.000000,7844.000000,5.000000,17.000000,2
7871.000000,7853.000000,7875.000000,7848.000000,-18.000000,27.000000,1
7854.000000,7871.000000,7871.000000,7851.000000,17.000000,20.000000,1
7840.000000,7851.000000,7853.000000,7831.000000,11.000000,22.000000,1
7813.000000,7838.000000,7839.000000,7812.000000,25.000000,27.000000,1
7798.000000,7815.000000,7815.000000,7792.000000,17.000000,23.000000,1
7782.000000,7796.000000,7802.000000,7781.000000,14.000000,21.000000,1
7759.000000,7781.000000,7781.000000,7759.000000,22.000000,22.000000,2
7763.000000,7762.000000,7775.000000,7758.000000,-1.000000,17.000000,2
7768.000000,7762.000000,7772.000000,7758.000000,-6.000000,14.000000,1
7744.000000,7768.000000,7768.000000,7735.000000,24.000000,33.000000,1
7744.000000,7744.000000,7753.000000,7743.000000,0.000000,10.000000,1
7728.000000,7744.000000,7744.000000,7724.000000,16.000000,20.000000,1
7720.000000,7730.000000,7735.000000,7716.000000,10.000000,19.000000,2
7749.000000,7723.000000,7749.000000,7720.000000,-26.000000,29.000000,2
7761.000000,7750.000000,7763.000000,7748.000000,-11.000000,15.000000,2
7762.000000,7762.000000,7772.000000,7758.000000,0.000000,14.000000,2
7789.000000,7761.000000,7789.000000,7760.000000,-28.000000,29.000000,2
7804.000000,7788.000000,7807.000000,7787.000000,-16.000000,20.000000,1
7801.000000,7805.000000,7806.000000,7791.000000,4.000000,15.000000,2
7807.000000,7801.000000,7812.000000,7794.000000,-6.000000,18.000000,1
7795.000000,7807.000000,7810.000000,7795.000000,12.000000,15.000000,2
7797.000000,7796.000000,7797.000000,7782.000000,-1.000000,15.000000,1
7786.000000,7800.000000,7808.000000,7786.000000,14.000000,22.000000,1
7765.000000,7753.000000,7765.000000,7731.000000,-12.000000,34.000000,2
7777.000000,7767.000000,7782.000000,7761.000000,-10.000000,21.000000,2
7790.000000,7779.000000,7793.000000,7768.000000,-11.000000,25.000000,2
7792.000000,7791.000000,7797.000000,7784.000000,-1.000000,13.000000,1
7768.000000,7790.000000,7791.000000,7768.000000,22.000000,23.000000,1
7764.000000,7767.000000,7769.000000,7756.000000,3.000000,13.000000,1
7746.000000,7761.000000,7763.000000,7742.000000,15.000000,21.000000,1
7723.000000,7744.000000,7744.000000,7723.000000,21.000000,21.000000,1
7677.000000,7723.000000,7724.000000,7671.000000,46.000000,53.000000,2
7693.000000,7674.000000,7693.000000,7664.000000,-19.000000,29.000000,1
7674.000000,7692.000000,7693.000000,7671.000000,18.000000,22.000000,2
7698.000000,7675.000000,7698.000000,7667.000000,-23.000000,31.000000,1
7691.000000,7698.000000,7698.000000,7685.000000,7.000000,13.000000,1
7656.000000,7691.000000,7693.000000,7656.000000,35.000000,37.000000,2
7673.000000,7655.000000,7682.000000,7655.000000,-18.000000,27.000000,1
7664.000000,7672.000000,7673.000000,7657.000000,8.000000,16.000000,2
7694.000000,7663.000000,7697.000000,7663.000000,-31.000000,34.000000,1
7689.000000,7694.000000,7699.000000,7689.000000,5.000000,10.000000,2
7708.000000,7688.000000,7714.000000,7687.000000,-20.000000,27.000000,2
7713.000000,7708.000000,7721.000000,7708.000000,-5.000000,13.000000,2
7733.000000,7713.000000,7734.000000,7713.000000,-20.000000,21.000000,2
7736.000000,7735.000000,7748.000000,7733.000000,-1.000000,15.000000,2
7747.000000,7736.000000,7749.000000,7734.000000,-11.000000,15.000000,1
7735.000000,7745.000000,7754.000000,7733.000000,10.000000,21.000000,2
7747.000000,7738.000000,7749.000000,7737.000000,-9.000000,12.000000,1
7738.000000,7749.000000,7753.000000,7737.000000,11.000000,16.000000,2
7754.000000,7731.000000,7766.000000,7720.000000,-23.000000,46.000000,2
7760.000000,7755.000000,7760.000000,7727.000000,-5.000000,33.000000,1
7746.000000,7767.000000,7769.000000,7741.000000,21.000000,28.000000,2
7783.000000,7749.000000,7783.000000,7749.000000,-34.000000,34.000000,2
7797.000000,7786.000000,7800.000000,7785.000000,-11.000000,15.000000,1
7777.000000,7795.000000,7799.000000,7774.000000,18.000000,25.000000,1
7765.000000,7776.000000,7776.000000,7753.000000,11.000000,23.000000,2
7781.000000,7768.000000,7786.000000,7761.000000,-13.000000,25.000000,1
7780.000000,7781.000000,7783.000000,7775.000000,1.000000,8.000000,1
7780.000000,7777.000000,7784.000000,7772.000000,-3.000000,12.000000,1
7763.000000,7779.000000,7785.000000,7763.000000,16.000000,22.000000,1
7758.000000,7763.000000,7763.000000,7756.000000,5.000000,7.000000,1
7744.000000,7754.000000,7763.000000,7744.000000,10.000000,19.000000,1
7738.000000,7743.000000,7745.000000,7735.000000,5.000000,10.000000,2
7740.000000,7737.000000,7740.000000,7720.000000,-3.000000,20.000000,2
7747.000000,7739.000000,7752.000000,7738.000000,-8.000000,14.000000,1
7728.000000,7747.000000,7747.000000,7727.000000,19.000000,20.000000,2
7743.000000,7728.000000,7745.000000,7726.000000,-15.000000,19.000000,2
7747.000000,7743.000000,7747.000000,7733.000000,-4.000000,14.000000,1
7744.000000,7747.000000,7750.000000,7738.000000,3.000000,12.000000,1
7744.000000,7745.000000,7746.000000,7732.000000,1.000000,14.000000,2
7758.000000,7744.000000,7759.000000,7736.000000,-14.000000,23.000000,1
7752.000000,7757.000000,7757.000000,7749.000000,5.000000,8.000000,1
7739.000000,7752.000000,7754.000000,7734.000000,13.000000,20.000000,2
7742.000000,7739.000000,7744.000000,7738.000000,-3.000000,6.000000,1
7739.000000,7747.000000,7756.000000,7737.000000,8.000000,19.000000,1
7668.000000,7697.000000,7697.000000,7658.000000,29.000000,39.000000,1
7605.000000,7666.000000,7670.000000,7605.000000,61.000000,65.000000,1
7605.000000,7608.000000,7617.000000,7586.000000,3.000000,31.000000,2
7621.000000,7605.000000,7629.000000,7597.000000,-16.000000,32.000000,1
7608.000000,7621.000000,7629.000000,7608.000000,13.000000,21.000000,2
7609.000000,7607.000000,7609.000000,7607.000000,-2.000000,2.000000,1
7574.000000,7606.000000,7609.000000,7571.000000,32.000000,38.000000,2
7578.000000,7572.000000,7578.000000,7553.000000,-6.000000,25.000000,2
7582.000000,7578.000000,7582.000000,7559.000000,-4.000000,23.000000,1
7574.000000,7580.000000,7592.000000,7574.000000,6.000000,18.000000,2
7577.000000,7575.000000,7578.000000,7557.000000,-2.000000,21.000000,2
7585.000000,7577.000000,7598.000000,7577.000000,-8.000000,21.000000,1
7572.000000,7584.000000,7584.000000,7566.000000,12.000000,18.000000,1
7570.000000,7571.000000,7584.000000,7570.000000,1.000000,14.000000,2
7592.000000,7568.000000,7592.000000,7552.000000,-24.000000,40.000000,2
7596.000000,7593.000000,7605.000000,7589.000000,-3.000000,16.000000,1
7585.000000,7596.000000,7604.000000,7581.000000,11.000000,23.000000,1
7580.000000,7586.000000,7596.000000,7576.000000,6.000000,20.000000,1
7549.000000,7581.000000,7582.000000,7547.000000,32.000000,35.000000,2
7558.000000,7548.000000,7568.000000,7548.000000,-10.000000,20.000000,1
7527.000000,7558.000000,7567.000000,7527.000000,31.000000,40.000000,2
7542.000000,7528.000000,7545.000000,7524.000000,-14.000000,21.000000,1
7500.000000,7537.000000,7537.000000,7495.000000,37.000000,42.000000,2
7516.000000,7500.000000,7516.000000,7492.000000,-16.000000,24.000000,1
7472.000000,7517.000000,7517.000000,7463.000000,45.000000,54.000000,1
7426.000000,7468.000000,7496.000000,7423.000000,42.000000,73.000000,1
7382.000000,7393.000000,7428.000000,7370.000000,11.000000,58.000000,2
7491.000000,7381.000000,7491.000000,7381.000000,-110.000000,110.000000,1
7431.000000,7485.000000,7485.000000,7430.000000,54.000000,55.000000,1
7431.000000,7425.000000,7432.000000,7405.000000,-6.000000,27.000000,1
7425.000000,7432.000000,7452.000000,7425.000000,7.000000,27.000000,1
7393.000000,7412.000000,7412.000000,7393.000000,19.000000,19.000000,1
7345.000000,7391.000000,7391.000000,7343.000000,46.000000,48.000000,2
7381.000000,7344.000000,7395.000000,7344.000000,-37.000000,51.000000,2
7395.000000,7384.000000,7397.000000,7364.000000,-11.000000,33.000000,2
7410.000000,7394.000000,7440.000000,7394.000000,-16.000000,46.000000,2
7434.000000,7411.000000,7434.000000,7409.000000,-23.000000,25.000000,2
7452.000000,7433.000000,7469.000000,7433.000000,-19.000000,36.000000,1
7444.000000,7448.000000,7449.000000,7429.000000,4.000000,20.000000,1
7431.000000,7444.000000,7444.000000,7416.000000,13.000000,28.000000,2
7433.000000,7427.000000,7433.000000,7406.000000,-6.000000,27.000000,2
7438.000000,7436.000000,7448.000000,7430.000000,-2.000000,18.000000,1
7419.000000,7443.000000,7448.000000,7416.000000,24.000000,32.000000,1
7419.000000,7420.000000,7420.000000,7395.000000,1.000000,25.000000,1
7385.000000,7416.000000,7423.000000,7382.000000,31.000000,41.000000,1
7380.000000,7387.000000,7397.000000,7375.000000,7.000000,22.000000,1
7307.000000,7375.000000,7376.000000,7307.000000,68.000000,69.000000,2
7323.000000,7307.000000,7340.000000,7285.000000,-16.000000,55.000000,2
7364.000000,7317.000000,7365.000000,7313.000000,-47.000000,52.000000,2
7392.000000,7362.000000,7416.000000,7361.000000,-30.000000,55.000000,1
7365.000000,7386.000000,7406.000000,7365.000000,21.000000,41.000000,1
7333.000000,7364.000000,7371.000000,7326.000000,31.000000,45.000000,2
7465.000000,7506.000000,7511.000000,7465.000000,41.000000,46.000000,2
7495.000000,7472.000000,7497.000000,7468.000000,-23.000000,29.000000,1
7488.000000,7494.000000,7512.000000,7488.000000,6.000000,24.000000,1
7468.000000,7489.000000,7489.000000,7463.000000,21.000000,26.000000,2
7489.000000,7461.000000,7493.000000,7461.000000,-28.000000,32.000000,1
7481.000000,7492.000000,7500.000000,7481.000000,11.000000,19.000000,2
7487.000000,7482.000000,7492.000000,7470.000000,-5.000000,22.000000,1
7470.000000,7487.000000,7487.000000,7467.000000,17.000000,20.000000,1
7445.000000,7468.000000,7480.000000,7443.000000,23.000000,37.000000,1
7445.000000,7442.000000,7452.000000,7429.000000,-3.000000,23.000000,1
7437.000000,7445.000000,7445.000000,7421.000000,8.000000,24.000000,1
7416.000000,7436.000000,7436.000000,7410.000000,20.000000,26.000000,1
7379.000000,7415.000000,7421.000000,7379.000000,36.000000,42.000000,2
7409.000000,7379.000000,7410.000000,7369.000000,-30.000000,41.000000,2
7425.000000,7407.000000,7443.000000,7402.000000,-18.000000,41.000000,1
7424.000000,7428.000000,7439.000000,7415.000000,4.000000,24.000000,1
7420.000000,7422.000000,7422.000000,7400.000000,2.000000,22.000000,2
7429.000000,7421.000000,7438.000000,7420.000000,-8.000000,18.000000,1
7393.000000,7429.000000,7431.000000,7393.000000,36.000000,38.000000,2
7429.000000,7393.000000,7429.000000,7393.000000,-36.000000,36.000000,1
7406.000000,7429.000000,7429.000000,7406.000000,23.000000,23.000000,2
7442.000000,7410.000000,7449.000000,7410.000000,-32.000000,39.000000,2
7463.000000,7443.000000,7469.000000,7436.000000,-20.000000,33.000000,2
7477.000000,7461.000000,7479.000000,7451.000000,-16.000000,28.000000,2
7491.000000,7475.000000,7491.000000,7468.000000,-16.000000,23.000000,2
7499.000000,7494.000000,7516.000000,7483.000000,-5.000000,33.000000,1
7448.000000,7469.000000,7485.000000,7440.000000,21.000000,45.000000,1
7447.000000,7453.000000,7466.000000,7442.000000,6.000000,24.000000,1
7411.000000,7447.000000,7447.000000,7411.000000,36.000000,36.000000,2
7427.000000,7410.000000,7431.000000,7401.000000,-17.000000,30.000000,1
7426.000000,7424.000000,7440.000000,7423.000000,-2.000000,17.000000,2
7441.000000,7426.000000,7443.000000,7423.000000,-15.000000,20.000000,2
7469.000000,7443.000000,7472.000000,7440.000000,-26.000000,32.000000,2
7486.000000,7469.000000,7486.000000,7462.000000,-17.000000,24.000000,1
7473.000000,7488.000000,7488.000000,7470.000000,15.000000,18.000000,1
7440.000000,7474.000000,7476.000000,7439.000000,34.000000,37.000000,1
7431.000000,7439.000000,7443.000000,7428.000000,8.000000,15.000000,2
7456.000000,7431.000000,7458.000000,7430.000000,-25.000000,28.000000,2
7462.000000,7456.000000,7471.000000,7453.000000,-6.000000,18.000000,2
7464.000000,7463.000000,7474.000000,7457.000000,-1.000000,17.000000,2
7477.000000,7466.000000,7482.000000,7465.000000,-11.000000,17.000000,1
7459.000000,7476.000000,7477.000000,7456.000000,17.000000,21.000000,2
7487.000000,7459.000000,7490.000000,7456.000000,-28.000000,34.000000,2
7490.000000,7486.000000,7497.000000,7486.000000,-4.000000,11.000000,1
7463.000000,7491.000000,7491.000000,7462.000000,28.000000,29.000000,1
7454.000000,7463.000000,7471.000000,7454.000000,9.000000,17.000000,2
7477.000000,7454.000000,7477.000000,7450.000000,-23.000000,27.000000,2
7487.000000,7477.000000,7495.000000,7476.000000,-10.000000,19.000000,1
7470.000000,7489.000000,7501.000000,7469.000000,19.000000,32.000000,1
7462.000000,7472.000000,7474.000000,7459.000000,10.000000,15.000000,1
7460.000000,7459.000000,7468.000000,7452.000000,-1.000000,16.000000,1
7431.000000,7459.000000,7463.000000,7431.000000,28.000000,32.000000,2
7512.000000,7502.000000,7515.000000,7498.000000,-10.000000,17.000000,2
7523.000000,7515.000000,7524.000000,7494.000000,-8.000000,30.000000,1
7513.000000,7524.000000,7533.000000,7513.000000,11.000000,20.000000,1
7505.000000,7511.000000,7518.000000,7505.000000,6.000000,13.000000,2
7524.000000,7503.000000,7524.000000,7497.000000,-21.000000,27.000000,2
7545.000000,7527.000000,7545.000000,7524.000000,-18.000000,21.000000,2
7556.000000,7545.000000,7556.000000,7537.000000,-11.000000,19.000000,2
7569.000000,7558.000000,7570.000000,7557.000000,-11.000000,13.000000,1
7568.000000,7568.000000,7574.000000,7565.000000,0.000000,9.000000,2
7578.000000,7568.000000,7579.000000,7567.000000,-10.000000,12.000000,1
7577.000000,7581.000000,7581.000000,7577.000000,4.000000,4.000000,2
7578.000000,7578.000000,7581.000000,7571.000000,0.000000,10.000000,2
7587.000000,7577.000000,7589.000000,7576.000000,-10.000000,13.000000,2
7593.000000,7586.000000,7593.000000,7585.000000,-7.000000,8.000000,2
7596.000000,7593.000000,7598.000000,7592.000000,-3.000000,6.000000,2
7601.000000,7596.000000,7605.000000,7596.000000,-5.000000,9.000000,2
7613.000000,7602.000000,7613.000000,7602.000000,-11.000000,11.000000,1
7608.000000,7613.000000,7617.000000,7603.000000,5.000000,14.000000,2
7618.000000,7610.000000,7623.000000,7610.000000,-8.000000,13.000000,2
7621.000000,7618.000000,7621.000000,7610.000000,-3.000000,11.000000,1
7621.000000,7625.000000,7625.000000,7617.000000,4.000000,8.000000,1
7610.000000,7620.000000,7625.000000,7610.000000,10.000000,15.000000,2
7625.000000,7610.000000,7625.000000,7605.000000,-15.000000,20.000000,1
7624.000000,7624.000000,7629.000000,7621.000000,0.000000,8.000000,2
7644.000000,7624.000000,7644.000000,7622.000000,-20.000000,22.000000,2
7651.000000,7647.000000,7656.000000,7644.000000,-4.000000,12.000000,1
7631.000000,7670.000000,7670.000000,7610.000000,39.000000,60.000000,1
7614.000000,7633.000000,7634.000000,7614.000000,19.000000,20.000000,1
7601.000000,7605.000000,7621.000000,7599.000000,4.000000,22.000000,2
7605.000000,7600.000000,7609.000000,7593.000000,-5.000000,16.000000,1
7573.000000,7608.000000,7612.000000,7568.000000,35.000000,44.000000,2
7587.000000,7570.000000,7591.000000,7564.000000,-17.000000,27.000000,2
7599.000000,7585.000000,7604.000000,7576.000000,-14.000000,28.000000,2
7609.000000,7601.000000,7611.000000,7597.000000,-8.000000,14.000000,2
7626.000000,7615.000000,7626.000000,7594.000000,-11.000000,32.000000,2
7628.000000,7627.000000,7632.000000,7617.000000,-1.000000,15.000000,2
7630.000000,7630.000000,7632.000000,7620.000000,0.000000,12.000000,2
7633.000000,7632.000000,7649.000000,7632.000000,-1.000000,17.000000,2
7638.000000,7633.000000,7647.000000,7629.000000,-5.000000,18.000000,2
7639.000000,7638.000000,7642.000000,7620.000000,-1.000000,22.000000,2
7657.000000,7640.000000,7663.000000,7640.000000,-17.000000,23.000000,1
7646.000000,7657.000000,7659.000000,7643.000000,11.000000,16.000000,2
7649.000000,7646.000000,7656.000000,7642.000000,-3.000000,14.000000,1
7641.000000,7648.000000,7648.000000,7639.000000,7.000000,9.000000,1
7630.000000,7635.000000,7650.000000,7627.000000,5.000000,23.000000,1
7606.000000,7627.000000,7627.000000,7599.000000,21.000000,28.000000,2
7632.000000,7607.000000,7633.000000,7604.000000,-25.000000,29.000000,2
7647.000000,7632.000000,7652.000000,7630.000000,-15.000000,22.000000,1
7643.000000,7646.000000,7649.000000,7638.000000,3.000000,11.000000,2
7648.000000,7642.000000,7649.000000,7629.000000,-6.000000,20.000000,1
7629.000000,7647.000000,7649.000000,7625.000000,18.000000,24.000000,2
7641.000000,7624.000000,7646.000000,7624.000000,-17.000000,22.000000,1
7600.000000,7614.000000,7614.000000,7582.000000,14.000000,32.000000,1
7589.000000,7600.000000,7607.000000,7584.000000,11.000000,23.000000,1
7572.000000,7585.000000,7592.000000,7570.000000,13.000000,22.000000,2
7584.000000,7574.000000,7593.000000,7572.000000,-10.000000,21.000000,2
7597.000000,7585.000000,7607.000000,7584.000000,-12.000000,23.000000,2
7603.000000,7597.000000,7606.000000,7591.000000,-6.000000,15.000000,1
7573.000000,7603.000000,7604.000000,7573.000000,30.000000,31.000000,1
7543.000000,7572.000000,7578.000000,7543.000000,29.000000,35.000000,1
7519.000000,7543.000000,7543.000000,7518.000000,24.000000,25.000000,1
7500.000000,7516.000000,7516.000000,7488.000000,16.000000,28.000000,2
7505.000000,7498.000000,7513.000000,7493.000000,-7.000000,20.000000,2
7522.000000,7504.000000,7524.000000,7493.000000,-18.000000,31.000000,2
7533.000000,7521.000000,7540.000000,7516.000000,-12.000000,24.000000,1
7516.000000,7534.000000,7534.000000,7516.000000,18.000000,18.000000,1
7489.000000,7515.000000,7518.000000,7487.000000,26.000000,31.000000,1
7469.000000,7488.000000,7492.000000,7461.000000,19.000000,31.000000,1
7455.000000,7470.000000,7477.000000,7453.000000,15.000000,24.000000,2
7469.000000,7459.000000,7472.000000,7459.000000,-10.000000,13.000000,2
7485.000000,7469.000000,7498.000000,7468.000000,-16.000000,30.000000,2
7489.000000,7480.000000,7497.000000,7471.000000,-9.000000,26.000000,2
7504.000000,7489.000000,7505.000000,7482.000000,-15.000000,23.000000,1
7495.000000,7507.000000,7511.000000,7495.000000,12.000000,16.000000,1
7474.000000,7498.000000,7500.000000,7473.000000,24.000000,27.000000,2
7495.000000,7476.000000,7496.000000,7476.000000,-19.000000,20.000000,1
7490.000000,7490.000000,7503.000000,7476.000000,0.000000,27.000000,1
7481.000000,7489.000000,7496.000000,7478.000000,8.000000,18.000000,2
7556.000000,7533.000000,7558.000000,7522.000000,-23.000000,36.000000,2
7562.000000,7560.000000,7572.000000,7556.000000,-2.000000,16.000000,2
7568.000000,7565.000000,7582.000000,7560.000000,-3.000000,22.000000,1
7560.000000,7568.000000,7572.000000,7557.000000,8.000000,15.000000,1
7557.000000,7560.000000,7576.000000,7554.000000,3.000000,22.000000,1
7551.000000,7558.000000,7560.000000,7542.000000,7.000000,18.000000,2
7556.000000,7556.000000,7563.000000,7550.000000,0.000000,13.000000,1
7531.000000,7557.000000,7558.000000,7529.000000,26.000000,29.000000,1
7513.000000,7527.000000,7530.000000,7508.000000,14.000000,22.000000,2
7517.000000,7512.000000,7521.000000,7498.000000,-5.000000,23.000000,1
7494.000000,7520.000000,7520.000000,7494.000000,26.000000,26.000000,1
7461.000000,7494.000000,7495.000000,7454.000000,33.000000,41.000000,1
7454.000000,7457.000000,7460.000000,7439.000000,3.000000,21.000000,2
7477.000000,7455.000000,7479.000000,7455.000000,-22.000000,24.000000,1
7477.000000,7475.000000,7477.000000,7451.000000,-2.000000,26.000000,2
7486.000000,7477.000000,7487.000000,7476.000000,-9.000000,11.000000,1
7474.000000,7484.000000,7491.000000,7472.000000,10.000000,19.000000,1
7462.000000,7473.000000,7476.000000,7462.000000,11.000000,14.000000,1
7444.000000,7459.000000,7461.000000,7429.000000,15.000000,32.000000,2
7454.000000,7444.000000,7461.000000,7435.000000,-10.000000,26.000000,1
7449.000000,7455.000000,7461.000000,7449.000000,6.000000,12.000000,2
7452.000000,7452.000000,7468.000000,7451.000000,0.000000,17.000000,1
7446.000000,7454.000000,7456.000000,7444.000000,8.000000,12.000000,2
7468.000000,7445.000000,7468.000000,7439.000000,-23.000000,29.000000,1
7466.000000,7468.000000,7470.000000,7459.000000,2.000000,11.000000,1
7451.000000,7467.000000,7472.000000,7446.000000,16.000000,26.000000,2
7466.000000,7488.000000,7503.000000,7464.000000,22.000000,39.000000,1
7439.000000,7467.000000,7479.000000,7432.000000,28.000000,47.000000,2
7449.000000,7436.000000,7454.000000,7429.000000,-13.000000,25.000000,1
7428.000000,7449.000000,7449.000000,7426.000000,21.000000,23.000000,2
7485.000000,7430.000000,7487.000000,7426.000000,-55.000000,61.000000,2
7510.000000,7485.000000,7519.000000,7483.000000,-25.000000,36.000000,1
7492.000000,7504.000000,7514.000000,7489.000000,12.000000,25.000000,2
7500.000000,7492.000000,7516.000000,7492.000000,-8.000000,24.000000,1
7480.000000,7498.000000,7502.000000,7478.000000,18.000000,24.000000,1
7477.000000,7483.000000,7492.000000,7469.000000,6.000000,23.000000,1
7464.000000,7478.000000,7494.000000,7464.000000,14.000000,30.000000,1
7462.000000,7463.000000,7467.000000,7456.000000,1.000000,11.000000,2
7481.000000,7465.000000,7483.000000,7465.000000,-16.000000,18.000000,2
7483.000000,7483.000000,7486.000000,7474.000000,0.000000,12.000000,2
7495.000000,7482.000000,7497.000000,7474.000000,-13.000000,23.000000,1
7476.000000,7495.000000,7497.000000,7474.000000,19.000000,23.000000,2
7489.000000,7477.000000,7489.000000,7475.000000,-12.000000,14.000000,1
7465.000000,7489.000000,7491.000000,7465.000000,24.000000,26.000000,2
7470.000000,7465.000000,7479.000000,7465.000000,-5.000000,14.000000,1
7461.000000,7469.000000,7475.000000,7460.000000,8.000000,15.000000,2
7465.000000,7460.000000,7473.000000,7459.000000,-5.000000,14.000000,2
7481.000000,7466.000000,7484.000000,7466.000000,-15.000000,18.000000,2
7498.000000,7478.000000,7501.000000,7476.000000,-20.000000,25.000000,1
7492.000000,7499.000000,7499.000000,7486.000000,7.000000,13.000000,1
7486.000000,7490.000000,7507.000000,7485.000000,4.000000,22.000000,1
7469.000000,7486.000000,7490.000000,7469.000000,17.000000,21.000000,1
7344.000000,7320.000000,7354.000000,7316.000000,-24.000000,38.000000,1
7335.000000,7335.000000,7354.000000,7329.000000,0.000000,25.000000,1
7283.000000,7331.000000,7331.000000,7281.000000,48.000000,50.000000,2
7291.000000,7274.000000,7293.000000,7261.000000,-17.000000,32.000000,2
7292.000000,7289.000000,7294.000000,7273.000000,-3.000000,21.000000,2
7302.000000,7290.000000,7313.000000,7286.000000,-12.000000,27.000000,2
7318.000000,7300.000000,7319.000000,7290.000000,-18.000000,29.000000,2
7340.000000,7317.000000,7345.000000,7316.000000,-23.000000,29.000000,1
7321.000000,7340.000000,7340.000000,7320.000000,19.000000,20.000000,1
7308.000000,7319.000000,7330.000000,7308.000000,11.000000,22.000000,2
7350.000000,7310.000000,7350.000000,7308.000000,-40.000000,42.000000,2
7365.000000,7350.000000,7367.000000,7339.000000,-15.000000,28.000000,2
7397.000000,7366.000000,7398.000000,7366.000000,-31.000000,32.000000,1
7372.000000,7398.000000,7398.000000,7372.000000,26.000000,26.000000,2
7396.000000,7371.000000,7407.000000,7370.000000,-25.000000,37.000000,1
7393.000000,7398.000000,7407.000000,7389.000000,5.000000,18.000000,1
7376.000000,7396.000000,7404.000000,7375.000000,20.000000,29.000000,1
7376.000000,7376.000000,7388.000000,7372.000000,0.000000,16.000000,2
7402.000000,7378.000000,7403.000000,7375.000000,-24.000000,28.000000,2
7430.000000,7402.000000,7439.000000,7402.000000,-28.000000,37.000000,2
7448.000000,7429.000000,7451.000000,7429.000000,-19.000000,22.000000,2
7461.000000,7448.000000,7462.000000,7439.000000,-13.000000,23.000000,1
7455.000000,7459.000000,7467.000000,7450.000000,4.000000,17.000000,2
7458.000000,7454.000000,7472.000000,7451.000000,-4.000000,21.000000,1
7442.000000,7458.000000,7463.000000,7439.000000,16.000000,24.000000,1
7438.000000,7438.000000,7445.000000,7430.000000,0.000000,15.000000,1
7418.000000,7425.000000,7435.000000,7408.000000,7.000000,27.000000,1
7406.000000,7420.000000,7422.000000,7396.000000,14.000000,26.000000,1
7400.000000,7400.000000,7414.000000,7385.000000,0.000000,29.000000,1
7374.000000,7397.000000,7398.000000,7373.000000,23.000000,25.000000,2
7379.000000,7371.000000,7390.000000,7367.000000,-8.000000,23.000000,1
7363.000000,7377.000000,7379.000000,7363.000000,14.000000,16.000000,1
7320.000000,7365.000000,7366.000000,7314.000000,45.000000,52.000000,1
7306.000000,7319.000000,7329.000000,7306.000000,13.000000,23.000000,2
7311.000000,7306.000000,7316.000000,7297.000000,-5.000000,19.000000,2
7360.000000,7313.000000,7365.000000,7313.000000,-47.000000,52.000000,1
7350.000000,7361.000000,7362.000000,7344.000000,11.000000,18.000000,1
7336.000000,7350.000000,7358.000000,7329.000000,14.000000,29.000000,1
7311.000000,7335.000000,7336.000000,7306.000000,24.000000,30.000000,2
7325.000000,7311.000000,7327.000000,7304.000000,-14.000000,23.000000,1
7281.000000,7322.000000,7322.000000,7276.000000,41.000000,46.000000,1
7276.000000,7279.000000,7297.000000,7269.000000,3.000000,28.000000,1
7275.000000,7279.000000,7282.000000,7262.000000,4.000000,20.000000,1
7258.000000,7279.000000,7283.000000,7254.000000,21.000000,29.000000,1
7243.000000,7259.000000,7260.000000,7234.000000,16.000000,26.000000,2
7270.000000,7243.000000,7273.000000,7238.000000,-27.000000,35.000000,1
7252.000000,7273.000000,7275.000000,7252.000000,21.000000,23.000000,1
7240.000000,7252.000000,7252.000000,7231.000000,12.000000,21.000000,1
7220.000000,7236.000000,7236.000000,7207.000000,16.000000,29.000000,1
7179.000000,7216.000000,7227.000000,7179.000000,37.000000,48.000000,1
7177.000000,7179.000000,7188.000000,7171.000000,2.000000,17.000000,1
7105.000000,7171.000000,7171.000000,7101.000000,66.000000,70.000000,2
7212.000000,7207.000000,7214.000000,7179.000000,-5.000000,35.000000,2
7253.000000,7209.000000,7253.000000,7198.000000,-44.000000,55.000000,2
7256.000000,7250.000000,7285.000000,7250.000000,-6.000000,35.000000,2
7259.000000,7258.000000,7259.000000,7231.000000,-1.000000,28.000000,2
7285.000000,7262.000000,7289.000000,7260.000000,-23.000000,29.000000,1
7278.000000,7283.000000,7286.000000,7277.000000,5.000000,9.000000,1
7266.000000,7271.000000,7281.000000,7252.000000,5.000000,29.000000,2
7295.000000,7263.000000,7299.000000,7261.000000,-32.000000,38.000000,1
7283.000000,7297.000000,7301.000000,7280.000000,14.000000,21.000000,2
7292.000000,7285.000000,7305.000000,7281.000000,-7.000000,24.000000,1
7278.000000,7291.000000,7295.000000,7278.000000,13.000000,17.000000,1
7270.000000,7278.000000,7278.000000,7262.000000,8.000000,16.000000,2
7283.000000,7268.000000,7288.000000,7268.000000,-15.000000,20.000000,1
7281.000000,7285.000000,7295.000000,7280.000000,4.000000,15.000000,1
7269.000000,7282.000000,7287.000000,7265.000000,13.000000,22.000000,2
7285.000000,7269.000000,7285.000000,7265.000000,-16.000000,20.000000,2
7301.000000,7285.000000,7303.000000,7279.000000,-16.000000,24.000000,1
7301.000000,7301.000000,7307.000000,7298.000000,0.000000,9.000000,2
7320.000000,7301.000000,7320.000000,7292.000000,-19.000000,28.000000,2
7330.000000,7323.000000,7332.000000,7314.000000,-7.000000,18.000000,2
7354.000000,7331.000000,7357.000000,7330.000000,-23.000000,27.000000,1
7350.000000,7355.000000,7365.000000,7350.000000,5.000000,15.000000,2
7352.000000,7349.000000,7352.000000,7343.000000,-3.000000,9.000000,1
7352.000000,7352.000000,7360.000000,7346.000000,0.000000,14.000000,1
7334.000000,7356.000000,7360.000000,7330.000000,22.000000,30.000000,1
7323.000000,7333.000000,7337.000000,7315.000000,10.000000,22.000000,1
7171.000000,7139.000000,7172.000000,7112.000000,-32.000000,60.000000,1
7170.000000,7177.000000,7192.000000,7166.000000,7.000000,26.000000,1
7109.000000,7163.000000,7163.000000,7096.000000,54.000000,67.000000,2
7113.000000,7110.000000,7141.000000,7108.000000,-3.000000,33.000000,1
7087.000000,7110.000000,7112.000000,7082.000000,23.000000,30.000000,1
7060.000000,7082.000000,7094.000000,7059.000000,22.000000,35.000000,2
7091.000000,7064.000000,7091.000000,7064.000000,-27.000000,27.000000,2
7142.000000,7164.000000,7174.000000,7142.000000,22.000000,32.000000,2
7167.000000,7142.000000,7174.000000,7142.000000,-25.000000,32.000000,2
7177.000000,7165.000000,7193.000000,7165.000000,-12.000000,28.000000,2
7195.000000,7177.000000,7200.000000,7170.000000,-18.000000,30.000000,2
7236.000000,7194.000000,7236.000000,7189.000000,-42.000000,47.000000,2
7243.000000,7237.000000,7264.000000,7235.000000,-6.000000,29.000000,2
7275.000000,7247.000000,7282.000000,7247.000000,-28.000000,35.000000,1
7231.000000,7276.000000,7279.000000,7231.000000,45.000000,48.000000,1
7217.000000,7230.000000,7230.000000,7189.000000,13.000000,41.000000,2
7226.000000,7216.000000,7233.000000,7203.000000,-10.000000,30.000000,1
7180.000000,7224.000000,7230.000000,7178.000000,44.000000,52.000000,2
7202.000000,7181.000000,7209.000000,7176.000000,-21.000000,33.000000,1
7188.000000,7200.000000,7211.000000,7186.000000,12.000000,25.000000,1
7135.000000,7190.000000,7191.000000,7135.000000,55.000000,56.000000,1
7126.000000,7136.000000,7147.000000,7120.000000,10.000000,27.000000,2
7158.000000,7128.000000,7173.000000,7128.000000,-30.000000,45.000000,1
7135.000000,7154.000000,7169.000000,7132.000000,19.000000,37.000000,2
7160.000000,7139.000000,7193.000000,7139.000000,-21.000000,54.000000,1
