40.470000,41.460000,42.550000,39.800000,0.990000,2.750000,-1,0.000000,0.000000
39.350000,41.080000,41.110000,39.120000,1.730000,1.990000,-1,0.000000,0.000000
38.390000,39.350000,39.717800,38.100000,0.960000,1.617800,-1,0.000000,0.000000
37.010000,38.740000,38.750000,36.930000,1.730000,1.820000,-1,0.000000,0.000000
37.000000,37.710000,38.000000,36.910000,0.710000,1.090000,-1,0.000000,0.000000
36.390000,36.780000,37.380000,36.220000,0.390000,1.160000,1,0.000000,0.000000
37.600000,37.190000,38.000000,36.829600,-0.410000,1.170400,1,0.000000,0.000000
37.950000,38.030000,38.100000,37.620000,0.080000,0.480000,1,0.000000,0.000000
38.450000,38.040000,39.010000,37.715000,-0.410000,1.295000,1,0.000000,0.000000
38.700000,39.140000,39.200000,38.219900,0.440000,0.980100,1,0.000000,0.000000
39.390000,39.250000,39.880000,38.900000,-0.140000,0.980000,-1,0.000000,0.000000
38.950000,39.910000,39.910000,38.430000,0.960000,1.480000,1,0.000000,0.000000
39.270000,39.700000,39.880000,39.170000,0.430000,0.710000,-1,0.000000,0.000000
38.850000,39.630000,39.740000,38.550000,0.780000,1.190000,1,0.000000,0.000000
39.130000,39.040000,39.230000,38.600000,-0.090000,0.630000,-1,0.000000,0.000000
39.050000,39.430000,39.690000,38.770100,0.380000,0.919900,-1,0.000000,0.000000
38.850000,38.930000,39.280000,38.720000,0.080000,0.560000,-1,0.000000,0.000000
38.190000,38.550000,38.580000,37.010000,0.360000,1.570000,-1,0.000000,0.000000
37.620000,38.400000,38.490000,37.440000,0.780000,1.050000,1,0.000000,0.000000
38.140000,37.490000,38.180000,37.380000,-0.650000,0.800000,1,0.000000,0.000000
38.730000,38.300000,38.750000,37.700000,-0.430000,1.050000,-1,0.000000,0.000000
37.990000,39.000000,39.000000,37.870000,1.010000,1.130000,-1,0.000000,0.000000
37.190000,37.870000,38.100000,37.030000,0.680000,1.070000,-1,0.000000,0.000000
35.980000,36.850000,37.340000,35.880000,0.870000,1.460000,-1,0.000000,0.000000
34.250000,35.570000,36.110000,33.830000,1.320000,2.280000,-1,0.000000,0.000000
33.750000,31.170000,34.850000,30.000000,-2.580000,4.850000,-1,0.000000,0.000000
32.700000,35.440000,35.460000,32.700000,2.740000,2.760000,1,0.000000,0.000000
33.170000,33.700000,33.840000,31.710000,0.530000,2.130000,1,0.000000,0.000000
34.620000,34.000000,34.770000,33.160000,-0.620000,1.610000,1,0.000000,0.000000
35.040000,34.510000,35.260000,34.370000,-0.530000,0.890000,-1,0.000000,0.000000
35.000000,35.490000,35.510000,34.770000,0.490000,0.740000,-1,0.000000,0.000000
33.770000,34.240000,34.680000,33.410000,0.470000,1.270000,1,0.000000,0.000000
35.070000,34.600000,35.080000,33.835000,-0.470000,1.245000,1,0.000000,0.000000
35.310000,35.010000,35.460000,34.770000,-0.300000,0.690000,-1,0.000000,0.000000
34.290000,34.710000,34.720000,33.780000,0.420000,0.940000,1,0.000000,0.000000
34.700000,34.810000,34.890000,34.250000,0.110000,0.640000,-1,0.000000,0.000000
34.370000,34.920000,34.950000,33.880000,0.550000,1.070000,-1,0.000000,0.000000
33.460000,34.230000,34.290000,32.950000,0.770000,1.340000,1,0.000000,0.000000
33.550000,33.270000,33.590000,32.610000,-0.280000,0.980000,1,0.000000,0.000000
33.770000,33.700000,33.950000,33.200000,-0.070000,0.750000,1,0.000000,0.000000
33.800000,33.720000,33.950000,32.670000,-0.080000,1.280000,-1,0.000000,0.000000
33.770000,33.460000,34.060000,33.360000,-0.310000,0.700000,-1,0.000000,0.000000
33.320000,33.720000,33.990000,33.080000,0.400000,0.910000,-1,0.000000,0.000000
32.920000,32.900000,33.780000,32.550000,-0.020000,1.230000,1,0.000000,0.000000
34.250000,33.660000,34.620000,33.430000,-0.590000,1.190000,-1,0.000000,0.000000
33.350000,33.940000,34.100000,33.189900,0.590000,0.910100,1,0.000000,0.000000
34.160000,33.490000,34.340000,33.260000,-0.670000,1.080000,-1,0.000000,0.000000
33.910000,34.000000,34.070000,33.380000,0.090000,0.690000,-1,0.000000,0.000000
33.770000,34.600000,34.690000,33.500000,0.830000,1.190000,-1,0.000000,0.000000
32.250000,33.680000,33.680000,32.155000,1.430000,1.525000,-1,0.000000,0.000000
30.630000,32.270000,32.670000,30.300000,1.640000,2.370000,1,0.000000,0.000000
31.040000,31.200000,31.280000,30.640000,0.160000,0.640000,1,0.000000,0.000000
31.480000,30.820000,31.587000,30.750000,-0.660000,0.837000,1,0.000000,0.000000
32.830000,30.820000,32.860000,30.750000,-2.010000,2.110000,-1,0.000000,0.000000
32.670000,32.950000,33.020000,32.380000,0.280000,0.640000,-1,0.000000,0.000000
31.860000,32.910000,32.910000,31.780000,1.050000,1.130000,1,0.000000,0.000000
32.380000,32.310000,32.471000,31.520000,-0.070000,0.951000,-1,0.000000,0.000000
31.670000,32.440000,32.450000,31.090000,0.770000,1.360000,1,0.000000,0.000000
32.060000,31.690000,32.450000,31.410000,-0.370000,1.040000,1,0.000000,0.000000
32.630000,32.190000,32.670000,32.100000,-0.440000,0.570000,1,0.000000,0.000000
33.220000,32.600000,33.480000,32.339900,-0.620000,1.140100,1,0.000000,0.000000
34.050000,33.400000,34.460000,33.400000,-0.650000,1.060000,1,0.000000,0.000000
34.620000,34.450000,34.720000,34.160000,-0.170000,0.560000,-1,0.000000,0.000000
34.290000,34.750000,35.050000,33.950000,0.460000,1.100000,1,0.000000,0.000000
34.840000,34.430000,34.905000,33.790000,-0.410000,1.115000,1,0.000000,0.000000
34.870000,34.800000,34.990000,34.590000,-0.070000,0.400000,-1,0.000000,0.000000
33.830000,34.750000,34.800000,32.880000,0.920000,1.920000,1,0.000000,0.000000
34.790000,34.430000,35.250000,34.260000,-0.360000,0.990000,1,0.000000,0.000000
34.990000,35.730000,35.750000,34.800000,0.740000,0.950000,1,0.000000,0.000000
36.440000,36.050000,36.590000,35.515000,-0.390000,1.075000,-1,0.000000,0.000000
35.940000,36.390000,36.394100,35.310000,0.450000,1.084100,1,0.000000,0.000000
36.520000,36.210000,36.650000,35.810000,-0.310000,0.840000,-1,0.000000,0.000000
35.910000,34.730000,36.500000,34.500000,-1.180000,2.000000,1,0.000000,0.000000
36.010000,35.640000,36.490000,35.240000,-0.370000,1.250000,1,0.000000,0.000000
36.990000,35.580000,37.410000,35.450000,-1.410000,1.960000,1,0.000000,0.000000
37.900000,37.050000,38.440000,37.000000,-0.850000,1.440000,-1,0.000000,0.000000
37.600000,38.450000,38.520000,37.330000,0.850000,1.190000,-1,0.000000,0.000000
36.710000,37.820000,37.980000,36.660000,1.110000,1.320000,-1,0.000000,0.000000
36.240000,36.590000,36.700000,35.800000,0.350000,0.900000,1,0.000000,0.000000
36.600000,36.100000,36.740000,35.650000,-0.500000,1.090000,1,0.000000,0.000000
37.000000,36.580000,37.200000,36.500000,-0.420000,0.700000,-1,0.000000,0.000000
36.330000,37.190000,37.320000,35.750000,0.860000,1.570000,-1,0.000000,0.000000
35.570000,35.945000,36.050000,34.830000,0.375000,1.220000,-1,0.000000,0.000000
34.530000,35.180000,35.499900,34.500000,0.650000,0.999900,1,0.000000,0.000000
35.610000,34.550000,35.660000,34.530000,-1.060000,1.130000,1,0.000000,0.000000
36.210000,35.890000,36.450000,35.710000,-0.320000,0.740000,1,0.000000,0.000000
36.220000,36.320000,36.950000,35.785000,0.100000,1.165000,-1,0.000000,0.000000
36.190000,36.450000,36.500000,35.910000,0.260000,0.590000,1,0.000000,0.000000
36.360000,36.450000,36.450000,35.920200,0.090000,0.529800,-1,0.000000,0.000000
35.560000,36.500000,36.650000,35.410000,0.940000,1.240000,-1,0.000000,0.000000
35.120000,35.250000,35.300000,34.880000,0.130000,0.420000,1,0.000000,0.000000
35.360000,35.200000,35.860000,35.130000,-0.160000,0.730000,-1,0.000000,0.000000
35.180000,35.520000,35.700000,35.060000,0.340000,0.640000,1,0.000000,0.000000
35.260000,35.360000,35.440000,34.690000,0.100000,0.750000,-1,0.000000,0.000000
35.170000,35.410000,35.410000,33.850000,0.240000,1.560000,-1,0.000000,0.000000
35.150000,35.230000,36.170000,34.930100,0.080000,1.239900,-1,0.000000,0.000000
34.230000,35.200000,35.230000,33.850100,0.970000,1.379900,1,0.000000,0.000000
35.620000,34.380000,35.820000,34.220000,-1.240000,1.600000,-1,0.000000,0.000000
35.160000,35.710000,35.800000,34.850000,0.550000,0.950000,1,0.000000,0.000000
35.600000,34.630000,35.700000,34.520000,-0.970000,1.180000,-1,0.000000,0.000000
35.070000,35.390000,35.600000,34.830000,0.320000,0.770000,1,0.000000,0.000000
35.490000,35.160000,35.910000,35.160000,-0.330000,0.750000,-1,0.000000,0.000000
34.690000,35.150000,35.326300,34.420000,0.460000,0.906300,1,0.000000,0.000000
35.010000,34.610000,35.222600,34.330000,-0.400000,0.892600,1,0.000000,0.000000
36.320000,35.190000,36.510000,35.180000,-1.130000,1.330000,-1,0.000000,0.000000
35.980000,36.120000,36.250000,35.190000,0.140000,1.060000,-1,0.000000,0.000000
35.540000,36.000000,36.580000,35.510000,0.460000,1.070000,-1,0.000000,0.000000
34.980000,35.350000,35.760000,34.730000,0.370000,1.030000,1,0.000000,0.000000
36.080000,35.210000,36.150000,35.110000,-0.870000,1.040000,1,0.000000,0.000000
36.805000,36.120000,36.890000,35.780000,-0.685000,1.110000,1,0.000000,0.000000
37.110000,36.790000,37.680000,36.770000,-0.320000,0.910000,-1,0.000000,0.000000
37.070000,37.010000,37.230000,36.820000,-0.060000,0.410000,-1,0.000000,0.000000
36.610000,36.700000,37.000000,36.250000,0.090000,0.750000,1,0.000000,0.000000
37.080000,36.920000,37.450000,36.750000,-0.160000,0.700000,-1,0.000000,0.000000
36.480000,37.070000,37.250000,36.460000,0.590000,0.790000,-1,0.000000,0.000000
36.200000,36.300000,36.500000,36.050800,0.100000,0.449200,-1,0.000000,0.000000
34.750000,35.130000,35.560000,34.280000,0.380000,1.280000,-1,0.000000,0.000000
34.310000,34.980000,34.980000,33.860000,0.670000,1.120000,-1,0.000000,0.000000
33.980000,33.700000,34.010000,33.210000,-0.280000,0.800000,-1,0.000000,0.000000
33.130000,33.150000,34.161000,33.020000,0.020000,1.141000,-1,0.000000,0.000000
32.690000,33.460000,33.880000,32.630000,0.770000,1.250000,1,0.000000,0.000000
33.040000,33.020000,33.430000,32.470000,-0.020000,0.960000,1,0.000000,0.000000
33.080000,33.350000,33.570000,32.660000,0.270000,0.910000,-1,0.000000,0.000000
32.120000,33.280000,33.570000,31.970000,1.160000,1.600000,1,0.000000,0.000000
32.870000,32.150000,33.040000,31.705000,-0.720000,1.335000,-1,0.000000,0.000000
32.310000,31.620000,32.540000,31.620000,-0.690000,0.920000,-1,0.000000,0.000000
32.200000,32.760000,33.180000,31.930000,0.560000,1.250000,-1,0.000000,0.000000
31.200000,31.430000,31.700000,30.520000,0.230000,1.180000,-1,0.000000,0.000000
31.200000,31.610000,31.740000,30.900000,0.410000,0.840000,1,0.000000,0.000000
31.690000,31.650000,31.970000,31.540000,-0.040000,0.430000,-1,0.000000,0.000000
31.470000,31.980000,31.980000,31.350000,0.510000,0.630000,1,0.000000,0.000000
31.970000,31.490000,31.980000,31.390000,-0.480000,0.590000,-1,0.000000,0.000000
31.590000,31.960000,32.630000,31.380000,0.370000,1.250000,1,0.000000,0.000000
34.240000,33.630000,34.750000,33.350000,-0.610000,1.400000,1,0.000000,0.000000
36.140000,34.490000,36.260000,34.360000,-1.650000,1.900000,1,0.000000,0.000000
37.080000,35.650000,37.320000,35.590000,-1.430000,1.730000,-1,0.000000,0.000000
36.830000,36.530000,37.770000,36.440000,-0.300000,1.330000,1,0.000000,0.000000
37.010000,36.870000,37.550000,36.070000,-0.140000,1.480000,1,0.000000,0.000000
37.170000,36.660000,37.285000,36.540000,-0.510000,0.745000,-1,0.000000,0.000000
35.070000,37.160000,37.160000,34.820000,2.090000,2.340000,-1,0.000000,0.000000
33.610000,34.000000,34.290000,31.980000,0.390000,2.310000,-1,0.000000,0.000000
32.700000,32.800000,33.858000,31.640000,0.100000,2.218000,1,0.000000,0.000000
32.900000,33.620000,33.940000,32.820000,0.720000,1.120000,1,0.000000,0.000000
33.520000,32.120000,33.640000,32.010000,-1.400000,1.630000,1,0.000000,0.000000
34.300000,33.970000,34.440000,33.810000,-0.330000,0.630000,1,0.000000,0.000000
35.460000,34.650000,35.520000,34.480000,-0.810000,1.040000,1,0.000000,0.000000
36.360000,35.980000,36.910000,35.810000,-0.380000,1.100000,-1,0.000000,0.000000
36.310000,36.410000,36.530000,35.660000,0.100000,0.870000,-1,0.000000,0.000000
35.760000,36.000000,36.235000,35.610000,0.240000,0.625000,1,0.000000,0.000000
36.000000,36.450000,36.500000,35.820000,0.450000,0.680000,-1,0.000000,0.000000
35.480000,35.720000,35.935000,35.020000,0.240000,0.915000,1,0.000000,0.000000
36.470000,35.220000,36.750000,34.860000,-1.250000,1.890000,1,0.000000,0.000000
36.740000,36.670000,36.830000,36.180000,-0.070000,0.650000,1,0.000000,0.000000
37.490000,36.730000,37.535000,36.370000,-0.760000,1.165000,1,0.000000,0.000000
38.140000,37.470000,38.930000,37.450000,-0.670000,1.480000,1,0.000000,0.000000
39.250000,38.520000,39.545000,38.020000,-0.730000,1.525000,-1,0.000000,0.000000
39.160000,39.200000,39.930000,38.700000,0.040000,1.230000,-1,0.000000,0.000000
39.020000,38.960000,39.240000,38.629000,-0.060000,0.611000,1,0.000000,0.000000
39.040000,38.770000,39.700000,38.755000,-0.270000,0.945000,-1,0.000000,0.000000
38.980000,38.780000,39.400000,38.720200,-0.200000,0.679800,-1,0.000000,0.000000
38.160000,38.690000,38.880000,38.110000,0.530000,0.770000,1,0.000000,0.000000
38.570000,38.480000,38.620000,37.820000,-0.090000,0.800000,-1,0.000000,0.000000
38.490000,38.660000,39.300000,37.480000,0.170000,1.820000,1,0.000000,0.000000
39.490000,39.000000,39.530000,38.850000,-0.490000,0.680000,-1,0.000000,0.000000
39.380000,39.400000,39.800000,39.040000,0.020000,0.760000,-1,0.000000,0.000000
39.270000,39.050000,39.640000,39.050000,-0.220000,0.590000,1,0.000000,0.000000
39.840000,39.090000,39.890000,38.570000,-0.750000,1.320000,1,0.000000,0.000000
39.930000,39.850000,40.120000,39.170000,-0.080000,0.950000,-1,0.000000,0.000000
39.410000,39.860000,39.860000,38.690000,0.450000,1.170000,1,0.000000,0.000000
41.140000,39.410000,41.170000,39.200000,-1.730000,1.970000,1,0.000000,0.000000
41.320000,40.670000,41.750000,40.630000,-0.650000,1.120000,-1,0.000000,0.000000
40.520000,41.060000,41.310000,40.040000,0.540000,1.270000,-1,0.000000,0.000000
38.920000,39.400000,39.510000,37.000000,0.480000,2.510000,-1,0.000000,0.000000
38.740000,38.810000,39.170000,38.620000,0.070000,0.550000,1,0.000000,0.000000
39.530000,38.740000,39.715000,38.300000,-0.790000,1.415000,-1,0.000000,0.000000
39.040000,39.940000,40.039900,38.995000,0.900000,1.044900,-1,0.000000,0.000000
38.600000,38.740000,39.000000,38.430000,0.140000,0.570000,1,0.000000,0.000000
39.400000,38.510000,39.460000,38.400000,-0.890000,1.060000,-1,0.000000,0.000000
38.790000,39.360000,39.380000,38.410000,0.570000,0.970000,-1,0.000000,0.000000
38.550000,38.350000,38.810000,37.700000,-0.200000,1.110000,1,0.000000,0.000000
39.160000,38.450000,39.185000,38.250000,-0.710000,0.935000,-1,0.000000,0.000000
38.280000,38.850000,38.940000,38.120000,0.570000,0.820000,1,0.000000,0.000000
38.410000,38.610000,38.698900,38.100000,0.200000,0.598900,-1,0.000000,0.000000
38.060000,38.330000,38.820000,38.030000,0.270000,0.790000,-1,0.000000,0.000000
37.800000,38.320000,38.320000,37.340000,0.520000,0.980000,1,0.000000,0.000000
38.790000,38.250000,39.120000,38.190000,-0.540000,0.930000,-1,0.000000,0.000000
38.640000,38.940000,39.020000,38.415000,0.300000,0.605000,-1,0.000000,0.000000
38.580000,38.690000,38.950000,38.290000,0.110000,0.660000,1,0.000000,0.000000
39.640000,38.560000,39.690000,38.430000,-1.080000,1.260000,-1,0.000000,0.000000
39.240000,39.750000,40.070000,38.975000,0.510000,1.095000,1,0.000000,0.000000
40.080000,39.240000,40.240000,39.170000,-0.840000,1.070000,1,0.000000,0.000000
40.100000,40.200000,40.550000,40.013800,0.100000,0.536200,1,0.000000,0.000000
40.310000,39.720000,40.635000,39.680000,-0.590000,0.955000,-1,0.000000,0.000000
39.820000,40.270000,40.840000,39.540000,0.450000,1.300000,-1,0.000000,0.000000
39.730000,39.570000,40.130000,39.330000,-0.160000,0.800000,1,0.000000,0.000000
40.010000,39.680000,40.180000,39.200000,-0.330000,0.980000,1,0.000000,0.000000
40.070000,41.000000,41.490000,39.910000,0.930000,1.580000,-1,0.000000,0.000000
39.180000,39.710000,39.870000,38.590000,0.530000,1.280000,-1,0.000000,0.000000
39.020000,39.070000,39.270000,38.730000,0.050000,0.540000,-1,0.000000,0.000000
38.360000,38.630000,38.970000,38.140000,0.270000,0.830000,-1,0.000000,0.000000
38.310000,38.070000,38.460000,37.870000,-0.240000,0.590000,1,0.000000,0.000000
38.950000,38.380000,39.119000,38.320000,-0.570000,0.799000,1,0.000000,0.000000
39.480000,38.710000,39.700000,38.610000,-0.770000,1.090000,1,0.000000,0.000000
39.620000,39.420000,40.180000,39.330000,-0.200000,0.850000,1,0.000000,0.000000
40.110000,39.620000,40.150000,39.240000,-0.490000,0.910000,-1,0.000000,0.000000
39.710000,39.570000,40.314300,39.570000,-0.140000,0.744300,-1,0.000000,0.000000
39.510000,39.850000,40.000000,39.170000,0.340000,0.830000,-1,0.000000,0.000000
39.480000,39.540000,39.800000,39.310000,0.060000,0.490000,-1,0.000000,0.000000
39.300000,39.360000,39.530000,39.130000,0.060000,0.400000,-1,0.000000,0.000000
39.065000,39.100000,39.660000,38.750000,0.035000,0.910000,-1,0.000000,0.000000
38.980000,39.180000,39.360000,38.500000,0.200000,0.860000,-1,0.000000,0.000000
37.650000,38.810000,38.880000,37.310000,1.160000,1.570000,-1,0.000000,0.000000
37.530000,37.790000,37.950000,37.490000,0.260000,0.460000,1,0.000000,0.000000
38.070000,37.680000,38.230000,37.390000,-0.390000,0.840000,1,0.000000,0.000000
38.920000,38.280000,39.005000,38.280000,-0.640000,0.725000,-1,0.000000,0.000000
38.760000,38.870000,39.060000,38.510000,0.110000,0.550000,-1,0.000000,0.000000
38.070000,38.710000,38.740000,38.000000,0.640000,0.740000,1,0.000000,0.000000
38.090000,38.000000,38.345000,37.920000,-0.090000,0.425000,-1,0.000000,0.000000
37.790000,37.960000,38.030000,37.500000,0.170000,0.530000,1,0.000000,0.000000
38.310000,37.810000,38.479000,37.710000,-0.500000,0.769000,1,0.000000,0.000000
38.560000,38.420000,38.685000,38.320000,-0.140000,0.365000,-1,0.000000,0.000000
38.330000,38.440000,38.590000,37.812500,0.110000,0.777500,-1,0.000000,0.000000
38.100000,38.470000,38.490000,37.980000,0.370000,0.510000,-1,0.000000,0.000000
37.570000,38.070000,38.480000,37.520000,0.500000,0.960000,-1,0.000000,0.000000
37.550000,37.530000,37.700000,37.060000,-0.020000,0.640000,-1,0.000000,0.000000
37.130000,37.480000,37.570000,37.110000,0.350000,0.460000,-1,0.000000,0.000000
36.770000,36.830000,37.050000,36.620000,0.060000,0.430000,-1,0.000000,0.000000
36.540000,36.500000,37.110000,36.495000,-0.040000,0.615000,1,0.000000,0.000000
37.160000,36.370000,37.275000,36.250000,-0.790000,1.025000,-1,0.000000,0.000000
36.840000,37.160000,37.219800,36.785000,0.320000,0.434800,1,0.000000,0.000000
36.970000,36.620000,37.040000,36.350000,-0.350000,0.690000,-1,0.000000,0.000000
36.970000,37.030000,37.180000,36.630000,0.060000,0.550000,-1,0.000000,0.000000
36.860000,37.280000,37.760000,36.820000,0.420000,0.940000,-1,0.000000,0.000000
36.160000,36.800000,36.800000,35.950000,0.640000,0.850000,-1,0.000000,0.000000
36.000000,36.280000,36.492800,35.780000,0.280000,0.712800,1,0.000000,0.000000
36.660000,36.270000,36.665000,36.050000,-0.390000,0.615000,-1,0.000000,0.000000
35.080000,35.000000,35.725000,34.610000,-0.080000,1.115000,-1,0.000000,0.000000
34.200000,34.740000,34.760000,34.000000,0.540000,0.760000,1,0.000000,0.000000
35.240000,34.460000,35.250000,34.230000,-0.780000,1.020000,1,0.000000,0.000000
35.770000,35.690000,35.905000,35.290000,-0.080000,0.615000,1,0.000000,0.000000
36.510000,35.810000,36.530000,35.590000,-0.700000,0.940000,-1,0.000000,0.000000
36.350000,36.600000,36.670000,36.250000,0.250000,0.420000,-1,0.000000,0.000000
36.120000,36.300000,36.360000,35.870000,0.180000,0.490000,-1,0.000000,0.000000
35.930000,35.940000,36.170000,35.715000,0.010000,0.455000,1,0.000000,0.000000
36.320000,35.920000,36.390000,35.840000,-0.400000,0.550000,1,0.000000,0.000000
37.360000,36.780000,37.460000,36.660000,-0.580000,0.800000,1,0.000000,0.000000
38.150000,37.450000,38.330000,37.400000,-0.700000,0.930000,1,0.000000,0.000000
38.790000,38.470000,38.910000,38.240000,-0.320000,0.670000,1,0.000000,0.000000
39.280000,38.840000,39.990000,38.830000,-0.440000,1.160000,1,0.000000,0.000000
39.960000,39.690000,40.070000,39.400000,-0.270000,0.670000,-1,0.000000,0.000000
39.090000,40.020000,40.070000,38.980000,0.930000,1.090000,-1,0.000000,0.000000
38.920000,39.130000,39.220000,38.730000,0.210000,0.490000,1,0.000000,0.000000
39.370000,38.970000,39.465000,38.830000,-0.400000,0.635000,1,0.000000,0.000000
40.050000,39.440000,40.450000,39.120000,-0.610000,1.330000,1,0.000000,0.000000
40.130000,40.330000,40.330000,39.650000,0.200000,0.680000,-1,0.000000,0.000000
37.420000,37.300000,37.590000,36.430000,-0.120000,1.160000,1,0.000000,0.000000
37.780000,37.700000,38.180000,37.620000,-0.080000,0.560000,-1,0.000000,0.000000
37.690000,37.780000,38.270000,37.600000,0.090000,0.670000,-1,0.000000,0.000000
37.220000,37.640000,37.690000,37.045000,0.420000,0.645000,-1,0.000000,0.000000
37.220000,37.400000,37.680000,37.101000,0.180000,0.579000,1,0.000000,0.000000
37.240000,37.410000,37.480000,36.860000,0.170000,0.620000,-1,0.000000,0.000000
37.060000,37.430000,37.440000,36.900000,0.370000,0.540000,-1,0.000000,0.000000
36.540000,37.060000,37.085200,36.360000,0.520000,0.725200,1,0.000000,0.000000
36.580000,36.590000,36.740000,36.280000,0.010000,0.460000,1,0.000000,0.000000
37.300000,36.820000,37.390000,36.730000,-0.480000,0.660000,1,0.000000,0.000000
38.100000,37.550000,38.150000,37.550000,-0.550000,0.600000,-1,0.000000,0.000000
37.910000,38.190000,38.300000,37.650000,0.280000,0.650000,1,0.000000,0.000000
38.100000,38.030000,38.140000,37.880000,-0.070000,0.260000,-1,0.000000,0.000000
38.070000,38.020000,38.245000,37.910000,-0.050000,0.335000,1,0.000000,0.000000
38.460000,38.190000,38.490000,38.100000,-0.270000,0.390000,1,0.000000,0.000000
38.510000,38.300000,38.630000,38.100000,-0.210000,0.530000,-1,0.000000,0.000000
38.460000,38.550000,38.650000,38.340000,0.090000,0.310000,-1,0.000000,0.000000
38.380000,38.400000,38.530000,38.150000,0.020000,0.380000,-1,0.000000,0.000000
38.140000,38.410000,38.460000,37.880000,0.270000,0.580000,1,0.000000,0.000000
38.220000,38.070000,38.375000,37.930000,-0.150000,0.445000,-1,0.000000,0.000000
38.090000,38.020000,38.180000,37.895000,-0.070000,0.285000,1,0.000000,0.000000
38.110000,37.930000,38.200000,37.660000,-0.180000,0.540000,-1,0.000000,0.000000
37.860000,38.420000,38.430000,37.800000,0.560000,0.630000,-1,0.000000,0.000000
37.520000,37.810000,37.950000,37.410000,0.290000,0.540000,-1,0.000000,0.000000
37.510000,37.500000,37.570000,37.250000,-0.010000,0.320000,1,0.000000,0.000000
37.650000,37.720000,37.840000,37.380000,0.070000,0.460000,-1,0.000000,0.000000
37.290000,37.610000,37.650000,37.270000,0.320000,0.380000,-1,0.000000,0.000000
37.000000,37.260000,37.520000,36.985000,0.260000,0.535000,1,0.000000,0.000000
37.150000,37.000000,37.240000,36.840000,-0.150000,0.400000,-1,0.000000,0.000000
36.830000,37.270000,37.320000,36.580000,0.440000,0.740000,1,0.000000,0.000000
37.070000,37.010000,37.125000,36.300000,-0.060000,0.825000,1,0.000000,0.000000
37.180000,37.050000,37.650000,37.020000,-0.130000,0.630000,1,0.000000,0.000000
38.560000,37.330000,38.580000,37.260000,-1.230000,1.320000,1,0.000000,0.000000
39.270000,38.650000,39.330000,38.500700,-0.620000,0.829300,-1,0.000000,0.000000
38.010000,38.750000,39.020000,37.910000,0.740000,1.110000,1,0.000000,0.000000
38.770000,37.650000,38.840000,37.540100,-1.120000,1.299900,1,0.000000,0.000000
39.860000,38.620000,40.330000,38.410000,-1.240000,1.920000,1,0.000000,0.000000
39.960000,39.990000,40.280000,39.530000,0.030000,0.750000,1,0.000000,0.000000
40.830000,40.310000,41.140000,39.869900,-0.520000,1.270100,-1,0.000000,0.000000
40.700000,40.710000,40.880000,40.324800,0.010000,0.555200,-1,0.000000,0.000000
40.010000,40.240000,40.460000,39.750000,0.230000,0.710000,-1,0.000000,0.000000
39.690000,40.300000,40.300000,39.670000,0.610000,0.630000,1,0.000000,0.000000
40.290000,39.860000,40.390000,39.700000,-0.430000,0.690000,1,0.000000,0.000000
40.490000,40.420000,40.660000,40.140000,-0.070000,0.520000,-1,0.000000,0.000000
40.070000,39.600000,40.495000,39.600000,-0.470000,0.895000,1,0.000000,0.000000
40.340000,39.380000,40.510000,39.380000,-0.960000,1.130000,1,0.000000,0.000000
41.060000,40.040000,41.230000,39.490000,-1.020000,1.740000,-1,0.000000,0.000000
40.970000,41.150000,41.190000,40.210000,0.180000,0.980000,-1,0.000000,0.000000
40.390000,40.910000,41.300000,40.360000,0.520000,0.940000,1,0.000000,0.000000
40.970000,40.290000,41.050000,40.270000,-0.680000,0.780000,-1,0.000000,0.000000
40.590000,40.870000,41.200000,40.160000,0.280000,1.040000,1,0.000000,0.000000
40.780000,41.300000,41.300000,40.440000,0.520000,0.860000,-1,0.000000,0.000000
40.440000,40.950000,40.950000,40.400000,0.510000,0.550000,-1,0.000000,0.000000
40.180000,40.320000,40.390000,39.860000,0.140000,0.530000,-1,0.000000,0.000000
39.880000,40.420000,40.420000,39.620000,0.540000,0.800000,-1,0.000000,0.000000
39.860000,40.130000,40.170000,39.590000,0.270000,0.580000,-1,0.000000,0.000000
39.190000,40.030000,40.110000,38.960000,0.840000,1.150000,1,0.000000,0.000000
39.530000,39.770000,39.800000,39.300000,0.240000,0.500000,-1,0.000000,0.000000
39.200000,39.390000,39.400000,38.750000,0.190000,0.650000,1,0.000000,0.000000
39.240000,39.460000,39.890000,39.230000,0.220000,0.660000,1,0.000000,0.000000
39.480000,39.240000,39.620000,39.160000,-0.240000,0.460000,1,0.000000,0.000000
39.830000,40.000000,40.180000,39.780000,0.170000,0.400000,1,0.000000,0.000000
40.240000,39.970000,40.470000,39.840000,-0.270000,0.630000,-1,0.000000,0.000000
40.090000,40.230000,40.290000,39.820000,0.140000,0.470000,1,0.000000,0.000000
44.150000,41.850000,44.240000,41.840000,-2.300000,2.400000,-1,0.000000,0.000000
43.870000,44.000000,44.520000,43.140000,0.130000,1.380000,-1,0.000000,0.000000
43.310000,43.660000,44.070000,43.000000,0.350000,1.070000,-1,0.000000,0.000000
42.330000,43.000000,43.210000,42.310000,0.670000,0.900000,-1,0.000000,0.000000
41.690000,42.550000,42.570000,41.621000,0.860000,0.949000,1,0.000000,0.000000
41.760000,41.980000,41.980000,41.070000,0.220000,0.910000,-1,0.000000,0.000000
41.660000,41.780000,42.000000,41.360000,0.120000,0.640000,-1,0.000000,0.000000
41.540000,41.680000,42.295000,41.290000,0.140000,1.005000,-1,0.000000,0.000000
41.350000,41.430000,41.570000,41.080000,0.080000,0.490000,-1,0.000000,0.000000
41.190000,41.320000,41.500000,40.920000,0.130000,0.580000,-1,0.000000,0.000000
40.900000,40.300000,41.485000,40.300000,-0.600000,1.185000,1,0.000000,0.000000
41.280000,41.520000,41.650000,41.060000,0.240000,0.590000,1,0.000000,0.000000
41.580000,41.420000,42.150000,41.090000,-0.160000,1.060000,-1,0.000000,0.000000
41.260000,40.600000,41.470000,40.580000,-0.660000,0.890000,-1,0.000000,0.000000
40.450000,41.900000,41.900000,39.580000,1.450000,2.320000,-1,0.000000,0.000000
40.080000,40.770000,40.770000,39.800000,0.690000,0.970000,-1,0.000000,0.000000
38.810000,40.400000,40.400000,38.450000,1.590000,1.950000,1,0.000000,0.000000
38.940000,39.040000,39.480000,38.900000,0.100000,0.580000,1,0.000000,0.000000
39.070000,39.050000,39.210000,38.710000,-0.020000,0.500000,1,0.000000,0.000000
39.880000,39.120000,40.055000,38.950000,-0.760000,1.105000,1,0.000000,0.000000
40.080000,40.080000,40.570000,39.910000,0.000000,0.660000,1,0.000000,0.000000
40.630000,40.120000,40.770000,40.115500,-0.510000,0.654500,-1,0.000000,0.000000
40.330000,40.990000,41.100000,39.950000,0.660000,1.150000,-1,0.000000,0.000000
40.050000,40.310000,40.430000,39.850000,0.260000,0.580000,1,0.000000,0.000000
40.260000,40.400000,40.560000,39.990000,0.140000,0.570000,-1,0.000000,0.000000
39.960000,40.260000,40.490000,39.925000,0.300000,0.565000,-1,0.000000,0.000000
39.890000,40.070000,40.360000,39.790000,0.180000,0.570000,-1,0.000000,0.000000
39.280000,40.100000,40.180000,39.180000,0.820000,1.000000,-1,0.000000,0.000000
38.340000,39.560000,39.680000,38.180000,1.220000,1.500000,1,0.000000,0.000000
38.620000,38.340000,38.750000,38.060000,-0.280000,0.690000,1,0.000000,0.000000
38.990000,38.850000,39.340000,38.650000,-0.140000,0.690000,-1,0.000000,0.000000
38.980000,39.230000,39.260000,38.710000,0.250000,0.550000,1,0.000000,0.000000
39.450000,39.080000,39.460000,38.800000,-0.370000,0.660000,1,0.000000,0.000000
39.610000,39.680000,40.000000,39.450000,0.070000,0.550000,1,0.000000,0.000000
39.650000,39.700000,39.790000,39.375000,0.050000,0.415000,-1,0.000000,0.000000
39.430000,39.600000,39.900000,39.350000,0.170000,0.550000,-1,0.000000,0.000000
39.430000,39.550000,39.745000,39.390000,0.120000,0.355000,1,0.000000,0.000000
39.550000,39.460000,39.890000,39.460000,-0.090000,0.430000,-1,0.000000,0.000000
39.540000,39.800000,40.290000,39.350000,0.260000,0.940000,-1,0.000000,0.000000
39.320000,39.900000,39.900000,39.120000,0.580000,0.780000,1,0.000000,0.000000
39.440000,39.400000,39.800000,39.110000,-0.040000,0.690000,1,0.000000,0.000000
39.740000,39.610000,39.740000,39.260000,-0.130000,0.480000,1,0.000000,0.000000
40.090000,39.840000,40.740000,39.820000,-0.250000,0.920000,-1,0.000000,0.000000
39.680000,40.040000,40.090000,39.540000,0.360000,0.550000,-1,0.000000,0.000000
39.580000,39.820000,39.870000,39.480000,0.240000,0.390000,1,0.000000,0.000000
39.720000,39.500000,40.080000,39.430000,-0.220000,0.650000,-1,0.000000,0.000000
39.570000,39.760000,40.030000,39.530000,0.190000,0.500000,1,0.000000,0.000000
39.960000,39.540000,40.170000,39.540000,-0.420000,0.630000,-1,0.000000,0.000000
39.470000,39.960000,40.070000,39.340000,0.490000,0.730000,1,0.000000,0.000000
40.250000,40.290000,40.980000,40.000000,0.040000,0.980000,1,0.000000,0.000000
41.000000,40.350000,41.030000,40.045000,-0.650000,0.985000,1,0.000000,0.000000
41.060000,41.430000,41.720000,41.039900,0.370000,0.680100,1,0.000000,0.000000
41.450000,41.240000,41.640000,40.790000,-0.210000,0.850000,-1,0.000000,0.000000
41.400000,41.490000,41.510000,41.110000,0.090000,0.400000,-1,0.000000,0.000000
41.080000,41.400000,41.550000,41.070000,0.320000,0.480000,1,0.000000,0.000000
41.280000,41.230000,41.380000,40.835000,-0.050000,0.545000,1,0.000000,0.000000
41.560000,41.280000,41.605200,40.920000,-0.280000,0.685200,1,0.000000,0.000000
41.600000,41.650000,41.840000,41.530000,0.050000,0.310000,-1,0.000000,0.000000
41.270000,41.600000,41.710000,41.200000,0.330000,0.510000,1,0.000000,0.000000
41.350000,41.410000,41.490000,41.110000,0.060000,0.380000,-1,0.000000,0.000000
41.270000,41.250000,41.680000,41.030000,-0.020000,0.650000,1,0.000000,0.000000
41.690000,41.390000,41.720000,41.300000,-0.300000,0.420000,-1,0.000000,0.000000
41.620000,41.860000,42.110000,41.250000,0.240000,0.860000,1,0.000000,0.000000
41.960000,41.950000,42.040000,41.530000,-0.010000,0.510000,-1,0.000000,0.000000
41.710000,42.360000,42.440000,41.660000,0.650000,0.780000,-1,0.000000,0.000000
41.500000,42.360000,42.500000,41.285000,0.860000,1.215000,-1,0.000000,0.000000
40.270000,41.000000,41.200000,39.920000,0.730000,1.280000,-1,0.000000,0.000000
39.860000,40.170000,40.270000,39.420000,0.310000,0.850000,-1,0.000000,0.000000
39.780000,39.700000,40.010000,39.450000,-0.080000,0.560000,-1,0.000000,0.000000
39.310000,39.960000,40.000000,39.110000,0.650000,0.890000,1,0.000000,0.000000
39.580000,39.400000,39.840000,39.020000,-0.180000,0.820000,1,0.000000,0.000000
39.590000,39.790000,39.930000,39.550000,0.200000,0.380000,1,0.000000,0.000000
39.740000,39.640000,39.830000,39.340000,-0.100000,0.490000,1,0.000000,0.000000
40.020000,40.010000,40.340000,39.700000,-0.010000,0.640000,1,0.000000,0.000000
40.880000,40.180000,40.990000,39.920000,-0.700000,1.070000,-1,0.000000,0.000000
40.830000,40.440000,40.995000,40.300000,-0.390000,0.695000,-1,0.000000,0.000000
40.580000,40.820000,40.860000,40.560000,0.240000,0.300000,1,0.000000,0.000000
41.170000,40.830000,41.300000,40.740000,-0.340000,0.560000,1,0.000000,0.000000
41.620000,41.180000,41.630000,40.940000,-0.440000,0.690000,1,0.000000,0.000000
41.870000,41.690000,41.930000,41.270000,-0.180000,0.660000,1,0.000000,0.000000
42.150000,41.870000,42.310000,41.700000,-0.280000,0.610000,-1,0.000000,0.000000
41.960000,41.920000,42.300000,41.800000,-0.040000,0.500000,1,0.000000,0.000000
42.430000,41.930000,42.560000,41.900000,-0.500000,0.660000,-1,0.000000,0.000000
42.420000,42.300000,42.530000,42.120000,-0.120000,0.410000,1,0.000000,0.000000
42.530000,42.370000,42.670000,42.160000,-0.160000,0.510000,1,0.000000,0.000000
43.070000,42.110000,43.070000,41.830000,-0.960000,1.240000,-1,0.000000,0.000000
42.640000,42.890000,42.890000,42.350000,0.250000,0.540000,-1,0.000000,0.000000
42.000000,42.490000,42.490000,41.990000,0.490000,0.500000,1,0.000000,0.000000
42.430000,42.310000,42.520000,41.990000,-0.120000,0.530000,1,0.000000,0.000000
42.770000,42.400000,42.860000,42.200000,-0.370000,0.660000,1,0.000000,0.000000
43.030000,42.700000,43.040000,42.580000,-0.330000,0.460000,-1,0.000000,0.000000
42.870000,42.980000,43.030000,42.630000,0.110000,0.400000,1,0.000000,0.000000
42.890000,42.800000,43.200000,42.710000,-0.090000,0.490000,-1,0.000000,0.000000
42.790000,42.840000,43.180000,42.720000,0.050000,0.460000,1,0.000000,0.000000
42.920000,42.660000,43.000000,42.450000,-0.260000,0.550000,1,0.000000,0.000000
42.990000,43.190000,43.280000,42.760000,0.200000,0.520000,-1,0.000000,0.000000
42.590000,42.870000,42.965000,42.450000,0.280000,0.515000,-1,0.000000,0.000000
42.100000,42.510000,42.640000,41.740000,0.410000,0.900000,1,0.000000,0.000000
42.390000,42.290000,42.570000,41.890000,-0.100000,0.680000,1,0.000000,0.000000
42.400000,42.500000,42.580000,42.140000,0.100000,0.440000,1,0.000000,0.000000
43.080000,42.570000,43.300000,42.370000,-0.510000,0.930000,1,0.000000,0.000000
43.160000,43.100000,43.320000,42.810000,-0.060000,0.510000,-1,0.000000,0.000000
42.640000,43.330000,43.400000,42.460000,0.690000,0.940000,1,0.000000,0.000000
43.190000,42.595000,43.240000,42.450000,-0.595000,0.790000,-1,0.000000,0.000000
43.140000,43.130000,43.610000,43.000000,-0.010000,0.610000,-1,0.000000,0.000000
43.130000,43.480000,43.495000,42.935000,0.350000,0.560000,-1,0.000000,0.000000
43.080000,42.690000,43.200000,42.580000,-0.390000,0.620000,1,0.000000,0.000000
43.150000,42.870000,43.250000,42.840000,-0.280000,0.410000,1,0.000000,0.000000
43.240000,43.150000,43.300000,42.960000,-0.090000,0.340000,1,0.000000,0.000000
43.540000,43.150000,43.800000,43.000000,-0.390000,0.800000,-1,0.000000,0.000000
43.020000,43.440000,43.480000,43.010000,0.420000,0.470000,-1,0.000000,0.000000
42.630000,43.200000,43.300000,42.510000,0.570000,0.790000,1,0.000000,0.000000
42.720000,42.740000,42.740000,42.260000,0.020000,0.480000,1,0.000000,0.000000
42.890000,42.830000,43.343000,42.740000,-0.060000,0.603000,1,0.000000,0.000000
42.900000,42.900000,43.000000,42.720000,0.000000,0.280000,1,0.000000,0.000000
43.040000,42.890000,43.175000,42.710000,-0.150000,0.465000,1,0.000000,0.000000
43.050000,43.070000,43.550000,43.010000,0.020000,0.540000,-1,0.000000,0.000000
42.690000,42.990000,43.090000,42.610000,0.300000,0.480000,-1,0.000000,0.000000
42.490000,42.100000,42.810000,42.060000,-0.390000,0.750000,1,0.000000,0.000000
42.550000,42.500000,42.890000,42.320000,-0.050000,0.570000,1,0.000000,0.000000
43.100000,42.600000,43.140000,42.600000,-0.500000,0.540000,-1,0.000000,0.000000
43.090000,43.200000,43.200000,42.860000,0.110000,0.340000,1,0.000000,0.000000
43.300000,43.030000,43.470000,42.900000,-0.270000,0.570000,1,0.000000,0.000000
43.690000,43.320000,43.800000,43.260000,-0.370000,0.540000,1,0.000000,0.000000
43.810000,43.860000,44.000000,43.600000,0.050000,0.400000,1,0.000000,0.000000
44.270000,44.090000,44.280000,43.950000,-0.180000,0.330000,1,0.000000,0.000000
44.710000,44.490000,45.010000,44.350000,-0.220000,0.660000,-1,0.000000,0.000000
44.410000,45.040000,45.040000,44.250000,0.630000,0.790000,1,0.000000,0.000000
47.150000,47.250000,48.100000,46.750000,0.100000,1.350000,1,0.000000,0.000000
47.720000,47.030000,47.755000,46.870000,-0.690000,0.885000,-1,0.000000,0.000000
47.540000,47.390000,47.713000,47.320000,-0.150000,0.393000,1,0.000000,0.000000
49.050000,47.410000,49.070000,47.400000,-1.640000,1.670000,-1,0.000000,0.000000
49.020000,49.160000,49.290000,48.625000,0.140000,0.665000,-1,0.000000,0.000000
48.910000,48.930000,49.380000,48.820000,0.020000,0.560000,1,0.000000,0.000000
49.300000,48.620000,49.440000,48.400000,-0.680000,1.040000,-1,0.000000,0.000000
49.170000,49.430000,49.450000,48.810000,0.260000,0.640000,1,0.000000,0.000000
49.220000,49.060000,49.370000,48.900000,-0.160000,0.470000,1,0.000000,0.000000
49.790000,49.180000,49.800000,49.015000,-0.610000,0.785000,-1,0.000000,0.000000
49.700000,49.630000,49.710000,49.110000,-0.070000,0.600000,-1,0.000000,0.000000
49.370000,49.580000,49.750000,49.240000,0.210000,0.510000,1,0.000000,0.000000
49.770000,49.310000,50.000000,49.250000,-0.460000,0.750000,1,0.000000,0.000000
50.340000,49.630000,50.350000,49.570000,-0.710000,0.780000,-1,0.000000,0.000000
49.050000,49.870000,50.100000,49.025000,0.820000,1.075000,1,0.000000,0.000000
49.110000,49.030000,49.580000,48.890000,-0.080000,0.690000,1,0.000000,0.000000
49.390000,49.150000,49.710000,49.060000,-0.240000,0.650000,1,0.000000,0.000000
49.770000,49.450000,49.880000,49.350000,-0.320000,0.530000,1,0.000000,0.000000
50.130000,49.900000,50.180000,49.770000,-0.230000,0.410000,1,0.000000,0.000000
51.050000,50.230000,51.080000,50.140000,-0.820000,0.940000,-1,0.000000,0.000000
50.930000,50.770000,51.130000,50.640000,-0.160000,0.490000,1,0.000000,0.000000
51.190000,51.040000,51.390000,50.890000,-0.150000,0.500000,-1,0.000000,0.000000
51.060000,50.960000,51.280000,50.860000,-0.100000,0.420000,1,0.000000,0.000000
52.210000,51.130000,52.240000,50.880000,-1.080000,1.360000,1,0.000000,0.000000
53.160000,52.480000,53.390000,52.475000,-0.680000,0.915000,1,0.000000,0.000000
53.520000,53.440000,53.640000,53.080000,-0.080000,0.560000,1,0.000000,0.000000
53.800000,53.770000,54.070000,53.590000,-0.030000,0.480000,-1,0.000000,0.000000
53.400000,53.750000,53.800000,53.160000,0.350000,0.640000,1,0.000000,0.000000
53.850000,53.300000,53.940000,53.260000,-0.550000,0.680000,1,0.000000,0.000000
54.390000,54.030000,54.430000,53.450000,-0.360000,0.980000,-1,0.000000,0.000000
53.400000,54.650000,55.140000,52.850000,1.250000,2.290000,-1,0.000000,0.000000
52.160000,52.810000,52.900000,51.430000,0.650000,1.470000,-1,0.000000,0.000000
52.060000,52.290000,52.485000,51.700000,0.230000,0.785000,-1,0.000000,0.000000
51.900000,52.000000,52.505000,51.535000,0.100000,0.970000,1,0.000000,0.000000
52.290000,51.440000,52.380000,50.830000,-0.850000,1.550000,-1,0.000000,0.000000
51.840000,52.040000,52.160000,51.580000,0.200000,0.580000,1,0.000000,0.000000
52.930000,52.280000,53.000000,52.110000,-0.650000,0.890000,-1,0.000000,0.000000
52.520000,52.840000,53.230000,52.430000,0.320000,0.800000,1,0.000000,0.000000
53.540000,52.990000,53.580000,52.610000,-0.550000,0.970000,1,0.000000,0.000000
53.870000,53.710000,53.951000,52.860000,-0.160000,1.091000,1,0.000000,0.000000
54.330000,53.820000,54.530000,53.690000,-0.510000,0.840000,-1,0.000000,0.000000
53.740000,54.440000,55.100000,53.650000,0.700000,1.450000,-1,0.000000,0.000000
52.730000,53.600000,53.790000,52.640000,0.870000,1.150000,1,0.000000,0.000000
54.390000,52.750000,54.440000,52.650000,-1.640000,1.790000,-1,0.000000,0.000000
53.420000,53.810000,54.100000,52.520000,0.390000,1.580000,1,0.000000,0.000000
53.670000,53.600000,54.250000,53.290000,-0.070000,0.960000,-1,0.000000,0.000000
52.870000,54.140000,54.330000,52.830000,1.270000,1.500000,1,0.000000,0.000000
54.610000,53.000000,54.750000,52.940000,-1.610000,1.810000,-1,0.000000,0.000000
53.470000,54.220000,54.350600,53.150000,0.750000,1.200600,1,0.000000,0.000000
53.970000,53.700000,54.480000,53.520000,-0.270000,0.960000,1,0.000000,0.000000
54.940000,54.910000,55.420000,54.700000,-0.030000,0.720000,-1,0.000000,0.000000
54.760000,54.920000,55.200000,54.330000,0.160000,0.870000,1,0.000000,0.000000
56.550000,56.600000,57.445000,55.550000,0.050000,1.895000,1,0.000000,0.000000
57.900000,57.300000,57.910000,56.800000,-0.600000,1.110000,-1,0.000000,0.000000
57.160000,58.140000,58.630000,56.915000,0.980000,1.715000,1,0.000000,0.000000
57.580000,57.530000,57.600000,57.020000,-0.050000,0.580000,1,0.000000,0.000000
58.960000,57.500000,58.960000,57.310000,-1.460000,1.650000,-1,0.000000,0.000000
58.350000,58.310000,58.620000,57.550000,-0.040000,1.070000,1,0.000000,0.000000
59.090000,58.750000,59.380000,58.430000,-0.340000,0.950000,-1,0.000000,0.000000
58.670000,59.000000,59.330000,58.590000,0.330000,0.740000,-1,0.000000,0.000000
58.580000,58.900000,59.070000,58.340000,0.320000,0.730000,-1,0.000000,0.000000
58.260000,58.730000,58.830000,58.190000,0.470000,0.640000,1,0.000000,0.000000
58.790000,58.480000,58.940000,57.900000,-0.310000,1.040000,1,0.000000,0.000000
60.150000,61.000000,61.300000,57.692000,0.850000,3.608000,-1,0.000000,0.000000
59.200000,59.800000,60.710000,59.040000,0.600000,1.670000,-1,0.000000,0.000000
58.550000,59.370000,59.640000,58.520000,0.820000,1.120000,1,0.000000,0.000000
59.340000,59.000000,59.390000,58.790000,-0.340000,0.600000,-1,0.000000,0.000000
59.120000,59.670000,59.710000,58.440000,0.550000,1.270000,-1,0.000000,0.000000
58.420000,59.160000,59.280000,58.360000,0.740000,0.920000,1,0.000000,0.000000
58.860000,58.620000,58.930000,58.320000,-0.240000,0.610000,1,0.000000,0.000000
59.620000,59.180000,59.640000,58.840000,-0.440000,0.800000,-1,0.000000,0.000000
59.480000,59.610000,59.880000,59.250000,0.130000,0.630000,1,0.000000,0.000000
59.670000,58.970000,59.730000,58.590000,-0.700000,1.140000,-1,0.000000,0.000000
58.020000,59.240000,59.370000,57.810000,1.220000,1.560000,1,0.000000,0.000000
58.040000,57.850000,58.250000,57.580000,-0.190000,0.670000,1,0.000000,0.000000
59.060000,58.610000,59.276300,58.271000,-0.450000,1.005300,1,0.000000,0.000000
59.690000,59.300000,59.980000,59.230000,-0.390000,0.750000,1,0.000000,0.000000
60.290000,59.950000,60.700000,59.600000,-0.340000,1.100000,-1,0.000000,0.000000
59.290000,60.150000,60.280000,59.290000,0.860000,0.990000,1,0.000000,0.000000
59.440000,59.360000,59.820000,58.940000,-0.080000,0.880000,-1,0.000000,0.000000
59.400000,59.330000,59.650000,58.755000,-0.070000,0.895000,1,0.000000,0.000000
60.840000,59.720000,61.000000,59.440000,-1.120000,1.560000,-1,0.000000,0.000000
60.050000,60.300000,60.510000,59.820000,0.250000,0.690000,-1,0.000000,0.000000
60.000000,60.220000,60.430000,59.110000,0.220000,1.320000,-1,0.000000,0.000000
59.970000,60.330000,60.580000,59.610000,0.360000,0.970000,1,0.000000,0.000000
60.530000,60.310000,60.530000,59.810000,-0.220000,0.720000,1,0.000000,0.000000
61.010000,59.820000,61.160000,59.630000,-1.190000,1.530000,1,0.000000,0.000000
61.770000,61.050000,61.860000,60.890000,-0.720000,0.970000,-1,0.000000,0.000000
61.680000,62.000000,62.029000,61.170000,0.320000,0.859000,-1,0.000000,0.000000
61.460000,61.980000,62.230000,61.383100,0.520000,0.846900,-1,0.000000,0.000000
61.270000,61.260000,61.750000,60.580000,-0.010000,1.170000,-1,0.000000,0.000000
61.240000,61.740000,61.990000,60.900000,0.500000,1.090000,1,0.000000,0.000000
62.000000,61.330000,62.130000,61.280000,-0.670000,0.850000,-1,0.000000,0.000000
61.130000,61.940000,62.000000,61.100000,0.810000,0.900000,1,0.000000,0.000000
62.640000,61.730000,63.260000,61.620000,-0.910000,1.640000,-1,0.000000,0.000000
62.560000,62.950000,63.120000,62.150000,0.390000,0.970000,-1,0.000000,0.000000
62.040000,62.470000,62.750000,61.580000,0.430000,1.170000,1,0.000000,0.000000
62.240000,62.040000,62.370000,61.710000,-0.200000,0.660000,1,0.000000,0.000000
62.500000,62.270000,62.800000,61.960000,-0.230000,0.840000,1,0.000000,0.000000
62.920000,62.620000,63.530000,62.520000,-0.300000,1.010000,1,0.000000,0.000000
63.830000,63.010000,63.925000,62.960000,-0.820000,0.965000,1,0.000000,0.000000
64.740000,63.990000,64.870000,63.830000,-0.750000,1.040000,-1,0.000000,0.000000
64.630000,64.670000,64.950000,63.905000,0.040000,1.045000,1,0.000000,0.000000
65.080000,64.330000,65.240000,64.110000,-0.750000,1.130000,-1,0.000000,0.000000
63.500000,65.000000,65.000000,62.365000,1.500000,2.635000,-1,0.000000,0.000000
62.940000,63.710000,63.762000,62.840000,0.770000,0.922000,1,0.000000,0.000000
63.330000,63.410000,63.750000,63.160000,0.080000,0.590000,1,0.000000,0.000000
63.930000,63.620000,64.055000,63.110000,-0.310000,0.945000,1,0.000000,0.000000
64.030000,63.860000,64.170000,63.500000,-0.170000,0.670000,1,0.000000,0.000000
64.180000,64.500000,65.120000,64.100000,0.320000,1.020000,1,0.000000,0.000000
64.220000,64.510000,64.510000,63.761000,0.290000,0.749000,-1,0.000000,0.000000
64.010000,64.300000,64.300000,63.690000,0.290000,0.610000,1,0.000000,0.000000
65.820000,64.380000,66.000000,64.220000,-1.440000,1.780000,1,0.000000,0.000000
66.050000,66.000000,66.410000,65.790000,-0.050000,0.620000,1,0.000000,0.000000
66.230000,66.200000,66.550000,65.900000,-0.030000,0.650000,-1,0.000000,0.000000
66.040000,66.600000,66.670000,65.790000,0.560000,0.880000,1,0.000000,0.000000
67.780000,67.250000,68.420000,66.980000,-0.530000,1.440000,1,0.000000,0.000000
68.860000,68.020000,68.980000,67.805000,-0.840000,1.175000,-1,0.000000,0.000000
68.660000,69.490000,69.610000,68.000000,0.830000,1.610000,-1,0.000000,0.000000
67.310000,69.040000,69.200000,67.280000,1.730000,1.920000,-1,0.000000,0.000000
66.670000,67.650000,67.670000,66.350000,0.980000,1.320000,1,0.000000,0.000000
67.260000,67.400000,67.500000,67.000000,0.140000,0.500000,-1,0.000000,0.000000
67.250000,67.300000,67.450000,66.160000,0.050000,1.290000,1,0.000000,0.000000
70.970000,71.330000,71.730000,69.690000,0.360000,2.040000,-1,0.000000,0.000000
69.800000,71.020000,71.330000,69.550000,1.220000,1.780000,1,0.000000,0.000000
70.210000,69.730000,70.565000,69.670000,-0.480000,0.895000,1,0.000000,0.000000
71.020000,69.940000,71.420000,69.850000,-1.080000,1.570000,1,0.000000,0.000000
71.340000,71.460000,72.070000,71.040000,0.120000,1.030000,-1,0.000000,0.000000
71.060000,71.720000,71.790000,70.580000,0.660000,1.210000,1,0.000000,0.000000
71.150000,71.450000,71.540000,70.530000,0.300000,1.010000,1,0.000000,0.000000
72.560000,71.340000,72.740000,71.110000,-1.220000,1.630000,-1,0.000000,0.000000
72.380000,72.780000,72.990000,71.690000,0.400000,1.300000,-1,0.000000,0.000000
72.250000,72.460000,72.776000,72.010000,0.210000,0.766000,1,0.000000,0.000000
73.390000,72.370000,73.410000,71.940000,-1.020000,1.470000,1,0.000000,0.000000
74.740000,73.720000,74.760000,73.420000,-1.020000,1.340000,-1,0.000000,0.000000
74.410000,75.170000,75.450000,74.190000,0.760000,1.260000,1,0.000000,0.000000
74.770000,74.000000,75.000000,73.310000,-0.770000,1.690000,-1,0.000000,0.000000
74.100000,74.020000,74.200000,72.410000,-0.080000,1.790000,-1,0.000000,0.000000
73.990000,73.770000,74.140000,73.560000,-0.220000,0.580000,1,0.000000,0.000000
74.030000,73.610000,74.290000,73.340000,-0.420000,0.950000,1,0.000000,0.000000
74.490000,74.100000,74.820000,73.620000,-0.390000,1.200000,-1,0.000000,0.000000
73.430000,74.300000,74.400000,73.185000,0.870000,1.215000,1,0.000000,0.000000
77.700000,75.500000,77.940000,75.280000,-2.200000,2.660000,-1,0.000000,0.000000
76.380000,78.010000,78.010000,75.800000,1.630000,2.210000,-1,0.000000,0.000000
76.010000,76.600000,77.320000,75.880000,0.590000,1.440000,1,0.000000,0.000000
77.770000,77.090000,78.430000,76.850000,-0.680000,1.580000,-1,0.000000,0.000000
77.570000,77.900000,77.990000,76.620000,0.330000,1.370000,1,0.000000,0.000000
78.570000,77.810000,78.900000,77.700000,-0.760000,1.200000,-1,0.000000,0.000000
77.840000,78.630000,79.385000,77.710000,0.790000,1.675000,-1,0.000000,0.000000
77.790000,77.950000,78.230000,77.243500,0.160000,0.986500,-1,0.000000,0.000000
73.250000,77.950000,77.980000,71.670000,4.700000,6.310000,1,0.000000,0.000000
75.730000,73.770000,75.870000,73.540000,-1.960000,2.330000,-1,0.000000,0.000000
75.300000,75.220000,76.440000,74.260000,-0.080000,2.180000,-1,0.000000,0.000000
70.970000,75.590000,75.743900,68.610000,4.620000,7.133900,1,0.000000,0.000000
71.200000,69.810000,72.750000,69.610000,-1.390000,3.140000,1,0.000000,0.000000
73.140000,70.890000,73.200000,70.830000,-2.250000,2.370000,1,0.000000,0.000000
73.690000,73.250000,74.069000,73.250000,-0.440000,0.819000,-1,0.000000,0.000000
72.910000,74.710000,74.710000,72.600000,1.800000,2.110000,1,0.000000,0.000000
73.290000,72.960000,73.680000,72.560000,-0.330000,1.120000,1,0.000000,0.000000
73.620000,73.450000,74.310000,73.000000,-0.170000,1.310000,1,0.000000,0.000000
74.090000,74.080000,75.420000,73.770000,-0.010000,1.650000,1,0.000000,0.000000
74.260000,74.500000,75.530000,74.200000,0.240000,1.330000,1,0.000000,0.000000
75.650000,74.820000,75.870000,73.510000,-0.830000,2.360000,-1,0.000000,0.000000
75.320000,76.300000,76.350000,75.200000,0.980000,1.150000,-1,0.000000,0.000000
74.500000,75.390000,75.390000,73.910000,0.890000,1.480000,-1,0.000000,0.000000
74.000000,74.640000,74.900000,73.760000,0.640000,1.140000,1,0.000000,0.000000
74.020000,74.190000,74.470000,73.800000,0.170000,0.670000,-1,0.000000,0.000000
73.890000,73.800000,74.040000,72.900000,-0.090000,1.140000,1,0.000000,0.000000
74.270000,73.290000,74.340000,72.630000,-0.980000,1.710000,1,0.000000,0.000000
74.590000,74.250000,74.930000,74.000000,-0.340000,0.930000,-1,0.000000,0.000000
74.170000,74.960000,75.000000,73.860000,0.790000,1.140000,-1,0.000000,0.000000
73.620000,73.920000,74.530000,73.580000,0.300000,0.950000,1,0.000000,0.000000
73.840000,74.235000,74.500000,73.430000,0.395000,1.070000,1,0.000000,0.000000
76.750000,74.300000,76.849900,74.050000,-2.450000,2.799900,-1,0.000000,0.000000
76.730000,77.330000,77.928700,76.259900,0.600000,1.668800,1,0.000000,0.000000
78.700000,77.110000,78.930000,77.010000,-1.590000,1.920000,1,0.000000,0.000000
79.050000,78.700000,79.180000,77.773000,-0.350000,1.407000,1,0.000000,0.000000
79.190000,80.100000,80.390000,78.520000,0.910000,1.870000,1,0.000000,0.000000
79.370000,78.500000,79.485000,77.700000,-0.870000,1.785000,1,0.000000,0.000000
79.750000,79.450000,79.870000,78.910000,-0.300000,0.960000,1,0.000000,0.000000
80.540000,80.000000,80.770000,79.660000,-0.540000,1.110000,-1,0.000000,0.000000
80.420000,80.950000,81.800000,79.940000,0.530000,1.860000,1,0.000000,0.000000
82.470000,80.400000,82.610000,79.960000,-2.070000,2.650000,1,0.000000,0.000000
82.940000,82.430000,83.440000,81.610000,-0.510000,1.830000,1,0.000000,0.000000
83.840000,83.230000,84.190000,83.128300,-0.610000,1.061700,1,0.000000,0.000000
83.980000,84.000000,84.210000,83.220000,0.020000,0.990000,1,0.000000,0.000000
84.210000,84.120000,84.550000,83.450000,-0.090000,1.100000,-1,0.000000,0.000000
83.710000,84.520000,85.290000,82.710000,0.810000,2.580000,1,0.000000,0.000000
84.340000,84.000000,85.270000,83.710000,-0.340000,1.560000,1,0.000000,0.000000
85.450000,84.460000,85.490000,84.040000,-0.990000,1.450000,-1,0.000000,0.000000
84.310000,85.200000,85.350000,83.620000,0.890000,1.730000,-1,0.000000,0.000000
83.780000,83.000000,84.170000,82.000000,-0.780000,2.170000,1,0.000000,0.000000
85.320000,84.180000,86.320000,84.160000,-1.140000,2.160000,-1,0.000000,0.000000
78.400000,79.950000,80.950000,76.700000,1.550000,4.250000,-1,0.000000,0.000000
76.570000,78.100000,79.620000,76.280000,1.530000,3.340000,-1,0.000000,0.000000
74.705000,75.950000,78.980000,74.680000,1.245000,4.300000,1,0.000000,0.000000
75.680000,72.630000,76.515000,72.250000,-3.050000,4.265000,-1,0.000000,0.000000
75.590000,75.350000,77.580000,74.940000,-0.240000,2.640000,-1,0.000000,0.000000
72.320000,75.630000,75.910000,72.270000,3.310000,3.640000,1,0.000000,0.000000
74.750000,73.140000,75.270000,71.630000,-1.610000,3.640000,1,0.000000,0.000000
75.280000,75.490000,76.280000,74.852000,0.210000,1.428000,-1,0.000000,0.000000
74.970000,74.810000,75.600000,74.550000,-0.160000,1.050000,1,0.000000,0.000000
77.270000,74.180000,77.360000,74.130000,-3.090000,3.230000,1,0.000000,0.000000
78.295000,78.010000,78.300000,76.580000,-0.285000,1.720000,1,0.000000,0.000000
78.370000,78.200000,78.750000,77.530000,-0.170000,1.220000,-1,0.000000,0.000000
77.060000,77.700000,78.540000,76.660000,0.640000,1.880000,-1,0.000000,0.000000
76.510000,77.200000,78.496000,76.465000,0.690000,2.031000,1,0.000000,0.000000
77.700000,76.800000,78.370000,76.770000,-0.900000,1.600000,1,0.000000,0.000000
79.690000,78.260000,79.700000,77.391000,-1.430000,2.309000,-1,0.000000,0.000000
79.350000,80.000000,80.050000,78.980000,0.650000,1.070000,1,0.000000,0.000000
79.460000,79.110000,79.929000,78.610000,-0.350000,1.319000,-1,0.000000,0.000000
79.410000,79.900000,82.170000,79.390000,0.490000,2.780000,-1,0.000000,0.000000
78.640000,79.600000,80.440000,77.880000,0.960000,2.560000,1,0.000000,0.000000
78.870000,77.520000,79.110000,76.930000,-1.350000,2.180000,1,0.000000,0.000000
79.070000,78.070000,79.420000,77.090000,-1.000000,2.330000,1,0.000000,0.000000
79.230000,79.330000,79.950000,78.850000,0.100000,1.100000,1,0.000000,0.000000
79.520000,78.650000,79.555000,78.010000,-0.870000,1.545000,1,0.000000,0.000000
79.870000,79.850000,80.490000,79.530000,-0.020000,0.960000,1,0.000000,0.000000
80.710000,80.260000,80.850000,80.110000,-0.450000,0.740000,-1,0.000000,0.000000
80.600000,80.750000,81.170000,80.350000,0.150000,0.820000,-1,0.000000,0.000000
80.200000,80.690000,80.990000,79.270000,0.490000,1.720000,1,0.000000,0.000000
83.310000,80.740000,83.500000,80.640000,-2.570000,2.860000,-1,0.000000,0.000000
82.570000,83.750000,83.990000,81.570000,1.180000,2.420000,-1,0.000000,0.000000
82.160000,82.800000,83.230000,81.270000,0.640000,1.960000,-1,0.000000,0.000000
80.300000,80.890000,81.440000,79.110000,0.590000,2.330000,1,0.000000,0.000000
80.860000,80.180000,81.190000,80.053500,-0.680000,1.136500,1,0.000000,0.000000
81.040000,80.940000,82.350000,80.510000,-0.100000,1.840000,-1,0.000000,0.000000
78.560000,79.810000,80.120000,78.460000,1.250000,1.660000,-1,0.000000,0.000000
76.440000,78.500000,79.060000,76.350000,2.060000,2.710000,1,0.000000,0.000000
78.950000,77.980000,79.170000,77.030100,-0.970000,2.139900,-1,0.000000,0.000000
76.310000,79.590000,79.900000,75.650000,3.280000,4.250000,-1,0.000000,0.000000
75.060000,75.700000,76.750000,74.740000,0.640000,2.010000,1,0.000000,0.000000
75.870000,75.310000,77.200000,74.550000,-0.560000,2.650000,-1,0.000000,0.000000
75.000000,75.230000,76.300100,74.010000,0.230000,2.290100,-1,0.000000,0.000000
74.560000,75.280000,75.410000,73.350000,0.720000,2.060000,1,0.000000,0.000000
74.780000,73.000000,75.060000,72.520000,-1.780000,2.540000,1,0.000000,0.000000
76.950000,75.590000,77.820000,75.480000,-1.360000,2.340000,-1,0.000000,0.000000
73.860000,75.520000,76.400000,73.700000,1.660000,2.700000,1,0.000000,0.000000
75.190000,74.600000,76.880000,74.600000,-0.590000,2.280000,1,0.000000,0.000000
76.790000,76.510000,77.310000,75.800300,-0.280000,1.509700,-1,0.000000,0.000000
76.500000,76.200000,77.400000,76.080000,-0.300000,1.320000,1,0.000000,0.000000
77.460000,76.800000,77.990000,76.610000,-0.660000,1.380000,-1,0.000000,0.000000
77.270000,78.000000,78.630000,76.830000,0.730000,1.800000,1,0.000000,0.000000
77.800000,77.880000,78.500000,77.190000,0.080000,1.310000,1,0.000000,0.000000
80.030000,78.550000,80.430000,78.500000,-1.480000,1.930000,1,0.000000,0.000000
80.340000,80.100000,80.890000,79.320000,-0.240000,1.570000,-1,0.000000,0.000000
79.680000,80.200000,80.390000,79.190000,0.520000,1.200000,-1,0.000000,0.000000
78.730000,79.220000,79.870000,78.300000,0.490000,1.570000,-1,0.000000,0.000000
78.210000,78.860000,79.450000,77.990000,0.650000,1.460000,-1,0.000000,0.000000
75.280000,78.900000,79.400000,75.080000,3.620000,4.320000,-1,0.000000,0.000000
74.000000,75.390000,75.575000,73.700000,1.390000,1.875000,1,0.000000,0.000000
76.030000,76.320000,77.620000,75.490000,0.290000,2.130000,-1,0.000000,0.000000
74.130000,76.210000,76.390000,73.635000,2.080000,2.755000,1,0.000000,0.000000
74.610000,74.000000,75.019000,73.690000,-0.610000,1.329000,1,0.000000,0.000000
74.810000,74.150000,74.990000,73.600000,-0.660000,1.390000,-1,0.000000,0.000000
71.730000,75.000000,75.710000,71.210000,3.270000,4.500000,1,0.000000,0.000000
73.450000,71.300000,73.770000,70.220000,-2.150000,3.550000,1,0.000000,0.000000
73.990000,73.190000,74.440000,72.230000,-0.800000,2.210000,1,0.000000,0.000000
74.670000,74.220000,75.120000,74.100000,-0.450000,1.020000,1,0.000000,0.000000
75.720000,74.620000,75.940000,74.440000,-1.100000,1.500000,1,0.000000,0.000000
77.010000,76.080000,77.050000,75.460000,-0.930000,1.590000,1,0.000000,0.000000
79.190000,77.390000,79.255000,77.250000,-1.800000,2.005000,1,0.000000,0.000000
79.200000,79.250000,79.390000,78.080000,0.050000,1.310000,-1,0.000000,0.000000
78.810000,79.140000,79.650000,78.440200,0.330000,1.209800,-1,0.000000,0.000000
77.790000,77.850000,78.200000,76.930000,0.060000,1.270000,1,0.000000,0.000000
77.820000,77.500000,78.540000,77.280100,-0.320000,1.259900,1,0.000000,0.000000
79.190000,77.630000,81.160000,77.590000,-1.560000,3.570000,1,0.000000,0.000000
80.790000,79.900000,81.940000,79.824700,-0.890000,2.115300,1,0.000000,0.000000
81.250000,81.610000,82.320000,80.370000,0.360000,1.950000,-1,0.000000,0.000000
80.620000,81.390000,81.610000,80.280000,0.770000,1.330000,1,0.000000,0.000000
81.080000,79.660000,81.120000,79.405000,-1.420000,1.715000,1,0.000000,0.000000
81.550000,80.910000,83.060000,79.660000,-0.640000,3.400000,-1,0.000000,0.000000
80.960000,82.650000,82.720000,80.490000,1.690000,2.230000,-1,0.000000,0.000000
80.730000,80.710000,81.340000,80.200000,-0.020000,1.140000,1,0.000000,0.000000
81.600000,81.161300,82.060000,80.900000,-0.438700,1.160000,1,0.000000,0.000000
82.070000,81.810000,82.830000,81.550000,-0.260000,1.280000,1,0.000000,0.000000
83.250000,82.549700,83.460000,81.850000,-0.700300,1.610000,1,0.000000,0.000000
84.570000,83.230000,84.800000,82.770000,-1.340000,2.030000,1,0.000000,0.000000
85.050000,84.500000,85.200000,84.010000,-0.550000,1.190000,1,0.000000,0.000000
85.210000,85.050000,85.610000,84.500000,-0.160000,1.110000,-1,0.000000,0.000000
83.270000,85.210000,85.300000,82.310000,1.940000,2.990000,1,0.000000,0.000000
84.340000,83.230000,84.490000,83.150000,-1.110000,1.340000,-1,0.000000,0.000000
83.890000,84.450000,84.590000,83.790000,0.560000,0.800000,1,0.000000,0.000000
85.020000,83.930000,86.200000,83.875000,-1.090000,2.325000,1,0.000000,0.000000
85.270000,85.500000,86.000000,84.680000,0.230000,1.320000,1,0.000000,0.000000
85.610000,85.500000,86.295000,85.210000,-0.110000,1.085000,-1,0.000000,0.000000
85.310000,85.330000,85.690000,84.100000,0.020000,1.590000,1,0.000000,0.000000
85.850000,84.840000,86.200000,84.440000,-1.010000,1.760000,-1,0.000000,0.000000
84.520000,84.640000,84.960000,83.430000,0.120000,1.530000,1,0.000000,0.000000
85.950000,84.860000,86.970000,84.820000,-1.090000,2.150000,1,0.000000,0.000000
85.970000,86.500000,87.550000,85.450000,0.530000,2.100000,-1,0.000000,0.000000
85.120000,86.320000,86.560000,84.610000,1.200000,1.950000,-1,0.000000,0.000000
82.190000,84.080000,84.470000,81.210000,1.890000,3.260000,1,0.000000,0.000000
82.320000,82.680000,83.210000,81.770000,0.360000,1.440000,-1,0.000000,0.000000
80.670000,82.550000,82.970000,80.453300,1.880000,2.516700,1,0.000000,0.000000
82.480000,80.390000,82.830000,80.160000,-2.090000,2.670000,1,0.000000,0.000000
83.270000,82.750000,83.660000,82.610000,-0.520000,1.050000,1,0.000000,0.000000
83.890000,82.750000,83.960000,82.062100,-1.140000,1.897900,-1,0.000000,0.000000
83.270000,84.360000,84.900000,83.150000,1.090000,1.750000,1,0.000000,0.000000
84.590000,83.640000,84.640000,83.300000,-0.950000,1.340000,1,0.000000,0.000000
85.940000,84.410000,86.000000,83.940000,-1.530000,2.060000,1,0.000000,0.000000
86.230000,86.600000,86.900000,85.347600,0.370000,1.552400,-1,0.000000,0.000000
86.170000,86.720000,86.720000,85.770000,0.550000,0.950000,1,0.000000,0.000000
86.250000,85.470000,86.860000,85.070000,-0.780000,1.790000,1,0.000000,0.000000
89.130000,87.200000,89.190000,86.800000,-1.930000,2.390000,-1,0.000000,0.000000
87.990000,89.000000,89.100000,86.830000,1.010000,2.270000,-1,0.000000,0.000000
87.770000,88.260000,88.341300,87.480000,0.490000,0.861300,1,0.000000,0.000000
88.580000,87.250000,88.720000,86.590000,-1.330000,2.130000,-1,0.000000,0.000000
88.220000,88.700000,88.930000,87.680000,0.480000,1.250000,-1,0.000000,0.000000
87.380000,88.000000,88.590000,87.160000,0.620000,1.430000,1,0.000000,0.000000
87.470000,87.320000,88.000000,87.140000,-0.150000,0.860000,1,0.000000,0.000000
89.240000,87.140000,89.600000,85.820000,-2.100000,3.780000,1,0.000000,0.000000
91.410000,90.600000,92.350000,90.413300,-0.810000,1.936700,-1,0.000000,0.000000
91.370000,91.130000,92.350000,91.010000,-0.240000,1.340000,-1,0.000000,0.000000
89.140000,88.510000,90.680000,87.250000,-0.630000,3.430000,-1,0.000000,0.000000
85.460000,89.500000,90.280000,84.750000,4.040000,5.530000,-1,0.000000,0.000000
82.390000,85.500000,85.500000,81.850000,3.110000,3.650000,-1,0.000000,0.000000
82.140000,82.510000,83.320000,81.300000,0.370000,2.020000,1,0.000000,0.000000
83.460000,82.240000,83.980000,82.009700,-1.220000,1.970300,1,0.000000,0.000000
85.530000,82.950000,85.590000,82.850000,-2.580000,2.740000,-1,0.000000,0.000000
85.190000,85.990000,86.200000,84.150000,0.800000,2.050000,1,0.000000,0.000000
85.770000,85.190000,86.100000,84.900000,-0.580000,1.200000,1,0.000000,0.000000
86.300000,86.300000,86.990000,85.950000,0.000000,1.040000,1,0.000000,0.000000
86.740000,86.230000,87.095000,85.860000,-0.510000,1.235000,1,0.000000,0.000000
87.170000,86.910000,88.090000,86.480000,-0.260000,1.610000,-1,0.000000,0.000000
87.010000,86.550000,88.030000,86.010000,-0.460000,2.020000,-1,0.000000,0.000000
87.010000,87.420000,88.500000,86.960000,0.410000,1.540000,1,0.000000,0.000000
87.730000,87.370000,87.830000,86.480000,-0.360000,1.350000,-1,0.000000,0.000000
85.190000,86.780000,87.250000,84.610000,1.590000,2.640000,1,0.000000,0.000000
85.320000,85.850000,85.900000,84.870000,0.530000,1.030000,1,0.000000,0.000000
85.450000,85.100000,85.770000,84.220000,-0.350000,1.550000,1,0.000000,0.000000
85.750000,85.740000,86.000000,84.900000,-0.010000,1.100000,1,0.000000,0.000000
86.220000,85.820000,87.380000,85.820000,-0.400000,1.560000,1,0.000000,0.000000
86.950000,86.000000,87.160000,85.630000,-0.950000,1.530000,1,0.000000,0.000000
87.380000,86.720000,88.175000,86.670000,-0.660000,1.505000,1,0.000000,0.000000
90.100000,87.950000,90.130000,87.950000,-2.150000,2.180000,-1,0.000000,0.000000
89.970000,90.680000,91.320000,89.780000,0.710000,1.540000,1,0.000000,0.000000
90.610000,90.100000,90.850000,89.680000,-0.510000,1.170000,1,0.000000,0.000000
92.620000,90.780000,92.940000,90.780000,-1.840000,2.160000,-1,0.000000,0.000000
92.090000,92.290000,93.010000,91.710000,0.200000,1.300000,1,0.000000,0.000000
92.330000,91.840000,92.740000,91.800000,-0.490000,0.940000,1,0.000000,0.000000
93.070000,91.940000,93.440000,91.620000,-1.130000,1.820000,-1,0.000000,0.000000
89.050000,92.980000,93.000000,88.700000,3.930000,4.300000,-1,0.000000,0.000000
89.000000,89.180000,89.555000,88.060000,0.180000,1.495000,-1,0.000000,0.000000
88.820000,88.130000,89.680000,87.390000,-0.690000,2.290000,1,0.000000,0.000000
89.800000,89.430000,89.990000,88.560000,-0.370000,1.430000,1,0.000000,0.000000
91.430000,89.830000,91.710000,89.035000,-1.600000,2.675000,1,0.000000,0.000000
92.400000,91.530000,92.460000,90.210000,-0.870000,2.250000,-1,0.000000,0.000000
92.190000,92.600000,93.700000,92.060000,0.410000,1.640000,-1,0.000000,0.000000
90.780000,92.250000,92.680000,90.680000,1.470000,2.000000,-1,0.000000,0.000000
88.680000,90.660000,91.300000,88.510000,1.980000,2.790000,1,0.000000,0.000000
89.720000,88.710000,90.090000,88.710000,-1.010000,1.380000,-1,0.000000,0.000000
89.310000,90.100000,90.739900,88.238200,0.790000,2.501700,1,0.000000,0.000000
90.600000,89.840000,90.780000,89.185000,-0.760000,1.595000,1,0.000000,0.000000
90.620000,91.050000,92.000000,90.420000,0.430000,1.580000,-1,0.000000,0.000000
89.620000,89.950000,90.260000,88.260000,0.330000,2.000000,1,0.000000,0.000000
90.040000,89.620000,90.380000,89.274800,-0.420000,1.105200,-1,0.000000,0.000000
89.850000,90.340000,90.930000,89.700000,0.490000,1.230000,-1,0.000000,0.000000
88.990000,90.610000,90.700000,88.860000,1.620000,1.840000,-1,0.000000,0.000000
87.840000,88.790000,89.045000,87.600000,0.950000,1.445000,-1,0.000000,0.000000
87.550000,88.130000,88.800000,87.400000,0.580000,1.400000,-1,0.000000,0.000000
86.680000,87.270000,87.350000,85.830000,0.590000,1.520000,1,0.000000,0.000000
87.150000,87.400000,87.950000,86.370000,0.250000,1.580000,-1,0.000000,0.000000
84.340000,86.390000,86.500000,83.540000,2.050000,2.960000,-1,0.000000,0.000000
83.180000,84.210000,84.840000,82.320000,1.030000,2.520000,-1,0.000000,0.000000
80.550000,82.620000,82.890000,78.650000,2.070000,4.240000,-1,0.000000,0.000000
80.030000,80.650000,81.840000,79.440000,0.620000,2.400000,-1,0.000000,0.000000
75.450000,79.610000,79.910000,75.320000,4.160000,4.590000,1,0.000000,0.000000
75.900000,76.810000,77.785000,74.660000,0.910000,3.125000,1,0.000000,0.000000
79.030000,79.120000,79.600000,77.790000,0.090000,1.810000,-1,0.000000,0.000000
77.230000,78.880000,79.140000,77.220000,1.650000,1.920000,1,0.000000,0.000000
80.610000,78.850000,80.910000,78.460000,-1.760000,2.450000,-1,0.000000,0.000000
80.090000,81.190000,81.390000,79.500000,1.100000,1.890000,-1,0.000000,0.000000
77.480000,80.170000,80.440000,77.360000,2.690000,3.080000,1,0.000000,0.000000
84.780000,83.750000,86.170000,82.920000,-1.030000,3.250000,1,0.000000,0.000000
85.430000,84.860000,86.230000,83.571100,-0.570000,2.658900,1,0.000000,0.000000
87.570000,83.200000,87.800000,82.990000,-4.370000,4.810000,-1,0.000000,0.000000
83.090000,87.040000,87.690000,83.010000,3.950000,4.680000,1,0.000000,0.000000
85.960000,84.240000,86.510000,83.560000,-1.720000,2.950000,-1,0.000000,0.000000
83.370000,83.220000,85.660000,82.180000,-0.150000,3.480000,-1,0.000000,0.000000
81.150000,84.740000,85.240000,78.990000,3.590000,6.250000,-1,0.000000,0.000000
80.900000,80.330000,81.960000,79.420000,-0.570000,2.540000,1,0.000000,0.000000
84.190000,82.370000,85.350000,82.300000,-1.820000,3.050000,1,0.000000,0.000000
85.040000,84.180000,85.150000,83.570000,-0.860000,1.580000,-1,0.000000,0.000000
83.510000,85.460000,86.104000,82.650000,1.950000,3.454000,1,0.000000,0.000000
84.050000,83.330000,84.250000,82.250000,-0.720000,2.000000,1,0.000000,0.000000
84.690000,84.100000,85.310000,83.720000,-0.590000,1.590000,1,0.000000,0.000000
88.230000,85.860000,88.490000,85.730000,-2.370000,2.760000,1,0.000000,0.000000
89.040000,87.700000,89.060000,87.680000,-1.340000,1.380000,-1,0.000000,0.000000
86.760000,88.450000,88.450000,85.550000,1.690000,2.900000,-1,0.000000,0.000000
83.780000,86.170000,86.650000,83.300000,2.390000,3.350000,-1,0.000000,0.000000
83.780000,84.120000,85.229000,83.160000,0.340000,2.069000,1,0.000000,0.000000
84.050000,84.980000,85.140000,83.070000,0.930000,2.070000,1,0.000000,0.000000
86.740000,83.790000,87.090000,83.600000,-2.950000,3.490000,-1,0.000000,0.000000
85.060000,86.000000,86.720000,84.830000,0.940000,1.890000,-1,0.000000,0.000000
80.130000,84.770000,85.190000,79.900000,4.640000,5.290000,-1,0.000000,0.000000
77.760000,77.000000,79.080000,75.470000,-0.760000,3.610000,1,0.000000,0.000000
79.120000,79.090000,79.890000,77.635000,-0.030000,2.255000,-1,0.000000,0.000000
