2899.879900,2903.110100,2904.360100,2899.230000,3.230200,5.130100,2
2900.030000,2900.659900,2901.220000,2898.360100,0.629900,2.859900,1
2899.570100,2900.419900,2900.419900,2897.470000,0.849800,2.949900,1
2898.840100,2898.800000,2900.129900,2897.750000,-0.040100,2.379900,1
2898.300000,2898.629900,2899.320100,2897.669900,0.329900,1.650200,1
2893.830100,2898.100100,2898.840100,2893.280000,4.270000,5.560100,2
2897.350100,2893.840100,2897.350100,2893.840100,-3.510000,3.510000,1
2896.399900,2898.129900,2898.129900,2896.020000,1.730000,2.109900,2
2897.060100,2896.460000,2897.770000,2896.409900,-0.600100,1.360100,2
2897.340100,2896.939900,2898.080100,2895.850100,-0.400200,2.230000,1
2896.980000,2897.740000,2897.960000,2896.710000,0.760000,1.250000,2
2898.300000,2896.919900,2899.320100,2896.540000,-1.380100,2.780100,1
2897.350100,2898.429900,2898.560100,2896.649900,1.079800,1.910200,1
2897.230000,2897.350100,2898.770000,2894.679900,0.120100,4.090100,1
2894.840100,2897.070100,2897.780000,2894.840100,2.230000,2.939900,1
2894.040000,2894.790000,2895.200000,2893.790000,0.750000,1.410000,1
2893.200000,2893.939900,2893.939900,2891.710000,0.739900,2.229900,2
2895.399900,2893.610100,2896.800000,2893.010000,-1.789800,3.790000,2
2896.070100,2895.250000,2896.139900,2894.669900,-0.820100,1.470000,1
2895.590100,2895.850100,2896.560100,2895.230000,0.260000,1.330100,1
2895.330100,2895.610100,2896.139900,2895.100100,0.280000,1.039800,1
2891.689900,2895.389900,2895.389900,2891.379900,3.700000,4.010000,1
2891.409900,2892.470000,2893.210000,2890.950000,1.060100,2.260000,1
2889.060100,2891.409900,2891.639900,2887.990000,2.349800,3.649900,1
2888.040000,2889.220000,2889.850100,2886.350100,1.180000,3.500000,2
2889.000000,2888.909900,2889.840100,2886.179900,-0.090100,3.660200,2
2899.040000,2891.530000,2899.490000,2891.530000,-7.510000,7.960000,1
2898.010000,2899.520000,2900.750000,2897.470000,1.510000,3.280000,2
2899.330100,2897.830100,2899.330100,2895.439900,-1.500000,3.890200,2
2901.110100,2899.960000,2901.840100,2899.960000,-1.150100,1.880100,2
2902.240000,2901.230000,2902.560100,2898.879900,-1.010000,3.680200,2
2903.800000,2901.899900,2903.800000,2901.220000,-1.900100,2.580000,2
2905.090100,2904.790000,2905.090100,2902.070100,-0.300100,3.020000,2
2906.470000,2904.950000,2906.470000,2904.919900,-1.520000,1.550100,2
2907.250000,2906.520000,2907.450000,2905.520000,-0.730000,1.930000,1
2907.250000,2907.530000,2907.800000,2906.360100,0.280000,1.439900,2
2908.419900,2907.679900,2909.879900,2907.679900,-0.740000,2.200000,1
2906.100100,2908.480000,2908.480000,2906.090100,2.379900,2.389900,1
2905.770000,2906.270000,2907.639900,2905.770000,0.500000,1.869900,1
2905.550000,2905.840100,2906.370100,2905.010000,0.290100,1.360100,2
2906.810100,2905.800000,2907.139900,2905.800000,-1.010100,1.339900,1
2905.520000,2907.080100,2907.740000,2905.470000,1.560100,2.270000,2
2906.570100,2905.730000,2906.570100,2904.350100,-0.840100,2.220000,2
2907.669900,2906.310100,2908.110100,2905.679900,-1.359800,2.430200,2
2908.490000,2907.820100,2908.639900,2907.310100,-0.669900,1.329800,2
2909.700000,2908.450000,2910.240000,2907.820100,-1.250000,2.419900,2
2910.510000,2909.939900,2911.139900,2909.679900,-0.570100,1.460000,1
2908.330100,2910.379900,2910.800000,2908.020000,2.049800,2.780000,2
2908.540000,2908.250000,2908.830100,2907.480000,-0.290000,1.350100,2
2908.600100,2908.550000,2909.770000,2907.540000,-0.050100,2.230000,1
2906.840100,2908.600100,2908.600100,2906.669900,1.760000,1.930200,1
2905.520000,2906.840100,2906.840100,2904.210000,1.320100,2.630100,2
2907.540000,2906.760000,2910.570100,2906.340100,-0.780000,4.230000,2
2907.689900,2907.280000,2908.310100,2906.510000,-0.409900,1.800100,1
2905.030000,2907.929900,2910.189900,2905.030000,2.899900,5.159900,2
2905.919900,2904.610100,2907.970000,2903.850100,-1.309800,4.119900,2
2907.929900,2906.020000,2907.990000,2905.770000,-1.909900,2.220000,1
2906.290000,2907.810100,2908.540000,2905.889900,1.520100,2.650100,2
2911.110100,2906.370100,2911.750000,2905.669900,-4.740000,6.080100,1
2908.899900,2911.370100,2912.260000,2908.460000,2.470200,3.800000,2
2909.330100,2908.780000,2909.899900,2908.010000,-0.550100,1.889900,2
2910.340100,2909.179900,2910.669900,2907.970000,-1.160200,2.699900,1
2909.010000,2910.500000,2911.210000,2908.350100,1.490000,2.859900,2
2909.040000,2909.110100,2909.510000,2908.270000,0.070100,1.240000,1
2907.270000,2909.070100,2909.330100,2906.149900,1.800100,3.180200,2
2909.580100,2907.240000,2909.580100,2906.879900,-2.340100,2.700200,1
2907.210000,2909.490000,2909.550000,2907.210000,2.280000,2.340000,1
2906.780000,2907.439900,2908.320100,2906.600100,0.659900,1.720000,2
2907.760000,2906.790000,2908.710000,2906.520000,-0.970000,2.190000,2
2908.230000,2907.919900,2908.590100,2907.270000,-0.310100,1.320100,2
2908.570100,2908.110100,2908.760000,2907.159900,-0.460000,1.600100,1
2908.200000,2908.590100,2909.290000,2908.149900,0.390100,1.140100,1
2907.110100,2908.210000,2908.300000,2907.110100,1.099900,1.189900,1
2906.639900,2907.120100,2907.870100,2906.610100,0.480200,1.260000,2
2907.250000,2906.840100,2907.760000,2906.720000,-0.409900,1.040000,2
2908.189900,2907.320100,2908.870100,2906.240000,-0.869800,2.630100,2
2909.879900,2908.200000,2909.970000,2908.200000,-1.679900,1.770000,1
2908.030000,2909.850100,2910.110100,2908.030000,1.820100,2.080100,2
2924.060100,2920.939900,2925.350100,2920.939900,-3.120200,4.410200,1
2922.770000,2923.939900,2924.060100,2920.800000,1.169900,3.260100,2
2924.679900,2922.820100,2925.429900,2922.820100,-1.859800,2.609800,1
2923.310100,2924.100100,2927.220000,2923.310100,0.790000,3.909900,2
2926.450000,2923.450000,2926.450000,2922.730000,-3.000000,3.720000,1
2924.980000,2926.889900,2926.889900,2924.370100,1.909900,2.519800,2
2925.889900,2925.159900,2926.659900,2925.159900,-0.730000,1.500000,2
2927.520000,2925.960000,2927.520000,2925.290000,-1.560000,2.230000,2
2929.409900,2927.760000,2929.460000,2927.550000,-1.649900,1.910000,2
2930.200000,2929.520000,2930.200000,2928.460000,-0.680000,1.740000,1
2928.960000,2930.350100,2930.350100,2928.820100,1.390100,1.530000,2
2929.669900,2929.200000,2930.240000,2929.129900,-0.469900,1.110100,2
2930.510000,2929.820100,2930.540000,2928.919900,-0.689900,1.620100,2
2931.220000,2931.090100,2931.320100,2930.429900,-0.129900,0.890200,2
2931.419900,2931.300000,2932.530000,2931.290000,-0.119900,1.240000,1
2929.629900,2931.389900,2931.389900,2929.629900,1.760000,1.760000,2
2930.050000,2929.560100,2930.179900,2929.419900,-0.489900,0.760000,2
2930.429900,2930.030000,2930.679900,2929.120100,-0.399900,1.559800,2
2931.169900,2930.379900,2931.450000,2930.320100,-0.790000,1.129900,1
2931.149900,2931.100100,2931.149900,2930.129900,-0.049800,1.020000,1
2930.889900,2931.250000,2931.870100,2929.530000,0.360100,2.340100,2
2932.200000,2931.100100,2932.669900,2931.100100,-1.099900,1.569800,2
2933.879900,2932.250000,2934.179900,2931.929900,-1.629900,2.250000,1
2933.060100,2933.990000,2934.780000,2932.810100,0.929900,1.969900,1
2930.980000,2933.210000,2933.210000,2930.970000,2.230000,2.240000,2
2931.169900,2931.000000,2932.429900,2930.149900,-0.169900,2.280000,2
2939.850100,2936.570100,2940.520000,2936.570100,-3.280000,3.949900,1
2937.550000,2939.560100,2940.790000,2937.550000,2.010100,3.240000,2
2938.600100,2937.000000,2939.179900,2936.790000,-1.600100,2.389900,1
2934.580100,2938.689900,2938.780000,2934.330100,4.109800,4.449900,2
2934.830100,2934.210000,2935.700000,2933.360100,-0.620100,2.339900,1
2934.300000,2934.960000,2935.620100,2933.570100,0.660000,2.050000,2
2934.510000,2934.179900,2935.139900,2932.939900,-0.330100,2.200000,2
2935.850100,2934.600100,2935.919900,2934.600100,-1.250000,1.319800,1
2935.659900,2936.220000,2936.220000,2934.929900,0.560100,1.290100,2
2937.080100,2935.620100,2937.429900,2935.560100,-1.460000,1.869800,2
2937.720000,2937.149900,2938.350100,2936.840100,-0.570100,1.510000,1
2935.689900,2937.669900,2937.669900,2935.540000,1.980000,2.129900,1
2934.090100,2936.080100,2936.080100,2933.840100,1.990000,2.240000,2
2934.810100,2934.290000,2935.610100,2934.280000,-0.520100,1.330100,1
2933.760000,2934.790000,2934.860100,2933.649900,1.030000,1.210200,2
2934.020000,2933.669900,2935.220000,2933.669900,-0.350100,1.550100,2
2934.070100,2934.139900,2934.220000,2933.050000,0.069800,1.170000,2
2934.300000,2934.050000,2934.300000,2932.220000,-0.250000,2.080000,1
2931.100100,2934.340100,2934.340100,2931.100100,3.240000,3.240000,2
2933.040000,2931.010000,2933.320100,2931.010000,-2.030000,2.310100,1
2932.340100,2933.100100,2933.810100,2932.340100,0.760000,1.470000,1
2930.639900,2932.460000,2932.780000,2930.320100,1.820100,2.459900,2
2932.149900,2930.550000,2932.340100,2930.550000,-1.599900,1.790100,1
2930.490000,2932.080100,2932.080100,2930.409900,1.590100,1.670200,1
2929.730000,2930.570100,2930.980000,2929.419900,0.840100,1.560100,1
2929.230000,2930.610100,2931.270000,2927.169900,1.380100,4.100100,1
2922.510000,2921.790000,2922.760000,2918.040000,-0.720000,4.720000,1
2921.870100,2923.480000,2923.570100,2920.720000,1.609900,2.850100,1
2921.139900,2921.980000,2922.000000,2919.840100,0.840100,2.159900,1
2916.850100,2921.560100,2921.560100,2916.050000,4.710000,5.510100,1
2914.840100,2917.050000,2918.840100,2912.629900,2.209900,6.210200,2
2916.639900,2914.669900,2916.639900,2913.120100,-1.970000,3.519800,1
2915.260000,2917.439900,2917.520000,2914.270000,2.179900,3.250000,2
2919.149900,2915.470000,2920.689900,2915.470000,-3.679900,5.219900,1
2917.360100,2919.460000,2919.679900,2917.360100,2.099900,2.319800,1
2916.990000,2917.510000,2918.210000,2916.810100,0.520000,1.399900,1
2915.659900,2917.320100,2917.810100,2915.360100,1.660200,2.450000,2
2915.939900,2915.580100,2916.470000,2915.480000,-0.359800,0.990000,2
2916.399900,2915.960000,2916.399900,2915.050000,-0.439900,1.349900,1
2915.040000,2916.649900,2917.580100,2914.520000,1.609900,3.060100,1
2915.000000,2915.110100,2915.570100,2914.480000,0.110100,1.090100,2
2915.570100,2914.929900,2917.330100,2914.300000,-0.640200,3.030100,2
2918.899900,2915.780000,2919.050000,2915.780000,-3.119900,3.270000,2
2919.010000,2919.240000,2919.240000,2918.300000,0.230000,0.940000,2
2920.350100,2919.100100,2920.350100,2919.000000,-1.250000,1.350100,1
2918.870100,2920.409900,2920.639900,2918.080100,1.539800,2.559800,2
2919.500000,2918.780000,2920.010000,2918.320100,-0.720000,1.689900,1
2919.090100,2919.409900,2920.370100,2919.090100,0.319800,1.280000,2
2920.379900,2918.909900,2921.200000,2918.600100,-1.470000,2.599900,1
2920.080100,2920.090100,2920.530000,2919.649900,0.010000,0.880100,1
2919.929900,2920.300000,2920.340100,2918.919900,0.370100,1.420200,1
2919.860100,2919.970000,2920.679900,2919.460000,0.109900,1.219900,2
2922.790000,2923.210000,2923.610100,2920.850100,0.420000,2.760000,1
2920.850100,2921.899900,2922.340100,2920.590100,1.049800,1.750000,1
2920.379900,2920.590100,2922.270000,2919.090100,0.210200,3.179900,1
2919.710000,2920.929900,2921.850100,2919.030000,1.219900,2.820100,2
2921.080100,2920.260000,2921.080100,2919.330100,-0.820100,1.750000,1
2917.260000,2921.600100,2921.720000,2917.260000,4.340100,4.460000,2
2920.330100,2916.899900,2920.330100,2915.689900,-3.430200,4.640200,2
2922.020000,2920.179900,2922.020000,2919.460000,-1.840100,2.560000,2
2922.480000,2922.340100,2923.010000,2921.980000,-0.139900,1.030000,1
2921.540000,2922.689900,2922.950000,2921.540000,1.149900,1.410000,2
2922.530000,2921.879900,2923.100100,2921.720000,-0.650100,1.380100,1
2922.120100,2922.669900,2922.669900,2921.860100,0.549800,0.809800,1
2920.200000,2922.200000,2922.200000,2920.100100,2.000000,2.099900,1
2919.939900,2920.159900,2920.379900,2919.439900,0.220000,0.940000,1
2919.149900,2919.980000,2920.010000,2917.860100,0.830100,2.149900,1
2918.189900,2919.090100,2919.090100,2918.169900,0.900200,0.920200,1
2914.700000,2917.790000,2918.110100,2913.760000,3.090000,4.350100,2
2916.560100,2914.480000,2916.570100,2914.260000,-2.080100,2.310100,2
2916.879900,2916.560100,2917.030000,2915.790000,-0.319800,1.240000,2
2917.679900,2916.889900,2918.110100,2916.860100,-0.790000,1.250000,1
2915.990000,2917.439900,2917.439900,2915.919900,1.449900,1.520000,2
2916.399900,2916.000000,2916.520000,2914.700000,-0.399900,1.820000,1
2915.800000,2916.679900,2916.889900,2915.419900,0.879900,1.470000,2
2917.419900,2915.840100,2917.510000,2915.370100,-1.579800,2.139900,1
2916.629900,2917.570100,2918.429900,2916.629900,0.940200,1.800000,1
2915.929900,2916.879900,2917.760000,2914.070100,0.950000,3.689900,2
2920.629900,2917.090100,2920.810100,2917.090100,-3.539800,3.720000,1
2919.429900,2920.870100,2921.399900,2919.429900,1.440200,1.970000,1
2917.000000,2919.780000,2920.370100,2915.629900,2.780000,4.740200,2
2918.460000,2917.100100,2919.149900,2917.100100,-1.359900,2.049800,2
2920.860100,2918.399900,2921.260000,2918.360100,-2.460200,2.899900,2
2922.129900,2921.169900,2922.200000,2920.419900,-0.960000,1.780100,1
2922.050000,2921.980000,2922.750000,2921.980000,-0.070000,0.770000,2
2923.780000,2922.340100,2923.780000,2922.340100,-1.439900,1.439900,1
2922.659900,2923.919900,2923.919900,2922.389900,1.260000,1.530000,2
2922.710000,2922.889900,2923.450000,2922.200000,0.179900,1.250000,1
2922.520000,2922.659900,2922.750000,2921.659900,0.139900,1.090100,2
2923.090100,2922.490000,2923.159900,2922.370100,-0.600100,0.789800,2
2923.189900,2923.169900,2923.700000,2922.850100,-0.020000,0.849900,2
2924.939900,2923.200000,2925.050000,2923.200000,-1.739900,1.850000,1
2924.540000,2924.970000,2925.270000,2924.040000,0.430000,1.230000,1
2924.070100,2924.530000,2924.980000,2924.070100,0.459900,0.909900,1
2923.379900,2924.060100,2924.129900,2923.000000,0.680200,1.129900,1
2922.810100,2923.340100,2923.460000,2922.409900,0.530000,1.050100,2
2926.429900,2923.030000,2928.040000,2922.370100,-3.399900,5.669900,2
2928.200000,2927.220000,2931.070100,2927.120100,-0.980000,3.950000,1
2924.010000,2928.030000,2928.970000,2924.010000,4.020000,4.960000,1
2923.040000,2923.649900,2923.970000,2922.010000,0.609900,1.960000,1
2921.120100,2922.770000,2922.770000,2918.919900,1.649900,3.850100,2
2922.110100,2920.870100,2924.220000,2920.770000,-1.240000,3.450000,1
2912.409900,2921.870100,2921.870100,2912.409900,9.460200,9.460200,1
2904.860100,2911.530000,2911.610100,2903.500000,6.669900,8.110100,2
2913.919900,2912.189900,2913.919900,2909.320100,-1.730000,4.599800,2
2914.439900,2915.120100,2915.470000,2913.000000,0.680200,2.470000,2
2918.510000,2914.740000,2919.730000,2914.740000,-3.770000,4.990000,2
2920.120100,2918.689900,2920.620100,2918.210000,-1.430200,2.410100,2
2922.740000,2920.290000,2922.810100,2919.439900,-2.450000,3.370200,1
2921.850100,2922.379900,2923.010000,2921.350100,0.529800,1.659900,1
2921.100100,2922.280000,2923.860100,2920.760000,1.179900,3.100100,2
2921.750000,2921.429900,2922.350100,2920.939900,-0.320100,1.410200,2
2922.480000,2921.720000,2922.520000,2920.399900,-0.760000,2.120100,2
2924.580100,2922.870100,2924.580100,2922.240000,-1.710000,2.340100,2
2924.870100,2924.840100,2925.590100,2924.200000,-0.030000,1.390100,2
2926.080100,2924.909900,2926.419900,2924.909900,-1.170200,1.510000,2
2926.210000,2926.320100,2926.629900,2925.200000,0.110100,1.429900,1
2925.879900,2926.139900,2927.220000,2925.879900,0.260000,1.340100,1
2923.580100,2925.560100,2925.560100,2923.330100,1.980000,2.230000,1
2923.149900,2923.760000,2924.090100,2922.220000,0.610100,1.870100,1
2922.830100,2923.310100,2923.770000,2922.030000,0.480000,1.740000,1
2922.500000,2922.860100,2923.129900,2922.139900,0.360100,0.990000,1
2920.540000,2922.360100,2922.480000,2919.340100,1.820100,3.139900,1
2920.460000,2920.530000,2921.610100,2920.080100,0.070000,1.530000,1
2918.270000,2920.389900,2920.879900,2918.270000,2.119900,2.609900,1
2917.530000,2918.300000,2919.169900,2917.429900,0.770000,1.740000,1
2917.320100,2917.800000,2918.780000,2915.659900,0.479900,3.120100,1
2915.169900,2917.030000,2918.220000,2914.970000,1.860100,3.250000,1
2913.530000,2914.970000,2915.129900,2912.360100,1.440000,2.769800,2
2914.189900,2913.320100,2916.820100,2913.320100,-0.869800,3.500000,1
2911.010000,2908.679900,2911.879900,2908.679900,-2.330100,3.200000,2
2911.520000,2909.450000,2911.700000,2907.860100,-2.070000,3.839900,1
2910.379900,2911.850100,2913.429900,2910.230000,1.470200,3.199900,2
2914.639900,2910.189900,2914.870100,2910.159900,-4.450000,4.710200,2
2916.000000,2914.770000,2916.710000,2913.780000,-1.230000,2.930000,2
2917.580100,2915.800000,2918.870100,2915.800000,-1.780100,3.070100,2
2919.439900,2917.860100,2919.760000,2917.730000,-1.579800,2.030000,1
2918.980000,2919.649900,2920.260000,2918.570100,0.669900,1.689900,1
2917.280000,2919.149900,2919.700000,2917.120100,1.869900,2.579900,1
2916.830100,2917.450000,2918.100100,2916.669900,0.619900,1.430200,2
2917.689900,2916.710000,2917.689900,2916.560100,-0.979900,1.129800,1
2916.610100,2917.850100,2918.370100,2916.330100,1.240000,2.040000,1
2916.240000,2916.669900,2917.399900,2916.240000,0.429900,1.159900,1
2914.970000,2916.570100,2916.600100,2911.460000,1.600100,5.140100,1
2914.710000,2915.010000,2915.129900,2913.860100,0.300000,1.269800,2
2916.960000,2914.730000,2917.010000,2914.730000,-2.230000,2.280000,2
2917.730000,2916.980000,2918.600100,2916.980000,-0.750000,1.620100,1
2916.770000,2917.730000,2919.010000,2916.689900,0.960000,2.320100,1
2914.360100,2916.470000,2916.720000,2912.879900,2.109900,3.840100,2
2915.540000,2914.370100,2915.960000,2913.490000,-1.169900,2.470000,1
2915.270000,2915.610100,2916.250000,2914.730000,0.340100,1.520000,1
2913.620100,2915.260000,2915.260000,2913.310100,1.639900,1.949900,1
2913.389900,2913.570100,2914.419900,2912.810100,0.180200,1.609800,2
2914.560100,2913.360100,2915.639900,2912.520000,-1.200000,3.119900,1
2912.080100,2914.570100,2914.570100,2911.750000,2.490000,2.820100,2
2914.220000,2913.139900,2914.659900,2911.379900,-1.080100,3.280000,2
2932.230000,2928.280000,2932.230000,2928.280000,-3.950000,3.950000,2
2933.820100,2932.159900,2934.250000,2932.159900,-1.660200,2.090100,2
2935.610100,2934.480000,2936.149900,2933.399900,-1.130100,2.750000,2
2935.950000,2935.189900,2936.210000,2934.000000,-0.760100,2.210000,1
2933.790000,2936.350100,2937.040000,2933.639900,2.560100,3.400100,2
2934.780000,2933.960000,2934.780000,2933.439900,-0.820000,1.340100,2
2935.159900,2933.620100,2935.230000,2933.620100,-1.539800,1.609900,1
2933.540000,2935.090100,2935.110100,2933.320100,1.550100,1.790000,2
2934.870100,2933.540000,2935.010000,2932.520000,-1.330100,2.490000,1
2932.929900,2934.689900,2935.149900,2931.899900,1.760000,3.250000,1
2932.379900,2933.120100,2933.260000,2931.929900,0.740200,1.330100,1
2929.050000,2932.240000,2932.540000,2927.760000,3.190000,4.780000,1
2928.149900,2928.919900,2929.399900,2927.600100,0.770000,1.799800,1
2927.600100,2927.570100,2928.060100,2926.659900,-0.030000,1.400200,2
2928.470000,2927.379900,2928.919900,2927.159900,-1.090100,1.760000,2
2929.530000,2928.649900,2929.860100,2928.409900,-0.880100,1.450200,2
2930.460000,2929.750000,2930.590100,2928.740000,-0.710000,1.850100,1
2928.189900,2930.399900,2930.510000,2927.820100,2.210000,2.689900,1
2927.100100,2927.960000,2928.179900,2925.379900,0.859900,2.800000,2
2927.970000,2927.240000,2928.280000,2926.490000,-0.730000,1.790000,1
2925.810100,2928.030000,2928.179900,2925.189900,2.219900,2.990000,2
2927.460000,2925.879900,2927.990000,2925.879900,-1.580100,2.110100,1
2926.439900,2927.879900,2928.520000,2925.990000,1.440000,2.530000,1
2922.500000,2926.610100,2927.720000,2921.409900,4.110100,6.310100,1
2918.439900,2922.470000,2922.470000,2917.929900,4.030100,4.540100,2
2924.149900,2918.830100,2925.179900,2918.830100,-5.319800,6.349800,2
2924.189900,2922.980000,2924.379900,2921.730000,-1.209900,2.649900,2
2924.850100,2925.330100,2926.340100,2922.470000,0.480000,3.870100,1
2921.909900,2924.740000,2924.740000,2921.679900,2.830100,3.060100,2
2922.730000,2922.370100,2923.149900,2920.460000,-0.359900,2.689900,1
2919.460000,2922.770000,2923.210000,2919.460000,3.310000,3.750000,2
2924.510000,2919.889900,2926.530000,2919.830100,-4.620100,6.699900,2
2926.830100,2924.399900,2926.950000,2924.060100,-2.430200,2.889900,1
2925.439900,2926.810100,2926.810100,2925.200000,1.370200,1.610100,2
2927.899900,2925.020000,2928.040000,2924.990000,-2.879900,3.050000,2
2930.050000,2928.409900,2930.270000,2928.399900,-1.640100,1.870100,1
2929.090100,2930.179900,2931.379900,2929.090100,1.089800,2.289800,1
2929.080100,2929.230000,2929.439900,2928.159900,0.149900,1.280000,2
2930.590100,2929.080100,2931.409900,2929.010000,-1.510000,2.399900,1
2927.570100,2930.649900,2930.649900,2926.379900,3.079800,4.270000,2
2928.050000,2927.500000,2928.720000,2927.500000,-0.550000,1.220000,2
2928.750000,2928.169900,2929.620100,2928.169900,-0.580100,1.450200,2
2930.710000,2928.750000,2930.800000,2928.750000,-1.960000,2.050000,1
2929.379900,2930.700000,2930.700000,2928.820100,1.320100,1.879900,2
2929.730000,2929.330100,2930.189900,2928.840100,-0.399900,1.349800,2
2930.540000,2929.750000,2931.020000,2929.540000,-0.790000,1.480000,1
2927.389900,2930.530000,2930.790000,2927.200000,3.140100,3.590000,1
2926.200000,2927.000000,2928.169900,2925.820100,0.800000,2.349800,1
2922.020000,2926.000000,2926.000000,2921.679900,3.980000,4.320100,1
2921.399900,2921.929900,2922.490000,2919.600100,0.530000,2.889900,2
2923.189900,2922.189900,2924.149900,2921.720000,-1.000000,2.429900,2
2923.620100,2923.260000,2925.210000,2923.260000,-0.360100,1.950000,2
2934.220000,2933.210000,2937.090100,2933.080100,-1.010000,4.010000,1
2933.360100,2934.790000,2935.030000,2933.080100,1.429900,1.949900,2
2938.620100,2933.590100,2938.620100,2933.250000,-5.030000,5.370100,1
2937.429900,2938.510000,2939.760000,2937.129900,1.080100,2.630100,1
2936.220000,2937.350100,2937.350100,2934.129900,1.130100,3.220200,1
2934.300000,2936.760000,2936.860100,2934.300000,2.460000,2.560100,1
2933.310100,2934.620100,2934.620100,2932.030000,1.310000,2.590100,2
2935.310100,2933.100100,2935.310100,2933.100100,-2.210000,2.210000,1
2932.850100,2935.530000,2935.730000,2931.830100,2.679900,3.899900,2
2936.730000,2932.500000,2936.730000,2932.120100,-4.230000,4.609900,1
2935.810100,2937.010000,2937.189900,2934.730000,1.199900,2.459900,2
2937.100100,2935.720000,2937.689900,2935.720000,-1.380100,1.969900,1
2934.679900,2937.070100,2937.320100,2934.070100,2.390200,3.250000,2
2935.970000,2934.909900,2936.090100,2934.909900,-1.060100,1.180200,2
2937.010000,2935.879900,2937.110100,2935.580100,-1.130100,1.530000,1
2936.100100,2937.020000,2937.200000,2934.700000,0.919900,2.500000,1
2934.730000,2936.110100,2936.470000,2934.530000,1.380100,1.940000,2
2935.760000,2934.770000,2935.879900,2934.550000,-0.990000,1.329900,2
2937.270000,2935.919900,2937.370100,2935.810100,-1.350100,1.560000,1
2935.169900,2937.320100,2937.340100,2934.429900,2.150200,2.910200,1
2928.080100,2935.100100,2935.149900,2927.000000,7.020000,8.149900,1
2926.950000,2928.120100,2928.600100,2924.169900,1.170100,4.430200,1
2926.379900,2928.030000,2928.030000,2925.330100,1.650100,2.699900,1
2923.720000,2926.470000,2926.480000,2921.540000,2.750000,4.940000,2
2924.620100,2924.110100,2925.360100,2923.629900,-0.510000,1.730200,2
2925.250000,2925.280000,2926.929900,2924.970000,0.030000,1.959900,1
2914.610100,2918.919900,2919.639900,2914.460000,4.309800,5.179900,1
2914.080100,2914.280000,2916.610100,2913.679900,0.199900,2.930200,1
2908.260000,2913.879900,2913.879900,2907.340100,5.619900,6.539800,1
2904.260000,2908.169900,2908.659900,2902.000000,3.909900,6.659900,1
2903.639900,2903.480000,2905.460000,2901.669900,-0.159900,3.790100,2
2903.810100,2904.320100,2906.909900,2903.810100,0.510000,3.099800,2
2905.899900,2903.610100,2908.540000,2903.610100,-2.289800,4.929900,1
2903.939900,2905.770000,2906.830100,2903.939900,1.830100,2.890200,1
2900.810100,2904.830100,2905.270000,2900.060100,4.020000,5.209900,1
2899.270000,2900.439900,2902.909900,2899.129900,1.169900,3.780000,1
2896.000000,2898.870100,2899.669900,2896.000000,2.870100,3.669900,1
2893.100100,2896.399900,2896.409900,2890.230000,3.299800,6.179900,2
2897.110100,2893.590100,2900.030000,2893.320100,-3.520000,6.709900,1
2894.810100,2896.780000,2898.419900,2894.139900,1.969900,4.280000,1
2890.310100,2894.040000,2895.169900,2890.310100,3.729900,4.859800,2
2891.050000,2890.409900,2891.980000,2887.850100,-0.640100,4.129900,2
2892.189900,2890.850100,2892.189900,2886.710000,-1.339800,5.479900,1
2888.379900,2892.110100,2892.110100,2886.639900,3.730200,5.470200,2
2889.280000,2888.370100,2890.629900,2887.669900,-0.909900,2.960000,1
2887.620100,2889.000000,2889.000000,2884.060100,1.379900,4.939900,2
2892.399900,2887.600100,2894.899900,2886.790000,-4.799800,8.109900,2
2897.980000,2892.470000,2898.419900,2891.860100,-5.510000,6.559800,2
2898.980000,2898.070100,2900.990000,2896.899900,-0.909900,4.090100,1
2896.000000,2899.450000,2900.360100,2896.000000,3.450000,4.360100,2
2896.800000,2895.689900,2896.800000,2893.710000,-1.110100,3.090000,2
2901.060100,2897.750000,2903.689900,2897.750000,-3.310100,5.939900,2
2906.760000,2902.639900,2909.480000,2901.790000,-4.120100,7.690000,1
2902.149900,2908.720000,2908.990000,2901.179900,6.570100,7.810100,1
2899.520000,2901.439900,2904.110100,2899.220000,1.919900,4.890100,2
2904.649900,2900.120100,2905.419900,2899.110100,-4.529800,6.309800,1
2901.020000,2904.399900,2904.399900,2899.990000,3.379900,4.409900,1
2896.879900,2900.610100,2900.860100,2895.980000,3.730200,4.880100,1
2892.210000,2897.530000,2897.530000,2890.870100,5.320000,6.659900,1
2888.399900,2892.879900,2892.879900,2887.879900,4.480000,5.000000,1
2884.270000,2888.080100,2889.689900,2883.310100,3.810100,6.379800,1
2877.840100,2883.120100,2883.120100,2877.669900,5.280000,5.450200,2
2878.629900,2876.950000,2882.480000,2876.950000,-1.679900,5.530000,2
2880.460000,2878.510000,2882.330100,2877.330100,-1.950000,5.000000,1
2875.679900,2879.960000,2879.960000,2873.679900,4.280100,6.280100,2
2876.439900,2875.490000,2878.889900,2875.250000,-0.949900,3.639900,1
2873.070100,2875.980000,2876.210000,2871.950000,2.909900,4.260000,1
2870.629900,2873.330100,2874.760000,2869.590100,2.700200,5.169900,2
2877.720000,2871.580100,2877.720000,2869.450000,-6.139900,8.270000,2
2879.760000,2877.840100,2880.689900,2876.679900,-1.919900,4.010000,1
2877.730000,2879.610100,2881.510000,2877.669900,1.880100,3.840100,2
2883.830100,2877.659900,2883.939900,2877.560100,-6.170200,6.379800,2
2886.230000,2883.950000,2887.610100,2882.710000,-2.280000,4.900100,2
2886.860100,2886.470000,2886.939900,2883.659900,-0.390100,3.280000,2
2888.280000,2887.439900,2890.090100,2884.780000,-0.840100,5.310100,1
2886.179900,2888.320100,2889.399900,2885.600100,2.140200,3.799800,2
2886.510000,2886.490000,2886.510000,2881.760000,-0.020000,4.750000,1
2885.020000,2886.570100,2890.370100,2884.460000,1.550100,5.910100,1
2881.669900,2876.810100,2881.950000,2874.110100,-4.859800,7.839900,2
2884.700000,2882.929900,2886.649900,2881.700000,-1.770100,4.949900,2
2888.340100,2884.409900,2888.530000,2884.000000,-3.930200,4.530000,1
2887.360100,2888.600100,2888.820100,2886.639900,1.240000,2.180200,1
2883.820100,2886.669900,2887.560100,2883.820100,2.849800,3.740000,1
2883.030000,2884.230000,2884.230000,2881.270000,1.200000,2.960000,1
2879.409900,2882.850100,2882.850100,2877.990000,3.440200,4.860100,1
2876.570100,2879.129900,2879.939900,2876.419900,2.559800,3.520000,1
2867.300000,2876.320100,2876.540000,2866.179900,9.020100,10.360100,2
2868.419900,2866.070100,2868.419900,2862.470000,-2.349800,5.949900,1
2866.720000,2867.700000,2868.290000,2865.429900,0.980000,2.860100,2
2872.230000,2867.260000,2872.230000,2865.159900,-4.970000,7.070100,1
2870.260000,2872.110100,2872.110100,2868.280000,1.850100,3.830100,1
2863.159900,2870.200000,2870.970000,2863.159900,7.040100,7.810100,2
2868.610100,2862.780000,2870.899900,2862.780000,-5.830100,8.119900,1
2865.179900,2868.370100,2868.379900,2863.710000,3.190200,4.669900,2
2872.139900,2864.990000,2872.919900,2864.970000,-7.149900,7.949900,1
2871.129900,2872.220000,2873.639900,2871.129900,1.090100,2.510000,2
2878.230000,2870.649900,2881.320100,2870.580100,-7.580100,10.740000,2
2879.700000,2878.149900,2881.320100,2877.899900,-1.550100,3.420200,2
2884.020000,2879.840100,2884.090100,2879.840100,-4.179900,4.250000,1
2883.210000,2884.270000,2886.379900,2883.210000,1.060000,3.169900,2
2886.740000,2882.750000,2887.470000,2882.750000,-3.990000,4.720000,1
2884.600100,2886.310100,2888.250000,2884.340100,1.710000,3.909900,2
2887.850100,2886.100100,2888.580100,2884.909900,-1.750000,3.670200,1
2885.230000,2888.220000,2889.200000,2885.080100,2.990000,4.119900,1
2878.960000,2880.610100,2883.379900,2877.290000,1.650100,6.089900,2
2884.340100,2878.189900,2884.340100,2874.350100,-6.150200,9.990000,1
2883.179900,2885.490000,2886.689900,2881.300000,2.310100,5.389900,2
2891.050000,2883.340100,2891.310100,2883.340100,-7.709900,7.970000,2
2893.860100,2891.580100,2894.149900,2891.290000,-2.280000,2.859900,1
2886.850100,2892.810100,2894.639900,2886.850100,5.960000,7.789800,1
2885.429900,2886.830100,2887.120100,2881.929900,1.400200,5.190200,2
2889.800000,2886.159900,2890.689900,2884.030000,-3.640100,6.659900,1
2889.129900,2889.689900,2890.100100,2887.460000,0.560000,2.640100,2
2891.320100,2889.000000,2891.879900,2887.030000,-2.320100,4.849900,1
2887.780000,2891.340100,2893.490000,2887.780000,3.560100,5.710000,1
2885.950000,2887.419900,2887.850100,2884.860100,1.469900,2.990000,1
2881.590100,2885.270000,2887.270000,2881.590100,3.679900,5.679900,1
2880.570100,2881.580100,2882.280000,2879.020000,1.010000,3.260000,2
2881.919900,2880.060100,2882.129900,2876.770000,-1.859800,5.359900,2
2883.480000,2881.689900,2885.360100,2881.080100,-1.790100,4.280000,1
2878.470000,2883.460000,2883.460000,2877.860100,4.990000,5.599900,2
2883.500000,2878.429900,2884.379900,2877.780000,-5.070100,6.599900,2
2884.240000,2883.340100,2884.450000,2880.080100,-0.899900,4.369900,2
2884.689900,2884.350100,2885.510000,2882.689900,-0.339800,2.820100,1
2884.389900,2885.080100,2885.080100,2881.790000,0.690200,3.290100,2
2887.669900,2884.450000,2888.110100,2882.169900,-3.219900,5.940200,1
2885.740000,2887.189900,2887.600100,2884.990000,1.449900,2.610100,1
2881.139900,2885.590100,2886.290000,2880.010000,4.450200,6.280000,1
2880.899900,2881.070100,2882.250000,2880.429900,0.170200,1.820100,1
2880.530000,2882.800000,2885.970000,2880.490000,2.270000,5.480000,1
2864.010000,2872.830100,2872.830100,2863.159900,8.820100,9.670200,1
2852.480000,2864.480000,2865.669900,2852.040000,12.000000,13.629900,1
2850.750000,2852.570100,2854.889900,2846.530000,1.820100,8.359900,2
2853.439900,2849.810100,2856.320100,2847.929900,-3.629800,8.390200,1
2849.250000,2853.310100,2855.470000,2849.250000,4.060100,6.220000,1
2849.169900,2848.899900,2849.169900,2848.899900,-0.270000,0.270000,1
2840.379900,2848.100100,2849.120100,2839.260000,7.720200,9.860100,2
2841.050000,2839.470000,2841.620100,2833.240000,-1.580000,8.380100,1
2839.800000,2840.600100,2840.600100,2833.909900,0.800100,6.690200,1
2837.399900,2839.020000,2842.909900,2837.399900,1.620100,5.510000,2
2839.510000,2838.310100,2839.620100,2833.800000,-1.199900,5.820100,1
2838.750000,2839.860100,2844.620100,2838.750000,1.110100,5.870100,1
2836.280000,2838.470000,2839.220000,2834.889900,2.190000,4.330100,2
2836.340100,2836.060100,2841.570100,2836.060100,-0.280000,5.510000,2
2838.939900,2835.909900,2839.139900,2829.590100,-3.030000,9.549800,2
2839.649900,2838.950000,2843.689900,2837.899900,-0.699900,5.790000,1
2835.710000,2839.480000,2841.320100,2834.689900,3.770000,6.630200,1
2834.310100,2835.870100,2839.790000,2833.189900,1.560000,6.600100,1
2824.120100,2834.720000,2835.250000,2823.320100,10.599900,11.929900,2
2825.990000,2823.990000,2830.020000,2822.939900,-2.000000,7.080100,1
2817.139900,2825.919900,2829.080100,2817.139900,8.780000,11.940200,2
2822.090100,2817.679900,2823.830100,2816.980000,-4.410200,6.850100,1
2808.620100,2820.810100,2820.810100,2806.850100,12.190000,13.960000,2
2815.710000,2808.790000,2815.710000,2807.200000,-6.920000,8.510000,1
2800.490000,2815.939900,2815.960000,2796.600100,15.449900,19.359900,1
2786.220000,2794.290000,2808.710000,2785.899900,8.070000,22.810100,1
2770.860100,2775.370100,2783.570100,2767.879900,4.510000,15.690200,2
2795.139900,2775.879900,2795.139900,2775.879900,-19.260000,19.260000,1
2784.120100,2792.620100,2792.620100,2782.490000,8.500000,10.130100,1
2777.179900,2781.330100,2782.750000,2772.290000,4.150200,10.460000,1
2776.510000,2777.210000,2782.939900,2773.889900,0.700000,9.050000,1
2767.820100,2774.950000,2776.100100,2764.720000,7.129900,11.380100,1
2746.770000,2762.040000,2762.409900,2746.210000,15.270000,16.199900,2
2756.700000,2745.889900,2762.320100,2745.889900,-10.810100,16.430200,2
2759.379900,2758.000000,2762.159900,2751.540000,-1.379900,10.619900,2
2767.149900,2758.750000,2772.960000,2758.580100,-8.399900,14.379900,2
2771.419900,2767.030000,2771.419900,2764.770000,-4.389900,6.649900,2
2778.950000,2771.780000,2783.889900,2771.639900,-7.170000,12.250000,1
2775.200000,2777.360100,2778.370100,2771.179900,2.160100,7.190200,1
2769.770000,2774.850100,2774.850100,2766.929900,5.080100,7.920200,2
2770.950000,2770.080100,2770.950000,2761.570100,-0.869900,9.379900,1
2769.230000,2771.770000,2774.700000,2767.179900,2.540000,7.520100,1
2763.820100,2769.879900,2772.919900,2762.929900,6.059800,9.990000,2
2765.750000,2764.179900,2766.220000,2756.270000,-1.570100,9.950000,1
2754.730000,2764.669900,2766.899900,2753.210000,9.939900,13.689900,1
2752.649900,2755.040000,2759.200000,2749.870100,2.390100,9.329900,1
2724.510000,2751.129900,2751.129900,2724.510000,26.619900,26.619900,2
2731.270000,2723.120100,2734.950000,2714.210000,-8.149900,20.740000,2
2745.200000,2727.830100,2745.200000,2727.250000,-17.369900,17.950000,2
2753.230000,2742.149900,2761.850100,2742.090100,-11.080100,19.760000,1
2741.710000,2750.830100,2757.080100,2741.629900,9.120100,15.450200,1
2730.450000,2742.600100,2744.379900,2728.500000,12.150100,15.879900,2
2764.340100,2772.810100,2772.810100,2764.340100,8.470000,8.470000,2
2771.929900,2767.870100,2772.610100,2765.250000,-4.059800,7.360100,1
2767.730000,2772.340100,2774.740000,2767.730000,4.610100,7.010000,1
2757.990000,2767.379900,2767.379900,2757.990000,9.389900,9.389900,2
2767.360100,2757.850100,2769.169900,2757.399900,-9.510000,11.770000,1
2766.889900,2768.280000,2771.899900,2764.970000,1.390100,6.929900,2
2769.050000,2767.000000,2770.220000,2763.540000,-2.050000,6.680000,1
2761.820100,2768.710000,2768.710000,2760.770000,6.889900,7.940000,1
2754.720000,2761.169900,2763.419900,2753.629900,6.449900,9.790000,2
2754.909900,2753.480000,2758.100100,2748.490000,-1.429900,9.610100,1
2752.550000,2754.240000,2754.240000,2746.800000,1.690000,7.440000,1
2743.879900,2752.820100,2752.820100,2742.129900,8.940200,10.690200,1
2732.210000,2744.840100,2746.889900,2732.210000,12.630100,14.679900,2
2741.100100,2732.280000,2742.300000,2729.470000,-8.820100,12.830000,2
2747.730000,2739.379900,2752.040000,2737.870100,-8.350100,14.169900,1
2744.040000,2748.320100,2750.790000,2743.340100,4.280100,7.449900,1
2743.110100,2742.820100,2743.110100,2734.810100,-0.290000,8.300000,2
2744.370100,2743.480000,2749.500000,2742.730000,-0.890100,6.770000,1
2733.110100,2744.379900,2745.110100,2733.110100,11.269800,12.000000,2
2745.230000,2732.679900,2745.230000,2732.679900,-12.550100,12.550100,1
2736.830100,2746.060100,2746.060100,2736.149900,9.230000,9.910200,2
2749.370100,2737.240000,2751.189900,2736.470000,-12.130100,14.719900,2
2756.129900,2750.100100,2758.780000,2745.530000,-6.029800,13.250000,2
2763.520000,2755.470000,2764.159900,2751.939900,-8.050000,12.220000,2
2767.460000,2763.169900,2767.460000,2758.860100,-4.290100,8.599900,1
2767.129900,2768.439900,2775.770000,2764.310100,1.310000,11.459900,1
2760.370100,2763.060100,2767.120100,2757.649900,2.690000,9.470200,1
2759.149900,2763.169900,2765.100100,2758.510000,4.020000,6.590100,1
2752.600100,2759.100100,2759.100100,2752.310100,6.500000,6.790000,2
2757.460000,2750.350100,2758.060100,2749.560100,-7.109900,8.500000,2
2758.030000,2756.100100,2761.870100,2755.780000,-1.929900,6.090100,2
2761.330100,2758.020000,2762.189900,2756.740000,-3.310100,5.449900,2
2763.490000,2762.139900,2764.909900,2760.939900,-1.350100,3.970000,2
2770.990000,2763.500000,2771.610100,2763.189900,-7.490000,8.420200,1
2768.080100,2771.770000,2771.810100,2767.460000,3.689900,4.350100,1
2757.919900,2768.689900,2769.580100,2757.600100,10.770000,11.980000,1
2753.899900,2757.240000,2757.379900,2752.520000,3.340100,4.859900,2
2760.250000,2753.790000,2761.020000,2753.490000,-6.460000,7.530000,2
2762.600100,2760.490000,2764.730000,2759.550000,-2.110100,5.180000,2
2762.840100,2762.950000,2765.820100,2761.100100,0.109900,4.720000,2
2768.639900,2763.179900,2769.820100,2763.179900,-5.460000,6.640200,1
2764.080100,2768.090100,2768.689900,2762.639900,4.010000,6.050000,2
2771.429900,2764.060100,2773.470000,2763.149900,-7.369800,10.320100,1
2771.250000,2771.290000,2772.980000,2769.590100,0.040000,3.389900,1
2762.330100,2771.820100,2771.820100,2762.330100,9.490000,9.490000,1
2760.899900,2762.419900,2765.620100,2760.740000,1.520000,4.880100,2
2769.129900,2760.860100,2769.129900,2759.659900,-8.269800,9.470000,2
2772.720000,2769.860100,2775.659900,2768.450000,-2.859900,7.209900,1
2765.230000,2773.100100,2774.800000,2765.129900,7.870100,9.670100,1
2762.399900,2765.950000,2766.280000,2761.320100,3.550100,4.959900,1
2761.590100,2761.429900,2763.950000,2759.010000,-0.160200,4.940000,1
2751.080100,2760.790000,2762.750000,2751.080100,9.709900,11.669900,2
2772.870100,2769.899900,2773.929900,2768.870100,-2.970200,5.059800,2
2775.290000,2773.429900,2775.290000,2767.360100,-1.860100,7.929900,2
2776.370100,2775.740000,2780.419900,2775.740000,-0.630100,4.679900,1
2774.669900,2775.879900,2779.850100,2774.669900,1.210000,5.180200,2
2780.590100,2773.810100,2780.590100,2773.270000,-6.780000,7.320100,2
2786.330100,2781.760000,2786.330100,2781.050000,-4.570100,5.280100,2
2788.909900,2786.600100,2788.909900,2784.030000,-2.309800,4.879900,2
2791.320100,2789.460000,2791.379900,2788.490000,-1.860100,2.889900,1
2789.870100,2790.840100,2792.139900,2789.490000,0.970000,2.649900,2
2792.240000,2790.139900,2792.240000,2788.320100,-2.100100,3.919900,2
2792.450000,2792.810100,2793.909900,2791.530000,0.360100,2.379900,1
2791.620100,2792.669900,2793.500000,2789.540000,1.049800,3.960000,2
2794.600100,2791.050000,2794.860100,2790.530000,-3.550100,4.330100,2
2795.610100,2794.720000,2795.710000,2793.669900,-0.890100,2.040100,1
2795.260000,2795.850100,2795.929900,2793.830100,0.590100,2.099800,2
2797.020000,2795.110100,2797.020000,2794.889900,-1.909900,2.130100,2
2801.100100,2797.080100,2801.149900,2797.060100,-4.020000,4.089800,1
2798.970000,2801.070100,2802.860100,2797.710000,2.100100,5.150100,2
2803.320100,2799.419900,2804.210000,2799.419900,-3.900200,4.790100,2
2803.830100,2803.439900,2803.830100,2800.200000,-0.390200,3.630100,2
2805.070100,2805.260000,2805.280000,2803.649900,0.189900,1.630100,1
2800.550000,2804.970000,2805.600100,2800.340100,4.420000,5.260000,2
2804.370100,2800.320100,2804.370100,2798.580100,-4.050000,5.790000,1
2801.540000,2804.550000,2805.010000,2801.310100,3.010000,3.699900,2
2809.960000,2801.310100,2809.960000,2800.470000,-8.649900,9.490000,2
2810.689900,2811.159900,2812.689900,2808.290000,0.470000,4.399900,1
2804.540000,2809.439900,2809.439900,2800.780000,4.899900,8.659900,1
2797.689900,2805.510000,2805.689900,2797.689900,7.820100,8.000000,1
2793.110100,2795.639900,2800.379900,2793.110100,2.529800,7.269800,2
2794.730000,2793.939900,2795.889900,2791.889900,-0.790100,4.000000,1
2785.870100,2794.480000,2796.210000,2784.280000,8.609900,11.930000,2
2788.540000,2785.429900,2789.970000,2782.570100,-3.110100,7.399900,2
2791.750000,2787.439900,2793.320100,2784.020000,-4.310100,9.300100,2
2796.810100,2792.470000,2797.159900,2790.860100,-4.340100,6.299800,2
2804.909900,2798.850100,2804.909900,2794.500000,-6.059800,10.409900,2
2807.870100,2804.740000,2808.000000,2802.840100,-3.130100,5.159900,2
2810.230000,2807.659900,2810.230000,2805.960000,-2.570100,4.270000,2
2810.580100,2810.620100,2814.409900,2810.580100,0.040000,3.829800,2
2812.740000,2810.790000,2815.220000,2808.750000,-1.950000,6.470000,1
2812.100100,2812.720000,2812.800000,2807.050000,0.619900,5.750000,2
2814.929900,2812.530000,2816.790000,2811.790000,-2.399900,5.000000,1
2812.840100,2815.550000,2815.550000,2811.679900,2.709900,3.870100,2
2814.629900,2813.710000,2816.110100,2811.510000,-0.919900,4.600100,1
2813.270000,2814.000000,2814.429900,2811.409900,0.730000,3.020000,1
2809.090100,2812.360100,2814.899900,2807.100100,3.270000,7.799800,1
2801.460000,2807.020000,2807.020000,2798.360100,5.560000,8.659900,2
2808.510000,2800.139900,2808.960000,2800.139900,-8.370100,8.820100,2
2812.470000,2808.320100,2814.840100,2807.659900,-4.149900,7.180200,1
2811.090100,2812.020000,2812.990000,2809.270000,0.929900,3.720000,1
2811.010000,2810.310100,2811.679900,2806.070100,-0.699900,5.609800,1
2802.439900,2809.740000,2811.540000,2800.800000,7.300100,10.740000,2
2809.010000,2803.389900,2810.480000,2803.379900,-5.620100,7.100100,1
2796.080100,2800.620100,2800.620100,2790.659900,4.540000,9.960200,1
2793.810100,2796.220000,2799.200000,2791.399900,2.409900,7.800100,1
2790.300000,2791.260000,2796.159900,2789.090100,0.960000,7.069800,2
2796.159900,2791.090100,2797.659900,2790.460000,-5.069800,7.199900,2
2803.020000,2797.110100,2804.770000,2796.240000,-5.909900,8.530000,2
2804.070100,2803.480000,2805.980000,2800.840100,-0.590100,5.139900,1
2795.490000,2804.800000,2804.800000,2794.810100,9.310000,9.989900,1
2787.280000,2795.169900,2796.960000,2787.280000,7.889900,9.680000,1
2780.080100,2787.000000,2787.270000,2778.370100,6.919900,8.899900,1
2771.490000,2777.340100,2777.340100,2767.280000,5.850100,10.060100,2
2772.010000,2769.639900,2775.120100,2768.960000,-2.370100,6.160100,2
2777.260000,2771.909900,2779.409900,2767.970000,-5.350100,11.439900,2
2782.590100,2776.850100,2784.159900,2774.370100,-5.740000,9.789800,1
2777.230000,2782.340100,2782.750000,2777.230000,5.110100,5.520000,1
2769.820100,2777.090100,2778.530000,2769.080100,7.270000,9.449900,1
2762.419900,2769.129900,2771.560100,2760.179900,6.710000,11.380200,1
2755.760000,2763.090100,2765.210000,2755.240000,7.330100,9.970000,2
2759.560100,2756.689900,2761.330100,2756.480000,-2.870200,4.850100,2
2765.419900,2758.889900,2770.320100,2758.889900,-6.530000,11.430200,2
2767.840100,2763.820100,2770.790000,2761.010000,-4.020000,9.780000,2
2772.090100,2767.600100,2772.159900,2764.730000,-4.490000,7.429900,1
2769.240000,2772.460000,2775.290000,2769.240000,3.220000,6.050000,1
2761.500000,2770.350100,2770.909900,2761.300000,8.850100,9.609900,2
2771.360100,2761.480000,2772.290000,2761.480000,-9.880100,10.810000,1
2769.129900,2769.480000,2774.870100,2764.679900,0.350100,10.190200,1
2766.659900,2768.189900,2771.840100,2765.419900,1.530000,6.420200,2
2786.700000,2776.899900,2787.409900,2776.389900,-9.800100,11.020000,2
2789.919900,2789.600100,2792.419900,2787.730000,-0.319800,4.689900,2
2792.169900,2790.530000,2797.659900,2789.830100,-1.639900,7.829800,1
2790.409900,2792.389900,2794.600100,2790.010000,1.980000,4.590100,1
2790.340100,2790.210000,2795.129900,2788.700000,-0.130100,6.429900,2
2791.149900,2790.840100,2791.679900,2787.439900,-0.309800,4.240000,2
2792.490000,2793.129900,2794.260000,2789.669900,0.639900,4.590100,1
2784.429900,2792.200000,2793.750000,2784.429900,7.770100,9.320100,1
2779.970000,2784.520000,2785.290000,2778.620100,4.550000,6.669900,2
2784.919900,2779.850100,2785.379900,2778.310100,-5.069800,7.069800,1
2779.460000,2786.530000,2786.530000,2778.600100,7.070000,7.929900,1
2771.600100,2779.409900,2780.470000,2769.360100,7.809800,11.109900,1
2769.490000,2770.060100,2772.090100,2765.210000,0.570100,6.880100,2
2774.520000,2770.189900,2775.500000,2768.639900,-4.330100,6.860100,2
2776.649900,2773.580100,2776.970000,2767.530000,-3.069800,9.440000,2
2779.510000,2776.340100,2779.510000,2775.850100,-3.169900,3.659900,1
2774.740000,2778.159900,2780.679900,2774.379900,3.419900,6.300000,1
2772.620100,2774.600100,2776.830100,2772.409900,1.980000,4.420200,1
2765.230000,2771.820100,2772.139900,2760.679900,6.590100,11.460000,2
2769.659900,2764.899900,2771.950000,2763.560100,-4.760000,8.389900,1
2768.689900,2769.830100,2773.220000,2768.080100,1.140200,5.139900,2
2769.639900,2768.230000,2774.179900,2768.230000,-1.409900,5.949900,1
2766.659900,2770.010000,2770.929900,2765.290000,3.350100,5.639900,2
2774.830100,2766.550000,2774.990000,2764.290000,-8.280100,10.700000,1
2773.570100,2774.550000,2775.510000,2771.350100,0.979900,4.159900,1
2768.870100,2774.189900,2775.990000,2766.870100,5.319800,9.119900,1
2766.980000,2775.639900,2778.439900,2766.980000,8.659900,11.459900,1
2759.189900,2767.139900,2770.970000,2756.490000,7.950000,14.480000,1
2757.649900,2757.500000,2759.490000,2753.360100,-0.149900,6.129900,1
2751.669900,2757.700000,2757.770000,2749.800000,6.030100,7.970000,2
2763.060100,2751.070100,2763.550000,2749.780000,-11.990000,13.770000,2
2769.060100,2763.260000,2772.100100,2761.669900,-5.800100,10.430200,1
2762.460000,2767.450000,2769.210000,2761.899900,4.990000,7.310100,2
2764.960000,2762.230000,2770.050000,2762.230000,-2.730000,7.820000,1
2758.470000,2764.689900,2765.730000,2757.629900,6.219900,8.100100,1
2756.399900,2758.909900,2762.080100,2755.030000,2.510000,7.050100,1
2753.399900,2757.169900,2762.770000,2753.399900,3.770000,9.370100,2
2754.379900,2752.780000,2755.139900,2751.419900,-1.599900,3.720000,2
2757.730000,2754.679900,2758.250000,2752.860100,-3.050100,5.389900,2
2759.450000,2758.649900,2760.370100,2755.710000,-0.800100,4.660100,2
2763.570100,2758.810100,2764.200000,2757.070100,-4.760000,7.129900,1
2758.389900,2763.290000,2764.129900,2757.379900,4.900100,6.750000,2
2762.090100,2758.340100,2762.139900,2757.909900,-3.750000,4.230000,1
2756.240000,2762.159900,2763.649900,2756.080100,5.919900,7.569800,2
2757.210000,2755.929900,2759.610100,2755.929900,-1.280100,3.680200,1
2755.980000,2756.600100,2759.159900,2755.490000,0.620100,3.669900,2
2756.879900,2755.470000,2759.290000,2754.810100,-1.409900,4.479900,2
2760.669900,2756.780000,2762.770000,2756.780000,-3.889900,5.990000,2
2764.720000,2759.679900,2765.800000,2759.250000,-5.040100,6.550000,1
2762.520000,2764.929900,2765.100100,2760.620100,2.409900,4.480000,1
2759.980000,2761.429900,2766.429900,2758.530000,1.449900,7.899900,1
2756.200000,2759.419900,2761.300000,2756.200000,3.219900,5.100000,1
2717.610100,2714.669900,2719.909900,2709.159900,-2.940200,10.750000,1
2712.950000,2715.570100,2721.210000,2712.600100,2.620100,8.609900,1
2699.340100,2711.230000,2712.750000,2698.399900,11.889900,14.350100,2
2699.899900,2695.659900,2702.110100,2691.510000,-4.240000,10.600100,2
2700.850100,2699.570100,2701.610100,2693.189900,-1.280000,8.420200,2
2704.250000,2700.399900,2709.080100,2698.320100,-3.850100,10.760000,2
2711.480000,2704.159900,2711.480000,2700.870100,-7.320100,10.609900,2
2713.220000,2711.450000,2715.629900,2710.240000,-1.770000,5.389900,1
2707.010000,2713.280000,2713.669900,2707.010000,6.270000,6.659900,1
2701.030000,2705.760000,2709.500000,2701.030000,4.730000,8.470000,2
2713.750000,2701.460000,2713.919900,2701.220000,-12.290000,12.699900,2
2716.540000,2714.330100,2717.590100,2710.840100,-2.209900,6.750000,2
2722.659900,2716.919900,2723.230000,2716.500000,-5.740000,6.730000,1
2718.409900,2722.899900,2722.899900,2717.990000,4.490000,4.909900,2
2729.159900,2717.540000,2732.480000,2717.540000,-11.619900,14.940000,2
2729.360100,2729.409900,2734.080100,2727.590100,0.049800,6.490000,1
2723.010000,2729.929900,2733.030000,2722.530000,6.919900,10.500000,1
2721.669900,2722.860100,2727.120100,2720.540000,1.190200,6.580100,2
2731.189900,2722.530000,2732.419900,2721.760000,-8.659900,10.659900,2
2739.320100,2731.889900,2742.270000,2731.889900,-7.430200,10.380100,2
2746.000000,2739.179900,2746.629900,2739.179900,-6.820100,7.450000,2
2748.820100,2745.820100,2749.840100,2742.600100,-3.000000,7.240000,1
2748.730000,2748.129900,2751.980000,2745.750000,-0.600100,6.230000,1
2748.159900,2748.370100,2753.450000,2746.490000,0.210200,6.960000,1
2743.290000,2748.300000,2750.750000,2741.970000,5.010000,8.780000,1
2740.360100,2742.030000,2744.330100,2737.830100,1.669900,6.500000,1
2740.010000,2736.700000,2742.370100,2733.560100,-3.310000,8.810000,1
2733.280000,2737.879900,2740.230000,2730.899900,4.599900,9.330100,1
2731.490000,2731.700000,2735.330100,2729.240000,0.210000,6.090100,1
2726.860100,2731.030000,2731.129900,2725.720000,4.169900,5.409900,1
2726.530000,2726.810100,2731.800000,2725.860100,0.280100,5.939900,1
2719.730000,2725.710000,2725.710000,2719.730000,5.980000,5.980000,1
2709.280000,2720.580100,2721.530000,2704.649900,11.300100,16.880100,1
2706.110100,2709.820100,2712.149900,2706.110100,3.710000,6.039800,2
2707.360100,2706.000000,2710.179900,2703.540000,-1.360100,6.639900,2
2724.929900,2708.639900,2726.720000,2708.520000,-16.290000,18.200000,1
2722.929900,2724.689900,2724.689900,2720.439900,1.760000,4.250000,1
2719.020000,2722.700000,2725.850100,2716.240000,3.680000,9.610100,1
2711.659900,2719.179900,2719.179900,2709.419900,7.520000,9.760000,2
2715.760000,2711.040000,2717.000000,2708.300000,-4.720000,8.700000,1
2702.909900,2714.290000,2714.290000,2701.220000,11.380100,13.070000,1
2702.620100,2702.450000,2708.600100,2699.330100,-0.170100,9.270000,2
2704.550000,2702.310100,2704.980000,2697.080100,-2.239900,7.899900,1
2700.360100,2706.669900,2707.620100,2698.050000,6.309800,9.570100,1
2695.179900,2699.830100,2700.169900,2692.419900,4.650200,7.750000,2
2705.790000,2695.030000,2707.230000,2691.909900,-10.760000,15.320100,1
2701.629900,2706.939900,2710.200000,2701.629900,5.310000,8.570100,1
2696.689900,2701.470000,2701.470000,2694.379900,4.780100,7.090100,1
2690.629900,2695.020000,2695.020000,2685.230000,4.390100,9.790000,1
2676.490000,2689.330100,2692.610100,2676.100100,12.840100,16.510000,2
2677.270000,2676.439900,2682.480000,2674.820100,-0.830100,7.659900,1
2655.399900,2675.929900,2675.929900,2652.600100,20.530000,23.329800,2
2677.290000,2675.480000,2679.620100,2667.939900,-1.810000,11.680200,2
2687.379900,2676.389900,2687.740000,2673.850100,-10.990000,13.889900,2
2690.439900,2685.970000,2695.990000,2685.970000,-4.469900,10.020000,2
2691.129900,2690.659900,2691.480000,2683.060100,-0.470000,8.419900,2
2697.760000,2692.330100,2697.980000,2690.909900,-5.429900,7.070100,1
2693.460000,2697.429900,2698.350100,2693.460000,3.969900,4.890100,1
2688.370100,2693.560100,2694.879900,2685.700000,5.190000,9.179900,2
2703.200000,2688.950000,2703.850100,2688.360100,-14.250000,15.490000,1
2698.520000,2703.960000,2705.399900,2697.260000,5.440000,8.139900,2
2700.100100,2699.810100,2703.919900,2697.570100,-0.290000,6.349800,1
2696.870100,2699.500000,2701.200000,2695.700000,2.629900,5.500000,1
2694.720000,2696.669900,2696.669900,2691.689900,1.949900,4.980000,2
2699.169900,2693.669900,2700.399900,2693.669900,-5.500000,6.730000,2
2700.389900,2699.860100,2702.470000,2698.659900,-0.529800,3.810100,1
2693.980000,2701.159900,2702.330100,2693.300000,7.179900,9.030100,2
2699.530000,2694.450000,2699.830100,2692.870100,-5.080000,6.960000,2
2705.139900,2699.610100,2706.919900,2698.460000,-5.529800,8.459900,1
2702.790000,2705.149900,2706.730000,2702.790000,2.359900,3.940000,2
2708.550000,2702.879900,2708.679900,2700.409900,-5.670100,8.270000,2
2712.550000,2710.310100,2713.340100,2705.710000,-2.239900,7.630100,2
2719.200000,2712.340100,2720.600100,2711.939900,-6.859900,8.660200,1
2717.820100,2719.220000,2722.460000,2717.679900,1.399900,4.780100,2
2719.300000,2718.530000,2719.419900,2715.780000,-0.770000,3.639900,1
2718.320100,2719.590100,2722.620100,2716.360100,1.270000,6.260000,1
2709.159900,2719.210000,2720.350100,2707.540000,10.050100,12.810100,1
2706.560100,2710.379900,2710.629900,2701.030000,3.819800,9.599900,1
2664.879900,2665.899900,2667.110100,2656.220000,1.020000,10.890100,1
2662.159900,2667.649900,2671.570100,2662.159900,5.490000,9.410200,1
2645.800000,2661.580100,2661.580100,2638.919900,15.780100,22.660200,2
2648.740000,2646.450000,2657.590100,2645.129900,-2.290000,12.460200,1
2639.210000,2647.790000,2647.810100,2637.939900,8.580000,9.870200,1
2629.290000,2636.270000,2639.810100,2629.290000,6.980000,10.520100,2
2639.139900,2629.310100,2642.139900,2629.310100,-9.829800,12.829800,2
2653.610100,2660.960000,2665.750000,2653.610100,7.349900,12.139900,2
2659.470000,2654.730000,2663.270000,2653.419900,-4.740000,9.850100,2
2664.750000,2657.960000,2668.340100,2657.960000,-6.790000,10.380100,2
2671.280000,2664.570100,2672.629900,2662.240000,-6.709900,10.389900,2
2682.050000,2670.860100,2682.340100,2669.100100,-11.189900,13.240000,1
2680.070100,2682.399900,2687.960000,2679.189900,2.329800,8.770100,2
2686.540000,2680.790000,2691.590100,2680.790000,-5.750000,10.800100,1
2676.740000,2687.040000,2688.280000,2676.740000,10.300000,11.540000,1
2675.290000,2675.000000,2675.419900,2665.189900,-0.290000,10.230000,2
2678.879900,2674.990000,2680.570100,2671.060100,-3.889900,9.510000,1
2664.629900,2678.189900,2680.290000,2663.010000,13.560000,17.280000,2
2668.230000,2665.310100,2671.610100,2660.929900,-2.919900,10.680200,1
2666.260000,2667.320100,2674.480000,2665.260000,1.060100,9.220000,1
2647.100100,2666.310100,2667.460000,2647.100100,19.210000,20.359900,1
2644.460000,2647.510000,2651.580100,2641.960000,3.050000,9.620100,2
2657.510000,2644.830100,2662.330100,2644.830100,-12.679900,17.500000,1
2648.149900,2656.149900,2662.159900,2647.840100,8.000000,14.319800,2
2658.710000,2655.730000,2671.560100,2651.409900,-2.980000,20.150200,1
