150.000000,150.710000,150.710000,149.920000,0.710000,0.790000,2
150.330000,150.040000,150.450000,150.020000,-0.290000,0.430000,2
150.590000,150.280000,150.590000,150.250000,-0.310000,0.340000,1
150.540000,150.570000,150.660000,150.495000,0.030000,0.165000,1
150.260000,150.530000,150.690000,150.260000,0.270000,0.430000,1
150.030000,150.290000,150.360000,150.025000,0.260000,0.335000,1
149.900000,150.010000,150.015000,149.880000,0.110000,0.135000,2
150.090000,149.910000,150.145000,149.905000,-0.180000,0.240000,2
150.130000,150.090000,150.200000,149.990000,-0.040000,0.210000,2
150.180000,150.100000,150.330000,150.080000,-0.080000,0.250000,1
149.965000,150.180000,150.180000,149.940000,0.215000,0.240000,1
149.855000,149.930000,150.015000,149.840000,0.075000,0.175000,1
149.750000,149.840000,149.860000,149.670000,0.090000,0.190000,2
149.920000,149.805000,149.920000,149.800000,-0.115000,0.120000,2
150.051100,149.920000,150.051100,149.850000,-0.131100,0.201100,1
149.890000,150.050000,150.050000,149.845000,0.160000,0.205000,2
149.950000,149.890000,149.980000,149.820000,-0.060000,0.160000,1
149.920000,149.980000,150.030000,149.890000,0.060000,0.140000,2
150.100000,149.915000,150.100000,149.900000,-0.185000,0.200000,1
149.960000,150.090000,150.090000,149.910000,0.130000,0.180000,1
149.650000,149.965000,149.970000,149.590000,0.315000,0.380000,1
149.590000,149.620000,149.680000,149.500000,0.030000,0.180000,1
149.530000,149.600000,149.660000,149.460000,0.070000,0.200000,1
149.380000,149.540000,149.540000,149.190000,0.160000,0.350000,2
149.500000,149.400000,149.540000,149.390000,-0.100000,0.150000,1
149.440000,149.500000,149.598500,149.330000,0.060000,0.268500,1
147.910000,149.250000,149.250000,147.890000,1.340000,1.360000,1
147.710000,147.880000,148.190000,147.430000,0.170000,0.760000,1
147.670000,147.740000,147.770000,147.280000,0.070000,0.490000,1
146.760000,147.550100,147.620000,146.760000,0.790100,0.860000,2
147.100000,146.742500,147.130000,146.742500,-0.357500,0.387500,2
147.415000,147.120000,147.600000,147.120000,-0.295000,0.480000,1
147.390000,147.415000,147.790000,147.390000,0.025000,0.400000,1
147.301000,147.390000,147.440000,147.250000,0.089000,0.190000,1
147.230000,147.300000,147.310000,147.030000,0.070000,0.280000,1
147.220000,147.230000,147.439100,147.220000,0.010000,0.219100,1
146.927200,147.210000,147.360000,146.900000,0.282800,0.460000,2
146.980000,146.940000,147.000000,146.800000,-0.040000,0.200000,2
147.100000,146.950000,147.360000,146.950000,-0.150000,0.410000,1
146.790000,147.070000,147.190000,146.760000,0.280000,0.430000,1
146.680000,146.770000,146.800000,146.570000,0.090000,0.230000,1
146.600000,146.690000,146.710000,146.453100,0.090000,0.256900,1
146.530000,146.570000,146.590000,146.337500,0.040000,0.252500,1
146.390000,146.510000,146.560000,146.310000,0.120000,0.250000,2
146.460000,146.430000,146.570000,146.380000,-0.030000,0.190000,1
146.380000,146.440000,146.449900,146.110000,0.060000,0.339900,2
146.660000,146.370000,146.800000,146.300000,-0.290000,0.500000,1
146.630000,146.670000,146.800000,146.570000,0.040000,0.230000,2
146.760000,146.620000,146.889900,146.580000,-0.140000,0.309900,1
146.520000,146.790000,146.820000,146.520000,0.270000,0.300000,1
146.520000,146.520000,146.530000,146.260000,0.000000,0.270000,2
146.770000,146.540000,146.840000,146.540000,-0.230000,0.300000,2
147.040000,146.730000,147.065000,146.040000,-0.310000,1.025000,1
146.360000,147.180000,147.400000,146.220000,0.820000,1.180000,1
145.860000,146.340000,146.580000,145.730000,0.480000,0.850000,2
146.520000,145.880000,146.520000,145.800000,-0.640000,0.720000,1
146.480000,146.510000,146.570100,146.370000,0.030000,0.200100,1
145.980000,146.440000,146.520000,145.935000,0.460000,0.585000,1
145.880000,145.950000,146.050000,145.770000,0.070000,0.280000,1
145.400000,145.860000,145.890000,145.380000,0.460000,0.510000,1
145.230000,145.420000,145.680000,145.170000,0.190000,0.510000,1
144.910000,145.220000,145.271100,144.810000,0.310000,0.461100,1
144.860000,144.900000,145.160000,144.850000,0.040000,0.310000,2
145.160000,144.850000,145.190000,144.800000,-0.310000,0.390000,1
144.730000,145.140000,145.140000,144.570000,0.410000,0.570000,2
144.800000,144.710000,144.960000,144.710000,-0.090000,0.250000,1
144.520000,144.790000,144.790000,144.480000,0.270000,0.310000,1
144.424900,144.530000,144.710000,144.420000,0.105100,0.290000,2
144.910000,144.460000,144.940000,144.440000,-0.450000,0.500000,1
144.900000,144.910000,144.970000,144.750000,0.010000,0.220000,1
144.760000,144.952600,145.060000,144.740000,0.192600,0.320000,2
145.365000,144.772400,145.375000,144.730000,-0.592600,0.645000,1
145.360000,145.330000,145.460000,145.190000,-0.030000,0.270000,2
145.500000,145.410000,145.547200,145.200000,-0.090000,0.347200,2
145.630000,145.570000,145.820000,145.450000,-0.060000,0.370000,1
145.470000,145.610000,145.810000,145.450000,0.140000,0.360000,2
145.490000,145.500000,145.500000,145.235000,0.010000,0.265000,1
145.350000,145.490000,145.710000,145.210000,0.140000,0.500000,1
143.760000,144.750000,144.750000,143.300000,0.990000,1.450000,2
143.880000,143.670000,143.990000,143.660000,-0.210000,0.330000,1
143.730000,143.940000,143.990000,143.500000,0.210000,0.490000,1
143.710000,143.740000,143.920000,143.600000,0.030000,0.320000,1
143.220000,143.640000,143.690000,143.220000,0.420000,0.470000,1
143.220000,143.221000,143.250000,142.820000,0.001000,0.430000,1
142.750000,143.160000,143.210000,142.625000,0.410000,0.585000,1
142.230000,142.750000,142.750000,142.034100,0.520000,0.715900,1
141.120000,142.230000,142.300000,140.690000,1.110000,1.610000,2
141.680000,141.045000,141.680000,140.350000,-0.635000,1.330000,1
141.370000,141.650000,141.690000,141.210000,0.280000,0.480000,2
141.532700,141.370000,141.630000,141.140000,-0.162700,0.490000,1
141.220000,141.540000,141.540000,141.120000,0.320000,0.420000,1
140.620000,141.300000,141.360000,140.620000,0.680000,0.740000,2
140.850000,140.600000,141.120000,140.600000,-0.250000,0.520000,1
140.630400,140.860000,140.910000,140.630000,0.229600,0.280000,2
141.300000,140.620000,141.400000,140.600000,-0.680000,0.800000,1
141.300000,141.340000,141.494600,141.192400,0.040000,0.302200,1
141.200000,141.260000,141.660000,140.190000,0.060000,1.470000,2
141.420000,141.250000,141.540000,141.110000,-0.170000,0.430000,2
141.910000,141.435000,141.910000,141.435000,-0.475000,0.475000,1
141.740000,141.905000,142.080000,141.600000,0.165000,0.480000,2
141.800000,141.730000,142.010000,141.660000,-0.070000,0.350000,1
141.709200,141.790000,142.090000,141.709200,0.080800,0.380800,2
142.010000,141.810000,142.049000,141.770000,-0.200000,0.279000,1
141.890000,142.020000,142.190000,141.860000,0.130000,0.330000,2
142.460000,141.500000,142.800000,141.180500,-0.960000,1.619500,2
142.470000,142.430000,142.560000,142.030000,-0.040000,0.530000,1
142.335000,142.530000,142.860000,142.185000,0.195000,0.675000,2
142.920000,142.370000,142.980000,142.370000,-0.550000,0.610000,2
143.170000,142.967200,143.280000,142.967200,-0.202800,0.312800,1
142.840000,143.100000,143.200000,142.700000,0.260000,0.500000,1
142.670000,142.870000,142.870000,142.420000,0.200000,0.450000,2
142.830000,142.690000,142.920000,142.490000,-0.140000,0.430000,2
142.900000,142.840000,143.170000,142.770000,-0.060000,0.400000,1
142.870000,142.930000,143.021000,142.740000,0.060000,0.281000,1
142.500000,142.820000,142.969900,142.500000,0.320000,0.469900,1
142.350000,142.500000,142.560000,142.259300,0.150000,0.300700,1
142.050000,142.262800,142.350000,142.020000,0.212800,0.330000,2
142.090000,142.010000,142.110000,141.840000,-0.080000,0.270000,2
142.200000,142.055000,142.320000,141.750000,-0.145000,0.570000,2
142.259700,142.200000,142.440000,142.110000,-0.059700,0.330000,1
141.910000,142.240000,142.240000,141.898900,0.330000,0.341100,2
142.169900,141.841100,142.240000,141.830000,-0.328800,0.410000,2
142.215000,142.130000,142.300000,141.990000,-0.085000,0.310000,2
142.310000,142.260000,142.380000,142.080000,-0.050000,0.300000,2
142.460000,142.350000,142.505000,142.200000,-0.110000,0.305000,2
142.610000,142.460000,142.770000,142.250000,-0.150000,0.520000,2
142.630000,142.625000,142.645000,142.500000,-0.005000,0.145000,1
142.505000,142.600000,142.640000,142.430000,0.095000,0.210000,2
142.555000,142.520000,142.620000,142.444000,-0.035000,0.176000,1
142.380000,142.560000,142.820000,142.310000,0.180000,0.510000,1
140.720000,142.470000,142.470000,140.647500,1.750000,1.822500,1
139.340000,140.600000,140.880000,139.219800,1.260000,1.660200,1
139.165000,139.370000,139.490000,138.420000,0.205000,1.070000,2
139.580000,139.150000,139.940000,139.150000,-0.430000,0.790000,1
139.240000,139.530000,139.800000,139.080000,0.290000,0.720000,1
138.935000,139.240000,139.550000,138.830000,0.305000,0.720000,1
138.040000,138.850400,138.915000,138.031000,0.810400,0.884000,2
138.130000,138.080000,138.190000,137.590000,-0.050000,0.600000,1
137.800000,138.110000,138.130000,137.596800,0.310000,0.533200,1
137.600000,137.774800,137.910000,137.590000,0.174800,0.320000,2
137.730000,137.550000,137.779600,137.040000,-0.180000,0.739600,2
138.060000,137.730000,138.380000,137.730000,-0.330000,0.650000,1
137.890000,138.010000,138.050000,137.570000,0.120000,0.480000,1
137.690000,137.850000,138.210000,137.690000,0.160000,0.520000,1
137.640000,137.670000,137.770000,137.150000,0.030000,0.620000,2
137.740000,137.650000,138.040000,137.588400,-0.090000,0.451600,2
137.780000,137.712300,137.990000,137.600000,-0.067700,0.390000,1
137.770000,137.790000,138.000000,137.600000,0.020000,0.400000,1
137.300000,137.761900,137.820000,137.090000,0.461900,0.730000,2
137.690000,137.270000,137.710000,137.230000,-0.420000,0.480000,1
137.280000,137.630000,137.790000,137.260000,0.350000,0.530000,2
137.620000,137.310000,137.635000,137.220000,-0.310000,0.415000,1
136.830000,137.600000,137.600000,136.700000,0.770000,0.900000,2
137.190000,136.841900,137.230000,136.750000,-0.348100,0.480000,1
136.000000,137.220000,137.250000,135.882500,1.220000,1.367500,1
135.530000,136.020000,136.460000,135.210000,0.490000,1.250000,1
134.580000,134.090000,134.730000,132.660000,-0.490000,2.070000,2
137.100000,134.620000,137.230000,134.440000,-2.480000,2.790000,1
136.400000,137.050000,137.070000,135.950100,0.650000,1.119900,1
135.920000,136.320000,136.320000,135.710000,0.400000,0.610000,1
135.620000,136.020000,136.460000,135.570000,0.400000,0.890000,1
134.970400,135.250000,135.410000,134.970400,0.279600,0.439600,1
133.800000,134.910000,134.920000,133.770000,1.110000,1.150000,2
134.500000,133.744000,134.720000,133.744000,-0.756000,0.976000,2
134.590000,134.480000,134.740000,133.987500,-0.110000,0.752500,2
134.970000,134.680000,135.630000,134.500000,-0.290000,1.130000,2
135.700000,135.020000,135.720000,134.900000,-0.680000,0.820000,2
136.030000,135.710000,136.540000,135.710000,-0.320000,0.830000,2
136.040000,136.030000,136.320000,135.930000,-0.010000,0.390000,1
135.557400,136.015000,136.015000,135.310000,0.457600,0.705000,2
135.700000,135.500000,135.720000,134.950000,-0.200000,0.770000,1
135.640000,135.684400,135.960000,135.430000,0.044400,0.530000,1
135.260000,135.710000,135.830000,135.060000,0.450000,0.770000,2
135.555000,135.170000,135.592500,134.750000,-0.385000,0.842500,1
135.026300,135.550000,135.690000,134.920000,0.523700,0.770000,1
134.790000,135.080000,135.110000,134.650000,0.290000,0.460000,1
133.240000,134.760000,134.760000,133.200000,1.520000,1.560000,2
133.530000,133.130000,133.950000,132.370500,-0.400000,1.579500,2
134.080000,133.510000,134.290000,133.190000,-0.570000,1.100000,2
135.041400,134.050000,135.410000,134.050000,-0.991400,1.360000,1
134.620000,135.030000,135.400000,134.360000,0.410000,1.040000,1
133.740000,134.480000,134.665000,133.700000,0.740000,0.965000,2
138.779000,139.010000,139.879900,138.320000,0.231000,1.559900,2
139.960000,138.820000,140.110000,138.820000,-1.140000,1.290000,2
140.180000,139.930000,140.970000,139.855000,-0.250000,1.115000,1
139.290000,140.180000,140.186800,139.250000,0.890000,0.936800,2
139.900000,139.190000,140.020000,139.180000,-0.710000,0.840000,2
139.920000,139.970000,140.160000,139.590000,0.050000,0.570000,2
139.920300,139.930000,140.230000,139.630000,0.009700,0.600000,1
139.400000,139.950000,139.950000,139.240000,0.550000,0.710000,1
138.830000,139.380000,139.550000,138.772700,0.550000,0.777300,1
138.800000,138.820000,139.030000,138.400000,0.020000,0.630000,1
138.770000,138.750000,138.810000,138.254400,-0.020000,0.555600,1
138.163000,138.710000,138.710000,137.880000,0.547000,0.830000,1
137.448000,138.110000,138.330000,137.448000,0.662000,0.882000,2
138.580000,137.480000,138.760000,137.480000,-1.100000,1.280000,2
138.760000,138.570000,139.040000,138.350000,-0.190000,0.690000,1
138.640000,138.870000,139.020000,138.610000,0.230000,0.410000,1
138.580000,138.620000,138.620000,138.040000,0.040000,0.580000,2
138.633700,138.570000,138.820000,138.400000,-0.063700,0.420000,1
138.000000,138.690000,138.690000,137.990000,0.690000,0.700000,2
138.610000,137.980000,138.630000,137.980000,-0.630000,0.650000,1
138.250400,138.620000,138.690000,138.180000,0.369600,0.510000,2
138.850000,138.290000,139.070000,138.210000,-0.560000,0.860000,2
139.330000,138.850000,139.580000,138.701200,-0.480000,0.878800,2
139.950000,139.326700,140.050000,139.120000,-0.623300,0.930000,2
140.030000,139.920000,140.040000,139.561400,-0.110000,0.478600,1
140.010000,140.068000,140.530000,139.810000,0.058000,0.720000,1
138.490000,139.860000,140.000000,137.590000,1.370000,2.410000,1
138.240000,138.720000,138.947000,138.240000,0.480000,0.707000,1
137.970000,138.240000,138.360000,137.870000,0.270000,0.490000,2
138.310000,137.970000,138.330000,137.670000,-0.340000,0.660000,2
138.430000,138.240000,138.630000,138.150000,-0.190000,0.480000,2
139.040000,138.440000,139.065000,138.350000,-0.600000,0.715000,2
139.555000,139.105000,139.680000,139.000000,-0.450000,0.680000,2
139.880000,139.550000,139.930000,139.310000,-0.330000,0.620000,1
139.590000,139.890000,139.900000,139.500000,0.300000,0.400000,1
138.580000,139.620000,139.640000,138.540000,1.040000,1.100000,1
138.190000,138.550000,138.640000,138.050000,0.360000,0.590000,2
138.550000,138.170000,138.610000,138.130000,-0.380000,0.480000,2
138.800000,138.580000,139.000000,138.510000,-0.220000,0.490000,1
138.590000,138.840000,138.870000,138.530000,0.250000,0.340000,2
138.920000,138.670000,139.030000,138.601000,-0.250000,0.429000,1
138.520000,138.880000,138.910000,138.430000,0.360000,0.480000,2
138.860000,138.520000,139.100000,138.480000,-0.340000,0.620000,1
138.790000,138.880000,139.030000,138.740000,0.090000,0.290000,1
138.330000,138.790000,138.790000,138.270000,0.460000,0.520000,1
138.130000,138.300000,138.450000,138.110000,0.170000,0.340000,2
138.650000,138.140000,138.650000,138.080000,-0.510000,0.570000,2
138.720000,138.660000,138.980000,138.560000,-0.060000,0.420000,1
138.230000,138.790300,139.040000,138.230000,0.560300,0.810000,1
138.050000,138.250000,138.300000,138.020000,0.200000,0.280000,1
138.000000,138.030000,138.170000,137.800000,0.030000,0.370000,1
137.220000,137.960000,138.060000,137.220000,0.740000,0.840000,2
139.236400,138.840000,139.700000,138.750000,-0.396400,0.950000,2
139.710000,139.350000,139.710000,138.980000,-0.360000,0.730000,1
139.540000,139.690000,140.009900,139.440000,0.150000,0.569900,2
139.550000,139.500000,139.750000,139.260000,-0.050000,0.490000,2
140.100000,139.545000,140.135000,139.400000,-0.555000,0.735000,2
140.345000,140.120000,140.440000,140.120000,-0.225000,0.320000,2
140.925000,140.390000,140.930000,140.310000,-0.535000,0.620000,2
141.028200,140.950000,141.120000,140.600000,-0.078200,0.520000,2
141.028800,141.020000,141.174500,140.970100,-0.008800,0.204400,2
141.290000,141.070000,141.322500,141.000000,-0.220000,0.322500,2
141.650000,141.320000,141.715000,141.295000,-0.330000,0.420000,1
141.571500,141.695000,141.746100,141.340000,0.123500,0.406100,1
141.510000,141.585000,141.585000,141.450000,0.075000,0.135000,1
141.490000,141.520000,141.570000,141.199900,0.030000,0.370100,2
141.570000,141.530000,141.600000,141.455000,-0.040000,0.145000,1
141.360000,141.560000,141.670000,141.360000,0.200000,0.310000,2
141.650000,141.360000,141.680000,141.360000,-0.290000,0.320000,1
141.560000,141.635000,141.793100,141.540000,0.075000,0.253100,1
141.560000,141.595000,141.740000,141.450000,0.035000,0.290000,1
141.370000,141.586700,141.586700,141.210000,0.216700,0.376700,2
141.610000,141.420000,141.620000,141.340000,-0.190000,0.280000,1
141.380000,141.580000,141.590900,141.350000,0.200000,0.240900,2
141.650000,141.370000,141.650000,141.240000,-0.280000,0.410000,1
141.595000,141.640000,141.760000,141.446500,0.045000,0.313500,2
142.080000,141.590000,142.080000,141.540000,-0.490000,0.540000,1
141.740000,142.110000,142.110000,141.740000,0.370000,0.370000,2
142.160000,142.230000,142.230000,141.160000,0.070000,1.070000,1
142.040000,142.230000,142.650000,142.010000,0.190000,0.640000,1
141.490000,141.980000,141.980000,141.400000,0.490000,0.580000,1
141.200000,141.490000,141.644200,141.040000,0.290000,0.604200,1
140.920000,141.280000,141.390000,140.800000,0.360000,0.590000,2
141.260000,140.880500,141.300000,140.770000,-0.379500,0.530000,2
141.410000,141.160000,141.620000,140.970000,-0.250000,0.650000,2
141.765700,141.460000,141.870000,141.430000,-0.305700,0.440000,2
142.270000,141.900000,142.310000,141.450000,-0.370000,0.860000,2
142.450000,142.330000,142.500000,142.165000,-0.120000,0.335000,2
142.470000,142.470000,142.510000,142.180000,0.000000,0.330000,1
142.264800,142.510000,142.800000,142.260000,0.245200,0.540000,2
142.430000,142.240000,142.640000,142.180000,-0.190000,0.460000,1
142.340000,142.470000,142.470000,142.050000,0.130000,0.420000,2
142.679700,142.340000,142.860000,142.280000,-0.339700,0.580000,1
142.590000,142.666200,142.666200,142.460000,0.076200,0.206200,1
142.587800,142.630000,142.790000,142.440000,0.042200,0.350000,1
142.445000,142.580000,142.600000,142.374400,0.135000,0.225600,1
142.190000,142.510000,142.600000,142.160000,0.320000,0.440000,1
141.860000,142.100000,142.180000,141.670000,0.240000,0.510000,2
142.425000,141.930000,142.440000,141.810000,-0.495000,0.630000,2
142.610000,142.410000,142.760000,142.330000,-0.200000,0.430000,1
142.575000,142.590000,142.740000,142.490000,0.015000,0.250000,2
142.700000,142.605300,142.770000,142.300000,-0.094700,0.470000,1
142.310000,142.700000,142.820000,142.170000,0.390000,0.650000,2
142.480000,142.300000,142.580000,142.170000,-0.180000,0.410000,1
142.000000,142.170000,142.170000,140.950000,0.170000,1.220000,1
141.290000,141.930000,141.990000,141.245000,0.640000,0.745000,1
140.870000,141.180000,141.480000,140.800000,0.310000,0.680000,2
140.880000,140.955000,141.410000,140.880000,0.075000,0.530000,2
141.150000,140.860000,141.420000,140.860000,-0.290000,0.560000,2
141.560000,141.265000,141.640000,141.140000,-0.295000,0.500000,1
141.010000,141.610000,141.610000,140.974600,0.600000,0.635400,1
140.410000,140.980000,141.070000,140.330000,0.570000,0.740000,1
139.900000,140.370000,140.420000,139.900000,0.470000,0.520000,1
139.700000,139.830000,139.830000,139.390000,0.130000,0.440000,1
139.600000,139.620000,139.800000,139.520000,0.020000,0.280000,2
139.880000,139.560000,139.960000,139.350000,-0.320000,0.610000,2
140.050000,139.855000,140.230000,139.757500,-0.195000,0.472500,1
139.735000,140.080000,140.120000,139.710000,0.345000,0.410000,1
139.040000,139.720000,139.760000,138.880000,0.680000,0.880000,1
138.345000,138.970000,139.040000,138.250000,0.625000,0.790000,1
138.210000,138.370000,138.630000,137.950700,0.160000,0.679300,2
138.380000,138.250000,138.710000,138.250000,-0.130000,0.460000,2
138.900000,138.350000,139.090000,138.301200,-0.550000,0.788800,2
139.170000,138.880000,139.310000,138.720000,-0.290000,0.590000,2
139.531500,139.198000,139.600000,138.770000,-0.333500,0.830000,2
139.590000,139.590000,139.880000,139.520000,0.000000,0.360000,1
139.050000,139.600000,139.690000,139.040000,0.550000,0.650000,2
139.539000,139.050000,139.740000,139.050000,-0.489000,0.690000,1
139.430000,139.530000,139.900000,139.140000,0.100000,0.760000,1
139.320000,139.350000,139.540000,139.060000,0.030000,0.480000,2
141.720000,139.680000,142.042500,139.680000,-2.040000,2.362500,1
141.498800,141.830000,142.170000,141.498800,0.331200,0.671200,2
141.810000,141.410000,142.100000,141.300000,-0.400000,0.800000,2
141.830000,141.855900,141.960000,141.580000,0.025900,0.380000,1
141.780000,141.890000,142.100000,141.750000,0.110000,0.350000,1
141.050000,141.760000,141.760000,140.980000,0.710000,0.780000,1
140.990000,141.150000,141.340000,140.830000,0.160000,0.510000,1
140.780900,140.980000,141.090000,140.598600,0.199100,0.491400,1
140.580000,140.850000,140.940000,140.500000,0.270000,0.440000,2
140.890000,140.570000,140.930000,140.450000,-0.320000,0.480000,1
140.620000,140.900000,140.950000,140.530000,0.280000,0.420000,1
139.710000,140.620000,140.653800,139.700000,0.910000,0.953800,2
139.831800,139.700000,139.840000,139.400000,-0.131800,0.440000,2
140.410000,139.890000,140.490000,139.840000,-0.520000,0.650000,2
140.489700,140.290700,140.489700,139.880000,-0.199000,0.609700,2
140.560000,140.420000,140.630000,140.362000,-0.140000,0.268000,1
140.300000,140.540000,140.834600,140.260000,0.240000,0.574600,1
140.250000,140.250000,140.450000,140.200000,0.000000,0.250000,1
139.910000,140.210000,140.210000,139.500000,0.300000,0.710000,2
140.050000,139.900000,140.260000,139.720000,-0.150000,0.540000,1
139.930000,140.060000,140.148900,139.830000,0.130000,0.318900,2
140.080000,139.930000,140.300000,139.920000,-0.150000,0.380000,2
140.145000,140.117100,140.200000,139.910000,-0.027900,0.290000,2
140.560000,140.140000,140.560000,140.030000,-0.420000,0.530000,2
140.630000,140.500000,140.706000,140.330000,-0.130000,0.376000,1
140.080000,140.640000,140.730000,140.060000,0.560000,0.670000,1
139.940000,140.920000,141.100000,139.630000,0.980000,1.470000,1
139.820000,139.825000,140.170000,139.520000,0.005000,0.650000,2
140.450000,139.800000,140.560000,139.680000,-0.650000,0.880000,1
139.860000,140.390000,140.390000,139.760000,0.530000,0.630000,2
140.890500,139.900000,140.950000,139.780000,-0.990500,1.170000,2
141.270000,140.880000,141.530000,140.750000,-0.390000,0.780000,1
140.698100,141.185000,141.185000,140.698100,0.486900,0.486900,2
140.980000,140.715000,141.440000,140.715000,-0.265000,0.725000,1
140.780000,140.965000,141.010000,140.650000,0.185000,0.360000,1
140.600000,140.710000,140.900000,140.340000,0.110000,0.560000,1
140.400000,140.520000,141.010000,140.390000,0.120000,0.620000,2
140.570000,140.353100,140.570000,140.230000,-0.216900,0.340000,2
140.910000,140.610000,141.030000,140.540000,-0.300000,0.490000,2
141.080000,140.970000,141.110000,140.810000,-0.110000,0.300000,2
141.180000,141.067500,141.400000,140.950000,-0.112500,0.450000,1
140.750000,141.130000,141.220000,140.590000,0.380000,0.630000,2
140.810000,140.710000,140.900000,140.660000,-0.100000,0.240000,1
140.390000,140.790000,140.890000,140.260000,0.400000,0.630000,2
140.565000,140.330000,140.695000,140.330000,-0.235000,0.365000,1
140.380000,140.530000,140.649900,140.370000,0.150000,0.279900,2
140.514500,140.370000,140.770000,140.365000,-0.144500,0.405000,2
140.700000,140.560000,140.914300,140.550000,-0.140000,0.364300,2
140.990000,140.650000,141.176300,140.630000,-0.340000,0.546300,2
141.050000,141.030000,141.070000,140.770000,-0.020000,0.300000,1
140.990000,141.060000,141.380000,140.870000,0.070000,0.510000,1
140.640000,141.010000,141.070000,140.640000,0.370000,0.430000,1
137.260000,136.670000,137.600000,136.670000,-0.590000,0.930000,1
137.010000,137.230000,137.570000,136.780000,0.220000,0.790000,1
136.260000,136.960000,137.095000,136.100000,0.700000,0.995000,2
136.543600,136.140100,136.700000,136.050000,-0.403500,0.650000,1
135.988600,136.470000,136.520000,135.620000,0.481400,0.900000,2
136.530000,135.950000,136.922900,135.940000,-0.580000,0.982900,2
136.570000,136.500000,136.750000,136.200000,-0.070000,0.550000,2
136.945000,136.520000,137.160000,136.463200,-0.425000,0.696800,1
136.570000,136.980000,136.980000,136.510000,0.410000,0.470000,1
136.350000,136.530000,136.850000,136.300000,0.180000,0.550000,2
137.150000,136.290000,137.230000,136.290000,-0.860000,0.940000,2
137.530000,137.170000,137.540000,136.940000,-0.360000,0.600000,2
138.140000,137.540000,138.170000,137.540000,-0.600000,0.630000,1
137.650000,138.155000,138.155000,137.560000,0.505000,0.595000,2
138.240000,137.600000,138.490000,137.600000,-0.640000,0.890000,2
138.440000,138.290000,138.710000,138.110000,-0.150000,0.600000,1
137.720000,138.490000,138.620000,137.700000,0.770000,0.920000,2
138.160000,137.720000,138.370000,137.720000,-0.440000,0.650000,2
138.480000,138.150000,138.535000,138.060000,-0.330000,0.475000,2
139.430000,138.510000,139.640000,138.510000,-0.920000,1.130000,2
139.640000,139.395000,139.828900,139.390000,-0.245000,0.438900,1
139.470000,139.640000,139.690000,139.190000,0.170000,0.500000,2
139.480000,139.410000,139.740000,139.310000,-0.070000,0.430000,2
139.650000,139.520000,140.030000,139.470000,-0.130000,0.560000,1
139.440000,139.690000,139.690000,139.240000,0.250000,0.450000,1
139.200000,139.410000,139.530000,139.050000,0.210000,0.480000,1
138.680000,139.530000,140.140000,138.020000,0.850000,2.120000,2
138.840000,138.610000,139.120000,138.530000,-0.230000,0.590000,1
138.540000,138.810000,138.935000,138.150000,0.270000,0.785000,2
138.600000,138.589900,138.780000,138.250000,-0.010100,0.530000,2
138.650000,138.620000,138.920000,138.410000,-0.030000,0.510000,1
138.330000,138.640000,138.740000,138.330000,0.310000,0.410000,1
137.810000,138.300000,138.550000,137.680000,0.490000,0.870000,1
137.560000,137.800000,138.030000,137.500000,0.240000,0.530000,1
137.320000,137.550000,137.600000,137.132600,0.230000,0.467400,2
138.260000,137.310000,138.530000,137.310000,-0.950000,1.220000,2
138.440000,138.270000,138.470000,138.073200,-0.170000,0.396800,1
138.040000,138.370000,138.570000,137.980000,0.330000,0.590000,1
137.800000,138.030000,138.080000,137.620000,0.230000,0.460000,2
138.240000,137.780700,138.250000,137.700000,-0.459300,0.550000,1
137.480300,138.220000,138.220000,137.340000,0.739700,0.880000,1
137.390000,137.430000,137.780000,137.185000,0.040000,0.595000,2
137.570000,137.390000,137.570000,137.070000,-0.180000,0.500000,1
137.120000,137.570000,137.656700,136.960000,0.450000,0.696700,1
136.780000,137.160000,137.220000,136.550000,0.380000,0.670000,2
137.255800,136.800000,137.340000,136.710000,-0.455800,0.630000,2
137.610000,137.340000,138.020000,137.250000,-0.270000,0.770000,1
137.220000,137.610000,137.610000,136.940000,0.390000,0.670000,1
136.770000,137.160000,137.160000,136.330000,0.390000,0.830000,1
135.990000,136.680000,136.970000,135.950000,0.690000,1.020000,1
135.900000,135.940000,136.200000,135.810000,0.040000,0.390000,1
134.360000,135.880000,135.970000,134.080000,1.520000,1.890000,2
135.160000,135.790000,135.930000,132.505000,0.630000,3.425000,2
136.640000,135.150000,137.210000,134.910000,-1.490000,2.300000,1
136.090000,136.660000,137.650000,135.740000,0.570000,1.910000,2
136.960000,136.015000,136.960000,135.525000,-0.945000,1.435000,2
137.440000,137.060100,137.622000,136.900000,-0.379900,0.722000,1
136.890000,137.455000,137.510000,136.860000,0.565000,0.650000,2
137.180000,136.790000,137.240000,136.510000,-0.390000,0.730000,2
137.640000,137.180000,137.740000,137.080000,-0.460000,0.660000,2
138.180000,137.620000,138.460000,137.620000,-0.560000,0.840000,1
138.030000,138.240000,138.480000,138.030000,0.210000,0.450000,1
138.030000,138.002600,138.320000,137.865000,-0.027400,0.455000,1
137.920700,138.000000,138.000000,137.480000,0.079300,0.520000,2
138.150000,137.860000,138.234400,137.850000,-0.290000,0.384400,2
138.470000,138.190000,138.470000,138.030000,-0.280000,0.440000,1
138.000000,138.480000,138.550000,137.900000,0.480000,0.650000,2
138.300000,138.055000,138.390000,137.900000,-0.245000,0.490000,2
138.920000,138.330000,138.930000,138.265000,-0.590000,0.665000,1
138.890000,138.920000,139.000000,138.700000,0.030000,0.300000,2
139.700000,138.880000,139.700000,138.850000,-0.820000,0.850000,2
139.750000,139.750000,139.800000,139.460000,0.000000,0.340000,2
140.230000,139.732600,140.250000,139.732600,-0.497400,0.517400,1
140.006800,140.275000,140.620000,139.994700,0.268200,0.625300,2
140.610000,140.040000,140.610000,139.980000,-0.570000,0.630000,1
140.430000,140.630000,140.900000,140.210000,0.200000,0.690000,1
140.060000,140.450000,140.560000,139.990000,0.390000,0.570000,2
140.510000,140.090000,140.800000,139.930000,-0.420000,0.870000,1
139.110000,138.010000,139.200000,137.340000,-1.100000,1.860000,1
137.863700,139.260000,139.745000,137.863700,1.396300,1.881300,1
137.500000,137.802800,137.940000,136.820000,0.302800,1.120000,2
137.790000,137.520000,138.190000,137.390000,-0.270000,0.800000,1
136.940000,137.770000,137.908300,136.900000,0.830000,1.008300,1
136.870000,136.860000,137.010000,136.510000,-0.010000,0.500000,2
137.290000,136.340000,137.360000,136.335000,-0.950000,1.025000,2
137.500000,137.319000,138.040000,137.319000,-0.181000,0.721000,2
138.000000,137.430000,138.350000,137.370000,-0.570000,0.980000,2
138.380000,138.040000,138.650000,138.000000,-0.340000,0.650000,2
139.210000,138.420000,139.240000,138.250000,-0.790000,0.990000,2
139.510000,139.195200,139.510000,139.010000,-0.314800,0.500000,1
139.030000,139.520000,139.840000,138.970000,0.490000,0.870000,2
139.720000,139.030000,139.820000,139.000000,-0.690000,0.820000,1
138.920000,139.700000,139.810000,138.920000,0.780000,0.890000,2
139.000000,138.890000,139.000000,138.280000,-0.110000,0.720000,2
139.220000,138.995000,139.550000,138.770000,-0.225000,0.780000,1
138.410000,139.150000,139.340000,138.149900,0.740000,1.190100,2
138.810000,138.360000,138.970000,138.210000,-0.450000,0.760000,1
138.625000,138.790000,138.970000,138.475000,0.165000,0.495000,1
137.560000,138.620000,138.720000,137.430000,1.060000,1.290000,1
137.350000,137.630000,137.730000,137.090000,0.280000,0.640000,2
138.010000,137.355000,138.420000,137.355000,-0.655000,1.065000,1
137.200000,137.920000,138.250000,137.180000,0.720000,1.070000,2
137.740000,137.370000,138.460000,137.320000,-0.370000,1.140000,2
140.300000,139.520000,141.500000,139.520000,-0.780000,1.980000,2
140.680000,140.180000,140.720000,139.940000,-0.500000,0.780000,2
140.700000,140.590000,141.450000,140.590000,-0.110000,0.860000,1
140.430000,140.800000,140.849400,140.390000,0.370000,0.459400,1
139.740000,140.370000,140.370000,139.450000,0.630000,0.920000,1
139.590000,139.760000,139.990000,139.490000,0.170000,0.500000,1
138.890000,139.600000,139.740000,138.750000,0.710000,0.990000,2
138.895000,138.930000,138.990000,138.632000,0.035000,0.358000,2
139.055000,138.900000,139.090000,138.650000,-0.155000,0.440000,1
138.270000,139.160000,139.175000,138.270000,0.890000,0.905000,1
137.380000,138.190000,138.290000,137.340000,0.810000,0.950000,1
136.820000,137.370000,137.522600,136.670000,0.550000,0.852600,2
137.235000,136.760000,137.465000,136.550000,-0.475000,0.915000,1
137.020000,137.210000,137.480000,136.770000,0.190000,0.710000,2
137.380000,137.050000,137.690000,137.050000,-0.330000,0.640000,1
136.940000,137.330000,137.330000,136.860100,0.390000,0.469900,1
136.850000,136.990000,137.050000,136.430000,0.140000,0.620000,1
136.570000,136.820000,137.010000,136.550000,0.250000,0.460000,1
135.940000,136.510000,136.540000,135.690000,0.570000,0.850000,1
135.590000,135.920000,136.000000,135.590000,0.330000,0.410000,2
135.760000,135.620000,135.890000,135.230000,-0.140000,0.660000,1
135.120000,135.720000,135.890000,135.040200,0.600000,0.849800,1
133.650000,135.110000,135.160000,133.570000,1.460000,1.590000,1
133.460000,133.600000,134.050000,133.150000,0.140000,0.900000,1
132.480000,133.360000,133.560000,132.350000,0.880000,1.210000,2
134.340000,132.440000,134.700000,132.270000,-1.900000,2.430000,1
132.820000,133.160000,133.680000,131.790000,0.340000,1.890000,2
134.590000,132.660000,134.820000,132.210000,-1.930000,2.610000,1
133.640000,134.630000,134.630000,133.280000,0.990000,1.350000,1
133.640000,133.690000,134.330900,133.240000,0.050000,1.090900,1
132.140000,133.690000,133.770000,132.140000,1.550000,1.630000,2
132.540000,132.250000,132.840000,132.235000,-0.290000,0.605000,1
131.750000,132.255000,132.640000,131.710000,0.505000,0.930000,2
132.500000,131.720000,132.540000,131.720000,-0.780000,0.820000,1
132.400000,132.550000,132.900000,132.300000,0.150000,0.600000,1
132.080000,132.395000,132.940000,132.010000,0.315000,0.930000,1
131.760000,132.110000,132.620000,131.680000,0.350000,0.940000,2
131.950000,131.735800,132.160000,131.710000,-0.214200,0.450000,1
131.630000,131.880000,131.880000,131.500000,0.250000,0.380000,1
131.190000,131.570000,132.030000,131.180000,0.380000,0.850000,1
130.630000,131.190000,131.380000,130.610000,0.560000,0.770000,2
130.710000,130.620000,131.340000,130.600000,-0.090000,0.740000,2
130.840000,130.680000,130.940000,129.790000,-0.160000,1.150000,2
130.900000,130.850000,131.150000,130.510000,-0.050000,0.640000,1
130.485000,130.880000,131.008800,130.250000,0.395000,0.758800,2
130.880000,130.510000,131.110000,130.410000,-0.370000,0.700000,2
131.110000,130.900000,131.250000,130.710000,-0.210000,0.540000,2
132.001100,131.100000,132.160000,130.860000,-0.901100,1.300000,2
132.070000,132.050000,132.447700,131.620000,-0.020000,0.827700,2
132.325000,132.100000,132.500000,131.820800,-0.225000,0.679200,1
132.280000,132.320000,132.470000,132.030000,0.040000,0.440000,2
132.760000,132.260000,132.829700,132.130000,-0.500000,0.699700,2
137.060000,135.400000,137.120000,135.300000,-1.660000,1.820000,2
137.370000,137.070000,137.820000,137.000000,-0.300000,0.820000,2
137.950000,137.470000,138.000000,137.415000,-0.480000,0.585000,2
138.295000,138.000000,138.450000,137.950000,-0.295000,0.500000,2
138.465400,138.380000,138.800000,138.380000,-0.085400,0.420000,1
137.490000,138.410000,138.490000,137.480000,0.920000,1.010000,1
137.090000,137.550000,137.700000,136.990000,0.460000,0.710000,2
137.840000,137.020000,138.040000,137.020000,-0.820000,1.020000,1
136.810000,137.750000,137.780000,136.810000,0.940000,0.970000,2
137.390000,136.730000,137.500000,136.730000,-0.660000,0.770000,1
137.276300,137.480000,137.535000,136.820000,0.203700,0.715000,2
137.465000,137.280000,137.585000,137.160000,-0.185000,0.425000,2
137.880000,137.450000,138.010000,137.305000,-0.430000,0.705000,2
137.935000,137.870000,138.220000,137.800000,-0.065000,0.420000,2
138.186300,137.930000,138.335000,137.900000,-0.256300,0.435000,1
138.100000,138.270000,138.560000,138.100000,0.170000,0.460000,2
138.660000,138.120000,138.660000,138.080000,-0.540000,0.580000,1
138.590000,138.670000,138.800000,138.520000,0.080000,0.280000,2
138.900000,138.580000,138.940000,138.340000,-0.320000,0.600000,2
138.990000,138.830000,139.040000,138.810000,-0.160000,0.230000,1
138.600000,138.990000,139.090000,138.570000,0.390000,0.520000,2
138.875000,138.605000,138.890000,138.470000,-0.270000,0.420000,2
139.010000,138.850000,139.110000,138.621000,-0.160000,0.489000,1
138.430000,139.000000,139.070000,138.270000,0.570000,0.800000,1
137.920000,138.430000,138.480000,137.840000,0.510000,0.640000,1
137.840000,137.920000,138.119700,137.640000,0.080000,0.479700,2
139.110000,138.700000,139.630000,138.600000,-0.410000,1.030000,1
138.030000,139.110000,139.150000,137.500000,1.080000,1.650000,2
138.210000,138.050000,138.530000,137.510000,-0.160000,1.020000,2
138.930000,138.300000,139.020000,138.300000,-0.630000,0.720000,2
139.310000,139.029700,139.510000,138.910000,-0.280300,0.600000,2
139.480000,139.370000,139.530000,139.160000,-0.110000,0.370000,1
139.420000,139.520000,139.560000,139.180000,0.100000,0.380000,2
139.680000,139.430000,139.680000,139.300000,-0.250000,0.380000,1
139.680000,139.700000,139.740000,139.340000,0.020000,0.400000,1
139.550000,139.720000,139.960000,139.540000,0.170000,0.420000,2
139.810000,139.563100,139.820000,139.274800,-0.246900,0.545200,1
139.740000,139.870000,139.870000,139.540000,0.130000,0.330000,2
139.790000,139.750000,139.800000,139.630000,-0.040000,0.170000,2
139.840000,139.770000,139.870000,139.600000,-0.070000,0.270000,2
139.850000,139.835000,139.980000,139.760000,-0.015000,0.220000,2
139.860000,139.820000,140.050000,139.820000,-0.040000,0.230000,1
139.840000,139.860000,139.935000,139.770000,0.020000,0.165000,1
139.820000,139.840000,139.900000,139.640000,0.020000,0.260000,2
139.860000,139.820000,139.885000,139.660000,-0.040000,0.225000,2
140.340000,139.890100,140.379000,139.875000,-0.449900,0.504000,1
140.290000,140.330000,140.415000,140.063300,0.040000,0.351700,2
140.415000,140.330000,140.510000,140.330000,-0.085000,0.180000,1
140.400000,140.420000,140.440000,140.190000,0.020000,0.250000,2
140.740000,140.409000,140.755000,140.320000,-0.331000,0.435000,1
140.730000,140.690000,140.790000,140.480000,-0.040000,0.310000,2
140.820000,140.740000,140.860000,140.440000,-0.080000,0.420000,2
141.220000,141.070000,141.454600,140.920000,-0.150000,0.534600,1
140.700000,141.290000,141.290000,140.510000,0.590000,0.780000,1
140.130000,140.640000,140.660000,139.950000,0.510000,0.710000,1
139.860000,140.110000,140.590000,139.860000,0.250000,0.730000,1
139.430000,139.760000,139.910000,139.140000,0.330000,0.770000,1
139.300000,139.400000,139.640000,139.078900,0.100000,0.561100,1
139.090000,139.290000,139.430000,138.800000,0.200000,0.630000,1
138.990000,139.080000,139.280000,138.600000,0.090000,0.680000,1
138.820000,138.940000,139.110000,138.800000,0.120000,0.310000,2
139.160000,138.780000,139.168000,138.610000,-0.380000,0.558000,1
138.930000,139.200000,139.277500,138.890000,0.270000,0.387500,2
138.960000,138.920000,139.090000,138.800000,-0.040000,0.290000,1
138.410000,138.970000,138.990000,138.390000,0.560000,0.600000,1
138.110000,138.410000,138.565000,137.930000,0.300000,0.635000,2
138.420000,138.050000,138.469000,137.860000,-0.370000,0.609000,2
138.530000,138.470000,138.560000,138.210000,-0.060000,0.350000,2
138.740000,138.480000,138.830000,138.460000,-0.260000,0.370000,2
138.770000,138.740000,139.080000,138.700000,-0.030000,0.380000,1
138.417700,138.773400,138.773400,138.290000,0.355700,0.483400,2
139.710000,138.430000,139.710000,138.325000,-1.280000,1.385000,1
139.600000,139.640000,139.800000,139.130000,0.040000,0.670000,1
139.280000,139.580000,139.590000,139.040000,0.300000,0.550000,1
139.200000,139.310000,139.430000,138.833300,0.110000,0.596700,1
139.160000,139.290000,139.400000,139.020000,0.130000,0.380000,2
139.460000,139.100000,139.580000,138.980000,-0.360000,0.600000,2
139.700000,139.440000,139.700000,139.230000,-0.260000,0.470000,1
139.130000,139.960000,140.193800,139.130000,0.830000,1.063800,1
139.050000,139.170000,139.420000,138.920000,0.120000,0.500000,1
138.680000,139.230000,139.410000,138.680000,0.550000,0.730000,2
138.800000,138.690000,138.840000,138.150000,-0.110000,0.690000,1
138.680000,138.800000,139.290000,138.680000,0.120000,0.610000,2
139.570000,138.650000,139.590000,138.480000,-0.920000,1.110000,1
139.220000,139.550000,139.770000,138.990000,0.330000,0.780000,1
138.880000,139.210000,139.210000,138.740000,0.330000,0.470000,1
138.810000,138.870000,139.040000,138.690000,0.060000,0.350000,2
139.070000,138.751100,139.090000,138.680000,-0.318900,0.410000,1
138.950000,139.110000,139.110000,138.700000,0.160000,0.410000,1
138.790000,138.910000,139.040000,138.690000,0.120000,0.350000,1
138.640000,138.807500,138.850000,138.510000,0.167500,0.340000,1
138.290000,138.620000,138.680000,138.120000,0.330000,0.560000,2
138.613000,138.300000,138.680000,138.290000,-0.313000,0.390000,2
138.870000,138.643500,139.000000,138.630000,-0.226500,0.370000,2
139.130000,138.890000,139.140000,138.790000,-0.240000,0.350000,1
139.090000,139.100000,139.200000,138.950000,0.010000,0.250000,2
139.440000,139.110000,139.460000,138.950000,-0.330000,0.510000,2
139.930000,139.450000,140.040000,139.410000,-0.480000,0.630000,1
139.710100,139.875000,139.875000,139.560000,0.164900,0.315000,2
139.750000,139.790000,139.960000,139.740000,0.040000,0.220000,2
139.840000,139.790000,139.890000,139.700000,-0.050000,0.190000,1
139.690000,139.821400,139.821400,139.400000,0.131400,0.421400,2
139.800000,139.690000,139.800000,139.460000,-0.110000,0.340000,1
139.780000,139.790000,139.970000,139.630000,0.010000,0.340000,2
140.570000,139.980000,140.794400,139.750000,-0.590000,1.044400,2
140.610000,140.720000,140.880000,140.510000,0.110000,0.370000,1
140.470000,140.590000,140.750000,140.220000,0.120000,0.530000,1
140.434200,140.530000,140.740000,140.360000,0.095800,0.380000,1
140.250000,140.432400,140.530000,139.980000,0.182400,0.550000,1
140.000000,140.220000,140.310000,139.820000,0.220000,0.490000,2
140.670000,140.050000,140.670000,139.730000,-0.620000,0.940000,1
140.370000,140.690000,140.730000,140.280000,0.320000,0.450000,2
140.630000,140.290000,140.630000,140.244500,-0.340000,0.385500,1
140.590000,140.600000,140.720000,140.475000,0.010000,0.245000,1
140.590000,140.670000,140.810000,140.525000,0.080000,0.285000,1
140.510000,140.585700,140.680000,140.430000,0.075700,0.250000,2
140.750000,140.500000,140.750000,140.500000,-0.250000,0.250000,1
140.600000,140.733800,140.780000,140.580000,0.133800,0.200000,1
140.600000,140.650000,140.670000,140.530000,0.050000,0.140000,1
140.580000,140.630000,140.749900,140.529900,0.050000,0.220000,1
140.540000,140.550000,140.660000,140.520000,0.010000,0.140000,2
140.668700,140.540000,140.760000,140.540000,-0.128700,0.220000,1
140.170000,140.660000,140.660000,140.120000,0.490000,0.540000,1
139.880000,140.130000,140.160000,139.750000,0.250000,0.410000,2
139.969900,139.870000,140.110000,139.820000,-0.099900,0.290000,2
140.060000,139.990000,140.180000,139.960000,-0.070000,0.220000,2
140.330000,140.070000,140.390000,139.920000,-0.260000,0.470000,2
140.420100,140.320000,140.510000,140.300000,-0.100100,0.210000,1
140.180000,140.410000,140.460000,140.140000,0.230000,0.320000,2
140.780000,140.120000,140.900000,140.020000,-0.660000,0.880000,2
143.272700,142.600000,143.500000,142.600000,-0.672700,0.900000,1
143.250000,143.290000,143.580000,143.020000,0.040000,0.560000,2
143.910000,143.160000,144.000000,143.100000,-0.750000,0.900000,2
143.990000,143.810000,144.060000,143.430000,-0.180000,0.630000,2
144.160000,144.010000,144.410000,143.960000,-0.150000,0.450000,1
143.940000,144.230000,144.270000,143.870000,0.290000,0.400000,2
144.340000,143.980000,144.440000,143.740000,-0.360000,0.700000,1
144.040000,144.350000,144.405000,144.010000,0.310000,0.395000,1
143.710000,144.020000,144.160000,143.670000,0.310000,0.490000,2
144.060000,143.735000,144.085000,143.590000,-0.325000,0.495000,2
144.300000,144.080000,144.300000,143.940000,-0.220000,0.360000,1
144.150300,144.290000,144.290000,144.050000,0.139700,0.240000,2
144.160000,144.160000,144.400000,144.140000,0.000000,0.260000,1
144.080000,144.150000,144.260000,143.970000,0.070000,0.290000,2
144.110000,144.120000,144.210000,143.950000,0.010000,0.260000,1
143.855000,144.100000,144.200000,143.790000,0.245000,0.410000,1
143.710000,143.840000,144.040000,143.710000,0.130000,0.330000,2
143.870000,143.670000,143.870000,143.500000,-0.200000,0.370000,2
144.180000,143.870000,144.230000,143.840000,-0.310000,0.390000,1
144.070000,144.185000,144.210000,144.030000,0.115000,0.180000,2
144.290000,144.050300,144.510000,144.010000,-0.239700,0.500000,1
144.130000,144.280000,144.360000,144.060000,0.150000,0.300000,2
144.500000,144.140000,144.510000,144.100000,-0.360000,0.410000,2
144.530000,144.450000,144.560000,144.360000,-0.080000,0.200000,1
144.199000,144.530000,144.642600,144.180000,0.331000,0.462600,2
144.740000,144.180000,144.740000,144.060000,-0.560000,0.680000,1
144.470000,144.500000,144.650000,143.740000,0.030000,0.910000,2
144.620000,144.450000,144.790000,144.230000,-0.170000,0.560000,1
144.305000,144.620000,145.000000,144.305000,0.315000,0.695000,2
144.600000,144.360000,144.800000,144.180000,-0.240000,0.620000,2
144.850000,144.530000,144.930000,144.500000,-0.320000,0.430000,2
145.170000,144.740000,145.200000,144.740000,-0.430000,0.460000,2
145.240000,145.150000,145.384000,145.150000,-0.090000,0.234000,1
145.200000,145.250000,145.270000,144.960000,0.050000,0.310000,2
145.230000,145.160000,145.350000,145.100000,-0.070000,0.250000,1
145.020000,145.220000,145.380000,145.000000,0.200000,0.380000,1
144.870000,145.040000,145.040000,144.860000,0.170000,0.180000,2
144.875000,144.870000,145.030000,144.870000,-0.005000,0.160000,2
144.950000,144.860000,145.070000,144.820000,-0.090000,0.250000,1
144.410000,144.960000,144.960000,144.390000,0.550000,0.570000,2
144.620000,144.400000,144.620000,144.400000,-0.220000,0.220000,1
144.480000,144.635000,144.720000,144.480000,0.155000,0.240000,2
144.640000,144.430000,144.750000,144.400000,-0.210000,0.350000,2
144.680000,144.640000,144.710000,144.410000,-0.040000,0.300000,2
144.970000,144.632100,144.970000,144.210000,-0.337900,0.760000,1
144.690000,144.970000,145.060000,144.650000,0.280000,0.410000,1
144.160000,144.650000,144.660000,144.150000,0.490000,0.510000,2
144.620000,144.100000,144.710000,144.100000,-0.520000,0.610000,2
144.775000,144.600000,144.800000,144.420000,-0.175000,0.380000,2
144.780000,144.870000,144.950000,144.750000,0.090000,0.200000,2
144.850000,144.720000,144.880000,144.590000,-0.130000,0.290000,2
145.240000,144.810000,145.410000,144.810000,-0.430000,0.600000,1
142.790000,144.460000,144.460000,142.370000,1.670000,2.090000,2
143.700000,142.950000,143.800000,142.950000,-0.750000,0.850000,1
142.978000,143.690000,143.880000,142.900000,0.712000,0.980000,2
143.150000,142.950000,143.200000,142.820000,-0.200000,0.380000,2
143.520000,143.120000,143.620000,142.890000,-0.400000,0.730000,1
143.230000,143.590000,143.610000,143.150000,0.360000,0.460000,1
142.980000,143.205000,143.420000,142.940000,0.225000,0.480000,2
143.250000,142.970000,143.280000,142.970000,-0.280000,0.310000,1
143.110000,143.190000,143.320000,143.050000,0.080000,0.270000,1
142.720000,143.060000,143.171000,142.630000,0.340000,0.541000,1
142.700000,142.720000,142.885000,142.670000,0.020000,0.215000,2
142.780000,142.660000,142.930000,142.600000,-0.120000,0.330000,2
142.870000,142.750000,142.970000,142.680000,-0.120000,0.290000,1
142.827800,142.850000,142.960000,142.784600,0.022200,0.175400,2
142.970000,142.840000,143.090000,142.710000,-0.130000,0.380000,1
142.950000,142.970000,143.000000,142.800000,0.020000,0.200000,1
142.680000,142.930000,142.930000,142.580000,0.250000,0.350000,1
142.610000,142.650000,142.680000,142.460000,0.040000,0.220000,2
142.640000,142.570000,142.730100,142.470000,-0.070000,0.260100,2
142.725000,142.610000,142.870000,142.530000,-0.115000,0.340000,2
143.060000,142.720000,143.160000,142.669100,-0.340000,0.490900,2
143.320000,143.060000,143.555700,143.050000,-0.260000,0.505700,2
143.700000,143.360000,143.710000,143.300000,-0.340000,0.410000,2
143.890000,143.730000,144.090000,143.560000,-0.160000,0.530000,2
144.110000,143.910000,144.170000,143.880000,-0.200000,0.290000,1
143.920000,144.320000,144.340000,143.850000,0.400000,0.490000,1
142.070000,143.280000,143.590000,142.020000,1.210000,1.570000,2
142.550000,142.100000,142.570000,142.100000,-0.450000,0.470000,1
141.620000,142.500000,142.520000,141.510000,0.880000,1.010000,1
141.390000,141.580000,141.870000,141.300000,0.190000,0.570000,1
140.630000,141.420000,141.425000,140.630000,0.790000,0.795000,1
139.980000,140.560100,140.750000,139.950000,0.580100,0.800000,1
139.580000,139.970000,139.970000,139.530000,0.390000,0.440000,1
139.350000,139.530000,139.750000,139.300000,0.180000,0.450000,2
139.930000,139.350100,140.150000,139.190000,-0.579900,0.960000,2
140.090000,139.940000,140.160000,139.680000,-0.150000,0.480000,2
140.290000,140.130000,140.450000,140.090000,-0.160000,0.360000,2
140.310000,140.260000,140.540000,140.234700,-0.050000,0.305300,2
140.480000,140.290000,140.540000,140.170000,-0.190000,0.370000,1
140.380000,140.450000,140.630000,140.196300,0.070000,0.433700,1
140.080000,140.360000,140.510000,140.070000,0.280000,0.440000,2
140.530000,140.070000,140.645000,140.070000,-0.460000,0.575000,1
140.120000,140.520000,140.520000,140.120000,0.400000,0.400000,2
140.560000,140.090000,140.750000,139.870000,-0.470000,0.880000,2
140.620000,140.508100,140.710000,140.430000,-0.111900,0.280000,1
140.460000,140.613400,140.990000,140.460000,0.153400,0.530000,2
140.680000,140.460000,140.768000,140.260000,-0.220000,0.508000,1
140.280000,140.690000,141.000000,140.280000,0.410000,0.720000,1
140.262700,140.260000,140.440000,139.960000,-0.002700,0.480000,2
140.410000,140.260000,140.650000,140.080000,-0.150000,0.570000,1
140.250000,140.403500,140.420000,139.990000,0.153500,0.430000,1
139.780000,140.260000,140.450000,139.660000,0.480000,0.790000,2
140.650000,140.070000,141.860000,140.070000,-0.580000,1.790000,1
140.260000,140.780000,140.910000,140.230000,0.520000,0.680000,2
140.280000,140.210000,140.280000,139.625000,-0.070000,0.655000,1
139.665000,140.245000,140.430000,139.660000,0.580000,0.770000,2
139.860000,139.440000,140.170000,139.300000,-0.420000,0.870000,2
140.090000,139.800000,140.090000,139.730000,-0.290000,0.360000,2
140.700000,140.050000,140.845600,140.050000,-0.650000,0.795600,2
140.858700,140.760000,141.220000,140.630000,-0.098700,0.590000,1
140.620000,140.735000,140.900000,140.548600,0.115000,0.351400,1
140.380000,140.640000,140.680000,140.257500,0.260000,0.422500,2
140.700000,140.510000,140.750000,140.210000,-0.190000,0.540000,2
140.740000,140.680000,140.940000,140.630000,-0.060000,0.310000,1
140.320000,140.730000,140.730000,140.070000,0.410000,0.660000,1
140.172900,140.170000,140.400000,140.090000,-0.002900,0.310000,1
140.067600,140.270000,140.379700,139.960000,0.202400,0.419700,2
140.210000,140.050000,140.380000,139.990000,-0.160000,0.390000,2
140.550000,140.250000,140.690000,140.150100,-0.300000,0.539900,1
