74.740000,74.300000,75.180000,73.850000,-0.440000,1.330000,1,0.000000,0.000000
76.010000,74.950000,76.430000,74.670000,-1.060000,1.760000,1,0.000000,0.000000
76.380000,75.890000,76.760000,75.240000,-0.490000,1.520000,-1,0.000000,0.000000
75.340000,76.450000,76.510000,75.320000,1.110000,1.190000,1,0.000000,0.000000
75.770000,75.590000,76.040000,75.010000,-0.180000,1.030000,-1,0.000000,0.000000
75.270000,75.530000,76.080000,75.030000,0.260000,1.050000,-1,0.000000,0.000000
74.980000,76.050000,76.170000,74.920000,1.070000,1.250000,-1,0.000000,0.000000
73.580000,75.300000,75.420000,73.550000,1.720000,1.870000,1,0.000000,0.000000
74.210000,73.680000,74.310000,73.320000,-0.530000,0.990000,1,0.000000,0.000000
74.380000,74.890000,75.180000,73.850000,0.510000,1.330000,-1,0.000000,0.000000
73.360000,73.810000,74.270000,73.220000,0.450000,1.050000,1,0.000000,0.000000
73.540000,72.870000,73.835000,72.390000,-0.670000,1.445000,1,0.000000,0.000000
73.930000,73.430000,74.425000,73.380000,-0.500000,1.045000,1,0.000000,0.000000
74.220000,73.850000,74.400000,73.450000,-0.370000,0.950000,1,0.000000,0.000000
74.410000,74.000000,74.440000,73.500000,-0.410000,0.940000,1,0.000000,0.000000
74.470000,74.260000,74.730000,74.010000,-0.210000,0.720000,-1,0.000000,0.000000
74.400000,74.200000,74.960000,73.670000,-0.200000,1.290000,-1,0.000000,0.000000
73.950000,73.560000,74.530000,72.810000,-0.390000,1.720000,-1,0.000000,0.000000
71.190000,72.500000,73.620000,70.960000,1.310000,2.660000,-1,0.000000,0.000000
68.360000,64.160000,71.060000,60.000000,-4.200000,11.060000,-1,0.000000,0.000000
66.970000,71.690000,71.800000,66.600000,4.720000,5.200000,1,0.000000,0.000000
70.690000,69.370000,70.990000,67.900000,-1.320000,3.090000,1,0.000000,0.000000
72.400000,71.940000,72.490000,70.800000,-0.460000,1.690000,1,0.000000,0.000000
72.460000,72.100000,72.665000,71.600000,-0.360000,1.065000,-1,0.000000,0.000000
71.300000,71.910000,72.085000,70.820000,0.610000,1.265000,-1,0.000000,0.000000
68.960000,69.410000,70.390000,68.500000,0.450000,1.890000,1,0.000000,0.000000
69.620000,69.940000,69.950000,68.700000,0.320000,1.250000,1,0.000000,0.000000
70.400000,70.450000,71.085000,69.990000,0.050000,1.095000,-1,0.000000,0.000000
69.160000,69.290000,69.910000,68.640000,0.130000,1.270000,1,0.000000,0.000000
70.530000,70.750000,71.010000,69.550000,0.220000,1.460000,-1,0.000000,0.000000
69.600000,70.750000,71.375000,69.430000,1.150000,1.945000,1,0.000000,0.000000
70.230000,69.500000,70.650000,69.460000,-0.730000,1.190000,1,0.000000,0.000000
70.760000,69.860000,70.810000,69.457500,-0.900000,1.352500,-1,0.000000,0.000000
70.010000,70.720000,70.800000,69.615000,0.710000,1.185000,1,0.000000,0.000000
70.510000,70.480000,70.746700,69.510000,-0.030000,1.236700,1,0.000000,0.000000
70.990000,70.450000,71.110000,70.050000,-0.540000,1.060000,-1,0.000000,0.000000
70.960000,71.300000,72.320000,70.500000,0.340000,1.820000,-1,0.000000,0.000000
69.790000,69.820000,70.810000,69.710000,0.030000,1.100000,1,0.000000,0.000000
70.780000,70.620000,71.320000,70.220000,-0.160000,1.100000,-1,0.000000,0.000000
70.250000,70.000000,70.390000,69.310000,-0.250000,1.080000,1,0.000000,0.000000
70.950000,70.160000,71.145000,69.900000,-0.790000,1.245000,-1,0.000000,0.000000
70.240000,70.350000,70.630000,69.640000,0.110000,0.990000,1,0.000000,0.000000
70.690000,71.190000,71.460000,70.210000,0.500000,1.250000,-1,0.000000,0.000000
67.200000,70.190000,70.280000,67.030000,2.990000,3.250000,1,0.000000,0.000000
68.530000,67.520000,68.700000,67.200000,-1.010000,1.500000,1,0.000000,0.000000
69.660000,69.320000,69.660000,68.260000,-0.340000,1.400000,1,0.000000,0.000000
69.990000,70.090000,70.770000,68.980000,0.100000,1.790000,1,0.000000,0.000000
70.670000,68.800000,70.730000,68.360000,-1.870000,2.370000,1,0.000000,0.000000
72.230000,71.060000,72.340000,70.920000,-1.170000,1.420000,-1,0.000000,0.000000
72.080000,72.220000,72.540000,71.830000,0.140000,0.710000,1,0.000000,0.000000
73.220000,72.680000,73.230000,72.450000,-0.540000,0.780000,1,0.000000,0.000000
73.900000,73.000000,73.930000,72.830000,-0.900000,1.100000,1,0.000000,0.000000
73.980000,74.040000,74.089900,73.400000,0.060000,0.689900,1,0.000000,0.000000
74.990000,73.740000,75.430000,73.670000,-1.250000,1.760000,1,0.000000,0.000000
75.000000,74.460000,75.250000,74.150000,-0.540000,1.100000,-1,0.000000,0.000000
74.200000,74.840000,75.260000,73.720000,0.640000,1.540000,1,0.000000,0.000000
75.340000,74.960000,75.410000,74.580000,-0.380000,0.830000,1,0.000000,0.000000
76.000000,75.330000,76.540000,74.790000,-0.670000,1.750000,1,0.000000,0.000000
76.990000,75.930000,77.325000,75.930000,-1.060000,1.395000,-1,0.000000,0.000000
76.280000,76.640000,76.890000,75.930000,0.360000,0.960000,-1,0.000000,0.000000
75.460000,76.940000,76.940000,75.310000,1.480000,1.630000,1,0.000000,0.000000
76.420000,75.890000,76.850000,75.640000,-0.530000,1.210000,1,0.000000,0.000000
77.070000,77.460000,77.630000,74.950000,0.390000,2.680000,1,0.000000,0.000000
78.180000,78.080000,78.310000,77.090000,-0.100000,1.220000,-1,0.000000,0.000000
77.520000,78.030000,78.180000,77.055000,0.510000,1.125000,1,0.000000,0.000000
78.870000,77.820000,78.890000,77.440000,-1.050000,1.450000,-1,0.000000,0.000000
78.510000,78.590000,78.710000,77.930000,0.080000,0.780000,-1,0.000000,0.000000
77.580000,78.720000,78.810000,77.560000,1.140000,1.250000,-1,0.000000,0.000000
75.220000,75.190000,76.210000,74.530000,-0.030000,1.680000,1,0.000000,0.000000
77.900000,75.130000,78.580000,74.810000,-2.770000,3.770000,1,0.000000,0.000000
78.350000,78.370000,78.830000,77.900000,0.020000,0.930000,1,0.000000,0.000000
79.260000,78.420000,79.710000,78.420000,-0.840000,1.290000,-1,0.000000,0.000000
78.750000,79.570000,79.570000,78.320000,0.820000,1.250000,-1,0.000000,0.000000
78.040000,78.400000,78.400000,77.290000,0.360000,1.110000,1,0.000000,0.000000
79.480000,77.650000,79.530000,77.610000,-1.830000,1.920000,-1,0.000000,0.000000
79.180000,79.850000,80.250000,79.170000,0.670000,1.080000,-1,0.000000,0.000000
78.310000,78.860000,79.149500,78.140000,0.550000,1.009500,-1,0.000000,0.000000
78.110000,78.020000,78.970000,77.770000,-0.090000,1.200000,1,0.000000,0.000000
78.900000,77.790000,78.910000,77.580000,-1.110000,1.330000,-1,0.000000,0.000000
78.830000,78.940000,79.275000,78.470000,0.110000,0.805000,1,0.000000,0.000000
80.460000,78.960000,80.500000,78.740000,-1.500000,1.760000,-1,0.000000,0.000000
80.150000,80.600000,81.010000,79.850000,0.450000,1.160000,1,0.000000,0.000000
80.190000,80.590000,81.000000,79.980000,0.400000,1.020000,-1,0.000000,0.000000
80.110000,80.590000,80.780000,79.560000,0.480000,1.220000,-1,0.000000,0.000000
79.790000,79.230000,80.200000,79.210000,-0.560000,0.990000,-1,0.000000,0.000000
79.560000,79.780000,80.090000,79.560000,0.220000,0.530000,1,0.000000,0.000000
79.840000,79.640000,80.150000,79.610000,-0.200000,0.540000,-1,0.000000,0.000000
79.010000,80.060000,80.130000,78.960000,1.050000,1.170000,1,0.000000,0.000000
79.910000,79.530000,79.930000,78.765000,-0.380000,1.165000,-1,0.000000,0.000000
79.040000,79.830000,80.150000,78.970000,0.790000,1.180000,-1,0.000000,0.000000
78.290000,79.360000,79.770000,78.080000,1.070000,1.690000,1,0.000000,0.000000
80.400000,78.580000,80.400000,78.450000,-1.820000,1.950000,-1,0.000000,0.000000
79.550000,80.130000,80.490000,79.070000,0.580000,1.420000,-1,0.000000,0.000000
79.070000,78.980000,79.670000,78.360000,-0.090000,1.310000,-1,0.000000,0.000000
77.880000,78.830000,79.750000,77.397500,0.950000,2.352500,1,0.000000,0.000000
78.120000,77.910000,79.110000,77.625000,-0.210000,1.485000,-1,0.000000,0.000000
76.110000,77.140000,77.140000,75.520000,1.030000,1.620000,1,0.000000,0.000000
76.870000,76.200000,77.330000,75.580000,-0.670000,1.750000,1,0.000000,0.000000
78.620000,78.370000,79.450000,78.210000,-0.250000,1.240000,1,0.000000,0.000000
79.860000,79.450000,79.980000,78.150000,-0.410000,1.830000,-1,0.000000,0.000000
78.690000,79.980000,80.280000,78.630000,1.290000,1.650000,-1,0.000000,0.000000
76.320000,78.040000,78.190000,76.280000,1.720000,1.910000,1,0.000000,0.000000
77.170000,76.900000,77.360000,76.400000,-0.270000,0.960000,1,0.000000,0.000000
77.380000,77.430000,77.489900,76.660000,0.050000,0.829900,1,0.000000,0.000000
78.560000,78.080000,78.663900,77.560000,-0.480000,1.103900,-1,0.000000,0.000000
78.260000,78.350000,78.710000,78.180000,0.090000,0.530000,1,0.000000,0.000000
78.530000,78.040000,78.650000,77.820000,-0.490000,0.830000,1,0.000000,0.000000
79.210000,79.000000,79.390000,78.900000,-0.210000,0.490000,-1,0.000000,0.000000
78.350000,79.070000,79.190000,78.255000,0.720000,0.935000,-1,0.000000,0.000000
77.550000,78.240000,78.800000,77.550000,0.690000,1.250000,-1,0.000000,0.000000
75.700000,76.060000,76.380000,75.010000,0.360000,1.370000,1,0.000000,0.000000
76.270000,76.250000,76.510000,75.540000,-0.020000,0.970000,-1,0.000000,0.000000
75.270000,75.000000,75.850000,74.850000,-0.270000,1.000000,-1,0.000000,0.000000
73.790000,73.760000,75.090000,73.350000,-0.030000,1.740000,-1,0.000000,0.000000
72.880000,74.060000,74.510000,72.750000,1.180000,1.760000,1,0.000000,0.000000
73.920000,73.110000,74.080000,72.660000,-0.810000,1.420000,1,0.000000,0.000000
74.760000,74.520000,75.000000,74.020000,-0.240000,0.980000,-1,0.000000,0.000000
73.100000,75.270000,75.390000,72.990000,2.170000,2.400000,1,0.000000,0.000000
73.800000,73.150000,74.520000,72.660000,-0.650000,1.860000,-1,0.000000,0.000000
71.830000,71.940000,72.950000,70.660000,0.110000,2.290000,-1,0.000000,0.000000
71.390000,72.940000,73.020000,70.660000,1.550000,2.360000,-1,0.000000,0.000000
70.680000,69.960000,71.410000,69.040000,-0.720000,2.370000,1,0.000000,0.000000
71.560000,70.720000,72.330000,70.100000,-0.840000,2.230000,1,0.000000,0.000000
72.700000,72.670000,73.180000,72.130000,-0.030000,1.050000,-1,0.000000,0.000000
71.740000,72.760000,72.910000,71.580000,1.020000,1.330000,1,0.000000,0.000000
71.880000,72.180000,72.270000,71.550000,0.300000,0.720000,-1,0.000000,0.000000
70.910000,71.980000,72.480000,70.580000,1.070000,1.900000,-1,0.000000,0.000000
69.330000,71.420000,71.850000,69.330000,2.090000,2.520000,1,0.000000,0.000000
74.490000,70.430000,74.500000,68.760000,-4.060000,5.740000,-1,0.000000,0.000000
74.380000,74.080000,74.780000,73.250000,-0.300000,1.530000,-1,0.000000,0.000000
73.400000,73.500000,74.206100,73.130000,0.100000,1.076100,1,0.000000,0.000000
74.380000,73.760000,74.625000,72.430000,-0.620000,2.195000,-1,0.000000,0.000000
73.680000,74.100000,74.630000,72.755000,0.420000,1.875000,-1,0.000000,0.000000
71.540000,73.560000,73.610000,70.550000,2.020000,3.060000,-1,0.000000,0.000000
67.770000,69.950000,70.040000,66.300000,2.180000,3.740000,1,0.000000,0.000000
68.330000,66.390000,69.480000,66.120000,-1.940000,3.360000,1,0.000000,0.000000
70.150000,69.140000,71.030000,69.070000,-1.010000,1.960000,-1,0.000000,0.000000
68.470000,67.790000,69.070000,67.425000,-0.680000,1.645000,1,0.000000,0.000000
70.420000,69.440000,70.470000,69.120000,-0.980000,1.350000,1,0.000000,0.000000
71.100000,71.410000,71.750000,70.395000,0.310000,1.355000,1,0.000000,0.000000
72.030000,71.730000,72.120000,71.300000,-0.300000,0.820000,-1,0.000000,0.000000
71.240000,71.890000,72.250000,71.020800,0.650000,1.229200,1,0.000000,0.000000
71.530000,71.030000,71.720000,70.300000,-0.500000,1.420000,1,0.000000,0.000000
73.060000,72.300000,73.190000,72.100000,-0.760000,1.090000,-1,0.000000,0.000000
72.150000,72.950000,73.122400,71.990000,0.800000,1.132400,-1,0.000000,0.000000
71.850000,71.250000,72.195000,70.380000,-0.600000,1.815000,1,0.000000,0.000000
73.270000,71.960000,73.340000,71.935000,-1.310000,1.405000,-1,0.000000,0.000000
72.730000,73.740000,73.910000,72.690000,1.010000,1.220000,-1,0.000000,0.000000
72.390000,72.860000,73.895000,72.390000,0.470000,1.505000,1,0.000000,0.000000
74.640000,72.990000,74.640000,72.900000,-1.650000,1.740000,-1,0.000000,0.000000
74.300000,74.500000,74.600000,73.660000,0.200000,0.940000,-1,0.000000,0.000000
73.910000,74.480000,74.500000,73.360000,0.570000,1.140000,-1,0.000000,0.000000
73.900000,74.220000,74.250000,73.610000,0.320000,0.640000,-1,0.000000,0.000000
71.940000,73.390000,73.450000,71.350000,1.450000,2.100000,-1,0.000000,0.000000
70.620000,71.500000,71.520000,70.510000,0.880000,1.010000,1,0.000000,0.000000
70.680000,71.000000,71.082000,69.900000,0.320000,1.182000,-1,0.000000,0.000000
70.220000,71.140000,71.399000,69.580000,0.920000,1.819000,1,0.000000,0.000000
71.630000,71.150000,72.009000,70.680000,-0.480000,1.329000,-1,0.000000,0.000000
71.490000,71.600000,71.720000,70.950000,0.110000,0.770000,1,0.000000,0.000000
71.910000,71.180000,71.910000,70.660000,-0.730000,1.250000,1,0.000000,0.000000
72.370000,71.680000,72.830000,71.510000,-0.690000,1.320000,1,0.000000,0.000000
73.140000,72.280000,73.670000,72.170000,-0.860000,1.500000,1,0.000000,0.000000
73.780000,73.500000,74.100000,73.130000,-0.280000,0.970000,-1,0.000000,0.000000
73.770000,73.580000,73.940000,73.150000,-0.190000,0.790000,-1,0.000000,0.000000
72.960000,73.240000,73.650000,72.930000,0.280000,0.720000,1,0.000000,0.000000
73.910000,72.950000,74.169300,72.770000,-0.960000,1.399300,1,0.000000,0.000000
74.140000,73.650000,74.160000,73.410100,-0.490000,0.749900,-1,0.000000,0.000000
74.080000,74.140000,74.270000,73.720000,0.060000,0.550000,1,0.000000,0.000000
75.380000,74.020000,75.590000,73.920000,-1.360000,1.670000,1,0.000000,0.000000
76.780000,75.900000,77.000000,75.840000,-0.880000,1.160000,-1,0.000000,0.000000
76.480000,76.620000,76.920000,75.950000,0.140000,0.970000,1,0.000000,0.000000
77.590000,76.250000,78.250000,75.800000,-1.340000,2.450000,1,0.000000,0.000000
77.830000,77.970000,78.309900,77.530000,0.140000,0.779900,-1,0.000000,0.000000
76.970000,77.140000,77.470000,76.585000,0.170000,0.885000,1,0.000000,0.000000
78.210000,77.080000,78.280000,77.000000,-1.130000,1.280000,-1,0.000000,0.000000
77.580000,77.710000,77.980000,77.190000,0.130000,0.790000,1,0.000000,0.000000
78.030000,78.080000,78.620000,77.812000,0.050000,0.808000,-1,0.000000,0.000000
77.820000,78.360000,78.780000,77.770000,0.540000,1.010000,1,0.000000,0.000000
78.520000,77.720000,78.550000,77.650000,-0.800000,0.900000,1,0.000000,0.000000
79.710000,79.030000,79.930000,78.910000,-0.680000,1.020000,1,0.000000,0.000000
80.330000,79.760000,80.670000,79.310000,-0.570000,1.360000,-1,0.000000,0.000000
80.080000,80.250000,80.690000,79.900000,0.170000,0.790000,1,0.000000,0.000000
81.450000,80.200000,81.550000,79.830000,-1.250000,1.720000,-1,0.000000,0.000000
80.750000,81.500000,81.730000,80.370000,0.750000,1.360000,1,0.000000,0.000000
81.150000,80.880000,81.640000,80.550000,-0.270000,1.090000,-1,0.000000,0.000000
80.790000,81.500000,81.670000,80.675000,0.710000,0.995000,-1,0.000000,0.000000
79.110000,78.000000,79.355000,77.280000,-1.110000,2.075000,-1,0.000000,0.000000
78.140000,78.690000,78.840000,77.820000,0.550000,1.020000,1,0.000000,0.000000
78.530000,78.450000,78.700000,78.110000,-0.080000,0.590000,1,0.000000,0.000000
78.760000,78.410000,79.000000,78.170000,-0.350000,0.830000,-1,0.000000,0.000000
77.680000,78.350000,79.270000,77.600000,0.670000,1.670000,-1,0.000000,0.000000
77.240000,77.520000,78.010000,76.860000,0.280000,1.150000,1,0.000000,0.000000
78.460000,77.810000,78.470000,77.160000,-0.650000,1.310000,-1,0.000000,0.000000
77.190000,77.430000,78.360000,76.930000,0.240000,1.430000,-1,0.000000,0.000000
77.070000,76.560000,77.380000,76.350000,-0.510000,1.030000,1,0.000000,0.000000
77.360000,77.140000,77.700000,77.010000,-0.220000,0.690000,1,0.000000,0.000000
77.720000,77.230000,77.800000,76.780000,-0.490000,1.020000,1,0.000000,0.000000
78.220000,77.690000,78.360000,77.580000,-0.530000,0.780000,1,0.000000,0.000000
79.210000,78.420000,79.330000,78.410000,-0.790000,0.920000,-1,0.000000,0.000000
77.300000,79.140000,79.330000,77.290000,1.840000,2.040000,1,0.000000,0.000000
77.890000,77.800000,78.190000,77.070000,-0.090000,1.120000,-1,0.000000,0.000000
76.830000,77.710000,78.280000,76.830000,0.880000,1.450000,1,0.000000,0.000000
77.800000,77.020000,78.055000,76.960000,-0.780000,1.095000,-1,0.000000,0.000000
76.790000,77.570000,77.920000,76.520000,0.780000,1.400000,1,0.000000,0.000000
77.430000,76.710000,77.880000,76.400000,-0.720000,1.480000,-1,0.000000,0.000000
76.880000,76.870000,77.250000,76.220000,-0.010000,1.030000,1,0.000000,0.000000
77.670000,77.340000,78.040000,77.180000,-0.330000,0.860000,-1,0.000000,0.000000
77.210000,77.760000,77.990000,77.140000,0.550000,0.850000,1,0.000000,0.000000
79.380000,77.660000,79.500000,77.660000,-1.720000,1.840000,-1,0.000000,0.000000
79.060000,79.500000,79.670000,78.950000,0.440000,0.720000,-1,0.000000,0.000000
79.000000,79.400000,79.400000,78.870000,0.400000,0.530000,1,0.000000,0.000000
79.660000,78.840000,79.660000,78.840000,-0.820000,0.820000,-1,0.000000,0.000000
78.940000,79.860000,79.870000,78.760000,0.920000,1.110000,1,0.000000,0.000000
79.220000,78.690000,79.315000,78.570000,-0.530000,0.745000,1,0.000000,0.000000
79.950000,79.270000,79.950000,78.930000,-0.680000,1.020000,-1,0.000000,0.000000
79.940000,79.550000,80.200000,79.160000,-0.390000,1.040000,1,0.000000,0.000000
80.540000,80.290000,80.900000,80.170000,-0.250000,0.730000,1,0.000000,0.000000
80.600000,80.700000,81.000000,80.540000,0.100000,0.460000,1,0.000000,0.000000
81.650000,80.600000,81.710000,80.470000,-1.050000,1.240000,-1,0.000000,0.000000
81.260000,81.230000,81.540000,80.976300,-0.030000,0.563700,-1,0.000000,0.000000
80.180000,80.750000,80.750000,79.840000,0.570000,0.910000,-1,0.000000,0.000000
78.400000,79.000000,80.180000,78.380000,0.600000,1.800000,1,0.000000,0.000000
78.570000,78.120000,78.750000,77.960000,-0.450000,0.790000,-1,0.000000,0.000000
78.170000,78.570000,78.840000,78.050000,0.400000,0.790000,1,0.000000,0.000000
78.350000,77.890000,78.520000,77.140000,-0.460000,1.380000,-1,0.000000,0.000000
76.990000,78.320000,78.330000,76.830000,1.330000,1.500000,1,0.000000,0.000000
77.340000,78.300000,78.380000,77.320000,0.960000,1.060000,-1,0.000000,0.000000
77.330000,77.810000,78.010000,77.150000,0.480000,0.860000,-1,0.000000,0.000000
76.530000,77.580000,77.760000,76.530000,1.050000,1.230000,1,0.000000,0.000000
78.230000,77.760000,78.240000,76.870000,-0.470000,1.370000,-1,0.000000,0.000000
75.050000,74.800000,76.040000,74.450000,-0.250000,1.590000,-1,0.000000,0.000000
73.340000,74.180000,74.580000,73.250000,0.840000,1.330000,1,0.000000,0.000000
75.160000,75.040000,75.500000,74.486600,-0.120000,1.013400,1,0.000000,0.000000
76.740000,75.980000,76.760000,75.710000,-0.760000,1.050000,-1,0.000000,0.000000
74.170000,76.990000,77.140000,73.800000,2.820000,3.340000,1,0.000000,0.000000
74.480000,74.500000,75.940000,74.100000,0.020000,1.840000,1,0.000000,0.000000
74.670000,74.250000,74.970000,73.830000,-0.420000,1.140000,-1,0.000000,0.000000
74.060000,74.120000,74.750000,73.830000,0.060000,0.920000,1,0.000000,0.000000
74.510000,74.320000,75.290000,74.270000,-0.190000,1.020000,1,0.000000,0.000000
76.420000,75.300000,76.550000,74.790000,-1.120000,1.760000,1,0.000000,0.000000
76.520000,76.810000,77.192000,76.391200,0.290000,0.800800,1,0.000000,0.000000
77.480000,76.680000,77.570000,76.550000,-0.800000,1.020000,-1,0.000000,0.000000
77.460000,77.680000,77.780000,77.200000,0.220000,0.580000,1,0.000000,0.000000
78.140000,78.060000,78.540000,77.690000,-0.080000,0.850000,1,0.000000,0.000000
78.300000,78.650000,78.750000,78.050000,0.350000,0.700000,1,0.000000,0.000000
78.310000,78.350000,78.696500,78.230000,0.040000,0.466500,1,0.000000,0.000000
78.720000,77.750000,78.887000,77.630000,-0.970000,1.257000,1,0.000000,0.000000
79.360000,78.750000,79.750000,78.750000,-0.610000,1.000000,-1,0.000000,0.000000
78.790000,79.440000,79.730000,78.400000,0.650000,1.330000,1,0.000000,0.000000
79.910000,79.980000,80.080000,78.330000,0.070000,1.750000,-1,0.000000,0.000000
78.940000,80.170000,80.170000,78.730000,1.230000,1.440000,-1,0.000000,0.000000
78.490000,78.980000,79.060000,77.940000,0.490000,1.120000,1,0.000000,0.000000
78.530000,78.460000,78.790000,77.530000,-0.070000,1.260000,1,0.000000,0.000000
79.190000,78.690000,80.000000,78.550000,-0.500000,1.450000,-1,0.000000,0.000000
78.050000,79.240000,79.350000,78.000000,1.190000,1.350000,1,0.000000,0.000000
78.260000,78.310000,78.530000,77.730000,0.050000,0.800000,1,0.000000,0.000000
78.280000,78.070000,78.470000,77.750000,-0.210000,0.720000,1,0.000000,0.000000
78.710000,78.280000,78.710000,78.210000,-0.430000,0.500000,1,0.000000,0.000000
79.480000,78.830000,79.650000,78.750000,-0.650000,0.900000,1,0.000000,0.000000
80.140000,79.730000,80.240000,79.660000,-0.410000,0.580000,-1,0.000000,0.000000
79.950000,80.230000,80.340000,79.800000,0.280000,0.540000,1,0.000000,0.000000
80.060000,79.960000,80.480000,79.950000,-0.100000,0.530000,-1,0.000000,0.000000
79.680000,79.970000,80.220000,79.510000,0.290000,0.710000,1,0.000000,0.000000
80.120000,80.000000,80.280000,79.840000,-0.120000,0.440000,-1,0.000000,0.000000
80.020000,79.800000,80.080000,79.650000,-0.220000,0.430000,1,0.000000,0.000000
80.910000,80.130000,81.150000,80.020000,-0.780000,1.130000,-1,0.000000,0.000000
80.820000,80.420000,80.910000,80.220000,-0.400000,0.690000,1,0.000000,0.000000
80.840000,80.710000,80.865000,80.400000,-0.130000,0.465000,-1,0.000000,0.000000
80.270000,80.010000,80.590000,79.910000,-0.260000,0.680000,1,0.000000,0.000000
80.470000,80.010000,80.470000,79.740000,-0.460000,0.730000,1,0.000000,0.000000
81.060000,80.340000,81.080000,79.960000,-0.720000,1.120000,-1,0.000000,0.000000
80.800000,81.370000,81.760000,80.800000,0.570000,0.960000,-1,0.000000,0.000000
80.290000,80.800000,80.980000,80.190000,0.510000,0.790000,1,0.000000,0.000000
80.320000,80.290000,80.522100,80.000000,-0.030000,0.522100,1,0.000000,0.000000
80.570000,80.620000,81.140000,80.170000,0.050000,0.970000,1,0.000000,0.000000
80.870000,80.540000,80.990000,80.540000,-0.330000,0.450000,1,0.000000,0.000000
81.170000,81.000000,81.190000,80.715000,-0.170000,0.475000,-1,0.000000,0.000000
80.900000,80.950000,81.199900,80.710000,0.050000,0.489900,1,0.000000,0.000000
81.300000,81.140000,81.550000,80.970000,-0.160000,0.580000,1,0.000000,0.000000
82.000000,81.570000,82.145000,81.500000,-0.430000,0.645000,1,0.000000,0.000000
82.530000,82.000000,82.530000,81.810000,-0.530000,0.720000,1,0.000000,0.000000
83.240000,82.480000,83.260000,82.360000,-0.760000,0.900000,-1,0.000000,0.000000
82.970000,83.020000,83.626400,82.590000,0.050000,1.036400,-1,0.000000,0.000000
81.330000,82.398000,82.810000,81.330000,1.068000,1.480000,1,0.000000,0.000000
82.970000,81.340000,83.130000,81.184300,-1.630000,1.945700,-1,0.000000,0.000000
81.890000,82.410000,82.440000,81.620000,0.520000,0.820000,-1,0.000000,0.000000
81.490000,81.460000,82.220000,81.450000,-0.030000,0.770000,1,0.000000,0.000000
82.010000,81.420000,82.130000,81.190000,-0.590000,0.940000,1,0.000000,0.000000
82.070000,81.740000,82.260000,81.420000,-0.330000,0.840000,1,0.000000,0.000000
82.510000,82.430000,83.040000,82.230000,-0.080000,0.810000,-1,0.000000,0.000000
82.480000,82.970000,83.230000,82.320000,0.490000,0.910000,1,0.000000,0.000000
83.220000,82.920000,83.250000,82.270000,-0.300000,0.980000,1,0.000000,0.000000
83.360000,83.420000,83.790000,83.200000,0.060000,0.590000,-1,0.000000,0.000000
82.540000,83.330000,83.450000,82.520000,0.790000,0.930000,-1,0.000000,0.000000
81.810000,82.150000,82.260000,81.685000,0.340000,0.575000,1,0.000000,0.000000
82.160000,81.790000,82.380000,81.500000,-0.370000,0.880000,1,0.000000,0.000000
82.970000,82.380000,83.010000,81.940000,-0.590000,1.070000,-1,0.000000,0.000000
81.920000,82.720000,83.060000,81.790000,0.800000,1.270000,1,0.000000,0.000000
82.700000,82.160000,83.035000,81.680000,-0.540000,1.355000,1,0.000000,0.000000
82.860000,82.420000,83.106600,82.300000,-0.440000,0.806600,-1,0.000000,0.000000
82.730000,83.280000,83.530000,82.580000,0.550000,0.950000,1,0.000000,0.000000
83.350000,82.960000,83.450000,82.900000,-0.390000,0.550000,1,0.000000,0.000000
83.360000,83.120000,83.478000,82.880000,-0.240000,0.598000,-1,0.000000,0.000000
82.880000,83.490000,83.700000,82.640000,0.610000,1.060000,1,0.000000,0.000000
83.120000,83.130000,83.540000,82.940000,0.010000,0.600000,-1,0.000000,0.000000
82.040000,82.680000,82.790000,81.570000,0.640000,1.220000,1,0.000000,0.000000
82.250000,81.840000,82.540000,81.820000,-0.410000,0.720000,-1,0.000000,0.000000
81.870000,81.650000,82.130000,81.110000,-0.220000,1.020000,1,0.000000,0.000000
82.450000,82.040000,83.190000,82.040000,-0.410000,1.150000,-1,0.000000,0.000000
82.150000,82.580000,82.690000,82.040000,0.430000,0.650000,-1,0.000000,0.000000
81.580000,81.500000,82.370000,81.350000,-0.080000,1.020000,1,0.000000,0.000000
82.810000,81.650000,82.870000,81.650000,-1.160000,1.220000,-1,0.000000,0.000000
82.500000,83.050000,83.100000,82.170000,0.550000,0.930000,-1,0.000000,0.000000
82.350000,82.020000,82.540000,81.580000,-0.330000,0.960000,1,0.000000,0.000000
83.170000,83.270000,83.590000,82.710000,0.100000,0.880000,-1,0.000000,0.000000
82.030000,82.150000,82.990000,81.700000,0.120000,1.290000,-1,0.000000,0.000000
81.750000,81.620000,82.260000,81.410000,-0.130000,0.850000,1,0.000000,0.000000
81.920000,81.960000,82.270000,81.610000,0.040000,0.660000,1,0.000000,0.000000
82.220000,82.520000,83.360000,82.110000,0.300000,1.250000,1,0.000000,0.000000
82.510000,82.440000,82.900000,82.355000,-0.070000,0.545000,-1,0.000000,0.000000
81.620000,82.640000,82.690800,81.330000,1.020000,1.360800,-1,0.000000,0.000000
80.580000,80.890000,81.380000,80.520000,0.310000,0.860000,1,0.000000,0.000000
80.650000,80.750000,81.130000,80.540000,0.100000,0.590000,-1,0.000000,0.000000
80.360000,80.650000,81.240000,80.325000,0.290000,0.915000,1,0.000000,0.000000
82.510000,81.640000,82.530000,81.450000,-0.870000,1.080000,1,0.000000,0.000000
82.880000,82.390000,83.160000,82.150000,-0.490000,1.010000,1,0.000000,0.000000
83.240000,81.810000,83.300000,81.220000,-1.430000,2.080000,-1,0.000000,0.000000
81.870000,83.300000,83.960000,81.415000,1.430000,2.545000,1,0.000000,0.000000
81.880000,81.590000,82.630000,81.520000,-0.290000,1.110000,-1,0.000000,0.000000
78.380000,82.020000,82.220000,77.300000,3.640000,4.920000,1,0.000000,0.000000
78.570000,78.230000,79.540000,77.795000,-0.340000,1.745000,1,0.000000,0.000000
80.080000,78.790000,80.190000,78.760000,-1.290000,1.430000,1,0.000000,0.000000
81.070000,80.320000,81.200000,80.180000,-0.750000,1.020000,-1,0.000000,0.000000
80.820000,81.150000,81.500000,80.530000,0.330000,0.970000,1,0.000000,0.000000
81.690000,81.230000,81.780000,80.900000,-0.460000,0.880000,-1,0.000000,0.000000
79.930000,81.690000,81.690000,79.260000,1.760000,2.430000,-1,0.000000,0.000000
79.570000,79.980000,79.990000,78.950000,0.410000,1.040000,1,0.000000,0.000000
80.130000,79.990000,80.370000,79.740000,-0.140000,0.630000,-1,0.000000,0.000000
79.080000,79.660000,80.010000,79.050000,0.580000,0.960000,1,0.000000,0.000000
79.150000,79.120000,79.580000,78.950000,-0.030000,0.630000,-1,0.000000,0.000000
77.320000,79.450000,79.450000,77.280000,2.130000,2.170000,-1,0.000000,0.000000
75.430000,77.570000,77.620000,75.250000,2.140000,2.370000,1,0.000000,0.000000
75.720000,75.400000,76.250000,75.170000,-0.320000,1.080000,1,0.000000,0.000000
77.310000,76.630000,77.600000,76.550000,-0.680000,1.050000,-1,0.000000,0.000000
77.110000,77.940000,77.970000,76.710000,0.830000,1.260000,1,0.000000,0.000000
79.310000,77.270000,79.490000,77.250000,-2.040000,2.240000,-1,0.000000,0.000000
79.280000,79.680000,79.870000,78.970000,0.400000,0.900000,-1,0.000000,0.000000
79.140000,79.150000,79.930000,78.830000,0.010000,1.100000,-1,0.000000,0.000000
78.500000,78.990000,79.030000,77.915000,0.490000,1.115000,1,0.000000,0.000000
79.200000,78.810000,79.500000,78.250000,-0.390000,1.250000,-1,0.000000,0.000000
79.130000,79.280000,79.980000,79.120000,0.150000,0.860000,1,0.000000,0.000000
79.500000,79.370000,80.390000,79.130000,-0.130000,1.260000,-1,0.000000,0.000000
78.350000,79.220000,79.460000,78.170000,0.870000,1.290000,-1,0.000000,0.000000
78.100000,78.040000,78.600000,78.020000,-0.060000,0.580000,1,0.000000,0.000000
78.360000,78.410000,78.580000,77.690000,0.050000,0.890000,-1,0.000000,0.000000
78.140000,78.480000,78.550000,77.980000,0.340000,0.570000,-1,0.000000,0.000000
77.900000,78.020000,78.060000,77.190000,0.120000,0.870000,1,0.000000,0.000000
78.150000,78.080000,78.480000,77.900000,-0.070000,0.580000,1,0.000000,0.000000
78.350000,78.270000,78.848000,78.230000,-0.080000,0.618000,-1,0.000000,0.000000
78.300000,78.400000,78.650000,77.970000,0.100000,0.680000,1,0.000000,0.000000
78.330000,78.490000,78.840000,78.300000,0.160000,0.540000,-1,0.000000,0.000000
78.020000,78.430000,78.540000,77.935000,0.410000,0.605000,1,0.000000,0.000000
79.500000,78.760000,79.910000,78.490000,-0.740000,1.420000,1,0.000000,0.000000
80.150000,79.440000,80.260000,79.360000,-0.710000,0.900000,1,0.000000,0.000000
81.090000,80.340000,81.530000,80.220000,-0.750000,1.310000,1,0.000000,0.000000
82.210000,81.300000,82.490000,80.940000,-0.910000,1.550000,-1,0.000000,0.000000
81.750000,82.280000,82.450000,81.650000,0.530000,0.800000,-1,0.000000,0.000000
81.310000,81.700000,81.900000,81.130000,0.390000,0.770000,1,0.000000,0.000000
81.800000,81.250000,81.800000,80.910000,-0.550000,0.890000,-1,0.000000,0.000000
81.370000,81.050000,81.470000,80.510000,-0.320000,0.960000,-1,0.000000,0.000000
81.170000,81.020000,81.850000,80.790000,-0.150000,1.060000,1,0.000000,0.000000
81.260000,80.760000,81.490000,80.760000,-0.500000,0.730000,1,0.000000,0.000000
81.590000,81.270000,81.830000,80.980000,-0.320000,0.850000,1,0.000000,0.000000
81.730000,81.790000,81.850000,81.410000,0.060000,0.440000,1,0.000000,0.000000
81.840000,82.090000,82.280000,81.610000,0.250000,0.670000,1,0.000000,0.000000
82.150000,81.700000,82.300000,81.500000,-0.450000,0.800000,1,0.000000,0.000000
83.230000,82.400000,83.490000,81.850000,-0.830000,1.640000,1,0.000000,0.000000
83.900000,83.790000,84.270000,83.450000,-0.110000,0.820000,-1,0.000000,0.000000
83.240000,83.920000,83.920000,83.075000,0.680000,0.845000,1,0.000000,0.000000
83.770000,83.320000,83.800000,82.920000,-0.450000,0.880000,-1,0.000000,0.000000
83.700000,83.470000,83.740000,82.660000,-0.230000,1.080000,-1,0.000000,0.000000
82.710000,82.130000,83.275000,82.100000,-0.580000,1.175000,-1,0.000000,0.000000
82.440000,82.900000,83.090000,82.050000,0.460000,1.040000,-1,0.000000,0.000000
82.300000,82.140000,82.697900,81.570000,-0.160000,1.127900,1,0.000000,0.000000
86.080000,85.740000,86.820000,85.110000,-0.340000,1.710000,-1,0.000000,0.000000
85.830000,86.070000,86.100000,85.510000,0.240000,0.590000,-1,0.000000,0.000000
85.780000,85.960000,86.350000,85.670000,0.180000,0.680000,-1,0.000000,0.000000
85.090000,85.800000,85.840000,85.080000,0.710000,0.760000,1,0.000000,0.000000
85.580000,85.370000,85.770000,84.880000,-0.210000,0.890000,1,0.000000,0.000000
85.900000,85.800000,86.140000,85.230000,-0.100000,0.910000,1,0.000000,0.000000
86.440000,86.200000,86.700000,86.000000,-0.240000,0.700000,1,0.000000,0.000000
86.850000,86.520000,86.970000,86.260000,-0.330000,0.710000,1,0.000000,0.000000
87.540000,87.020000,87.540000,86.700000,-0.520000,0.840000,-1,0.000000,0.000000
87.410000,87.550000,87.680000,86.790200,0.140000,0.889800,1,0.000000,0.000000
87.460000,87.270000,87.680000,86.980000,-0.190000,0.700000,1,0.000000,0.000000
87.920000,87.510000,88.040000,87.170000,-0.410000,0.870000,-1,0.000000,0.000000
87.800000,87.610000,88.150000,87.510000,-0.190000,0.640000,1,0.000000,0.000000
88.180000,88.230000,88.490000,87.870000,0.050000,0.620000,1,0.000000,0.000000
88.430000,87.360000,88.430000,87.300000,-1.070000,1.130000,-1,0.000000,0.000000
88.000000,88.320000,88.380000,87.910000,0.320000,0.470000,-1,0.000000,0.000000
87.940000,88.160000,88.381100,87.755000,0.220000,0.626100,1,0.000000,0.000000
88.990000,88.740000,89.140000,88.420000,-0.250000,0.720000,-1,0.000000,0.000000
88.530000,89.000000,89.130000,88.100000,0.470000,1.030000,1,0.000000,0.000000
88.790000,88.310000,88.910000,88.180000,-0.480000,0.730000,1,0.000000,0.000000
88.940000,88.530000,89.270000,88.270000,-0.410000,1.000000,1,0.000000,0.000000
89.060000,88.990000,89.300000,88.850000,-0.070000,0.450000,-1,0.000000,0.000000
88.960000,89.170000,89.300000,88.870000,0.210000,0.430000,1,0.000000,0.000000
89.110000,89.020000,89.500000,88.710000,-0.090000,0.790000,1,0.000000,0.000000
89.730000,89.500000,89.860000,89.100200,-0.230000,0.759800,1,0.000000,0.000000
90.110000,89.800000,90.310000,89.610000,-0.310000,0.700000,-1,0.000000,0.000000
89.550000,89.930000,90.030000,89.240000,0.380000,0.790000,1,0.000000,0.000000
89.920000,89.750000,90.100000,89.410000,-0.170000,0.690000,1,0.000000,0.000000
90.040000,90.310000,90.330000,89.470000,0.270000,0.860000,1,0.000000,0.000000
90.240000,90.250000,90.630000,90.170000,0.010000,0.460000,-1,0.000000,0.000000
89.180000,90.290000,92.050000,88.965000,1.110000,3.085000,-1,0.000000,0.000000
88.060000,89.490000,89.710000,88.000000,1.430000,1.710000,1,0.000000,0.000000
88.520000,87.850000,89.035000,87.850000,-0.670000,1.185000,1,0.000000,0.000000
88.860000,88.470000,89.390000,88.420000,-0.390000,0.970000,1,0.000000,0.000000
89.190000,89.060000,89.605000,88.970000,-0.130000,0.635000,-1,0.000000,0.000000
88.950000,88.310000,88.990000,88.070000,-0.640000,0.920000,1,0.000000,0.000000
89.120000,89.120000,89.420000,88.490000,0.000000,0.930000,1,0.000000,0.000000
89.180000,88.990000,89.390000,88.560000,-0.190000,0.830000,-1,0.000000,0.000000
89.010000,89.080000,89.095000,88.604600,0.070000,0.490400,-1,0.000000,0.000000
88.870000,88.980000,89.350000,88.870000,0.110000,0.480000,1,0.000000,0.000000
89.360000,89.140000,89.460000,88.400000,-0.220000,1.060000,-1,0.000000,0.000000
88.780000,89.010000,89.330000,88.660000,0.230000,0.670000,1,0.000000,0.000000
89.030000,89.130000,90.200000,88.950000,0.100000,1.250000,1,0.000000,0.000000
89.090000,89.000000,89.260000,88.780000,-0.090000,0.480000,-1,0.000000,0.000000
88.740000,88.970000,89.240000,88.520000,0.230000,0.720000,1,0.000000,0.000000
88.860000,88.620000,89.250000,88.520000,-0.240000,0.730000,-1,0.000000,0.000000
88.850000,88.600000,88.850000,88.130000,-0.250000,0.720000,-1,0.000000,0.000000
88.680000,88.700000,89.210000,88.560000,0.020000,0.650000,1,0.000000,0.000000
88.870000,88.470000,89.775000,88.430000,-0.400000,1.345000,1,0.000000,0.000000
89.810000,89.090000,89.900000,88.750000,-0.720000,1.150000,-1,0.000000,0.000000
89.730000,89.640000,89.920000,89.240000,-0.090000,0.680000,1,0.000000,0.000000
89.750000,90.090000,90.620000,89.600000,0.340000,1.020000,1,0.000000,0.000000
91.150000,90.140000,91.500000,89.904700,-1.010000,1.595300,-1,0.000000,0.000000
91.150000,92.770000,92.800000,91.020000,1.620000,1.780000,1,0.000000,0.000000
91.850000,92.150000,92.500000,91.010000,0.300000,1.490000,1,0.000000,0.000000
92.110000,91.990000,92.350000,91.580000,-0.120000,0.770000,-1,0.000000,0.000000
91.820000,92.020000,92.480000,91.750000,0.200000,0.730000,-1,0.000000,0.000000
91.600000,91.950000,92.000000,91.280000,0.350000,0.720000,-1,0.000000,0.000000
91.220000,91.390000,91.550000,90.980000,0.170000,0.570000,1,0.000000,0.000000
91.260000,91.290000,91.670000,91.140000,0.030000,0.530000,1,0.000000,0.000000
92.540000,91.620000,92.750000,91.530000,-0.920000,1.220000,-1,0.000000,0.000000
92.440000,92.400000,92.545000,91.975000,-0.040000,0.570000,1,0.000000,0.000000
92.620000,92.700000,92.850000,92.250000,0.080000,0.600000,-1,0.000000,0.000000
92.090000,92.900000,92.980000,91.760000,0.810000,1.220000,-1,0.000000,0.000000
91.920000,92.050000,92.160000,91.520000,0.130000,0.640000,1,0.000000,0.000000
92.000000,91.900000,92.140000,91.834300,-0.100000,0.305700,1,0.000000,0.000000
92.250000,91.700000,92.410000,91.680000,-0.550000,0.730000,-1,0.000000,0.000000
92.100000,92.120000,92.310000,91.620000,0.020000,0.690000,1,0.000000,0.000000
92.730000,92.190000,92.780000,91.980000,-0.540000,0.800000,1,0.000000,0.000000
93.230000,92.730000,93.419900,92.720000,-0.500000,0.699900,-1,0.000000,0.000000
93.150000,93.350000,93.724900,92.970000,0.200000,0.754900,-1,0.000000,0.000000
91.760000,92.480000,92.760000,91.710000,0.720000,1.050000,-1,0.000000,0.000000
91.710000,91.360000,92.480000,91.360000,-0.350000,1.120000,1,0.000000,0.000000
92.480000,91.980000,92.810000,91.710000,-0.500000,1.100000,1,0.000000,0.000000
93.310000,92.530000,93.600000,92.430000,-0.780000,1.170000,1,0.000000,0.000000
93.860000,93.560000,94.070000,93.470000,-0.300000,0.600000,1,0.000000,0.000000
94.810000,94.020000,94.990000,94.020000,-0.790000,0.970000,1,0.000000,0.000000
95.040000,95.090000,95.380000,94.890000,0.050000,0.490000,-1,0.000000,0.000000
94.670000,95.000000,95.120000,94.390000,0.330000,0.730000,1,0.000000,0.000000
94.720000,94.660000,94.880000,94.340000,-0.060000,0.540000,1,0.000000,0.000000
95.230000,95.080000,95.530000,94.460000,-0.150000,1.070000,1,0.000000,0.000000
95.400000,95.400000,95.450000,94.610000,0.000000,0.840000,1,0.000000,0.000000
96.150000,95.410000,96.190000,95.410000,-0.740000,0.780000,1,0.000000,0.000000
96.550000,96.320000,96.590000,96.110000,-0.230000,0.480000,-1,0.000000,0.000000
95.790000,96.270000,96.600000,95.560000,0.480000,1.040000,1,0.000000,0.000000
96.090000,96.030000,96.220000,95.760000,-0.060000,0.460000,-1,0.000000,0.000000
96.090000,95.870000,96.120000,95.290000,-0.220000,0.830000,-1,0.000000,0.000000
94.560000,96.090000,96.249000,93.710000,1.530000,2.539000,-1,0.000000,0.000000
93.500000,93.690000,94.040000,92.800000,0.190000,1.240000,1,0.000000,0.000000
95.080000,94.000000,95.340000,93.970000,-1.080000,1.370000,1,0.000000,0.000000
95.320000,95.320000,96.000000,94.950000,0.000000,1.050000,-1,0.000000,0.000000
94.170000,94.440000,94.530000,93.530000,0.270000,1.000000,-1,0.000000,0.000000
94.170000,94.310000,94.440000,93.740000,0.140000,0.700000,1,0.000000,0.000000
94.790000,94.750000,94.850000,94.250000,-0.040000,0.600000,-1,0.000000,0.000000
94.380000,94.790000,94.955000,94.330000,0.410000,0.625000,1,0.000000,0.000000
94.540000,94.610000,94.770000,94.070000,0.070000,0.700000,-1,0.000000,0.000000
93.950000,94.490000,94.510000,93.871000,0.540000,0.639000,1,0.000000,0.000000
95.580000,94.160000,95.650000,93.890000,-1.420000,1.760000,-1,0.000000,0.000000
95.220000,95.800000,96.265000,95.098900,0.580000,1.166100,-1,0.000000,0.000000
94.900000,95.150000,95.340000,94.630000,0.250000,0.710000,1,0.000000,0.000000
96.230000,95.150000,96.400100,94.660000,-1.080000,1.740100,-1,0.000000,0.000000
94.420000,95.790000,95.790000,94.010000,1.370000,1.780000,-1,0.000000,0.000000
93.780000,94.380000,94.620000,93.780000,0.600000,0.840000,-1,0.000000,0.000000
93.350000,94.380000,94.410000,93.350000,1.030000,1.060000,1,0.000000,0.000000
94.010000,93.750000,94.400000,93.720000,-0.260000,0.680000,-1,0.000000,0.000000
93.250000,93.450000,93.970000,93.190000,0.200000,0.780000,1,0.000000,0.000000
93.920000,93.500000,94.410000,93.500000,-0.420000,0.910000,1,0.000000,0.000000
95.090000,94.150000,95.370000,94.150000,-0.940000,1.220000,1,0.000000,0.000000
95.410000,95.080000,95.630000,94.930000,-0.330000,0.700000,1,0.000000,0.000000
96.180000,95.980000,96.450000,95.630000,-0.200000,0.820000,-1,0.000000,0.000000
95.940000,96.420000,96.650000,95.770000,0.480000,0.880000,1,0.000000,0.000000
96.930000,96.140000,97.370000,96.120000,-0.790000,1.250000,-1,0.000000,0.000000
96.830000,97.110000,97.290000,96.590000,0.280000,0.700000,1,0.000000,0.000000
97.580000,96.850000,97.750000,96.610000,-0.730000,1.140000,1,0.000000,0.000000
98.250000,97.640000,98.330000,97.550000,-0.610000,0.780000,-1,0.000000,0.000000
98.110000,99.110000,99.138000,97.930000,1.000000,1.208000,1,0.000000,0.000000
99.600000,99.600000,100.490000,99.090000,0.000000,1.400000,1,0.000000,0.000000
100.370000,99.550000,100.420000,99.140000,-0.820000,1.280000,-1,0.000000,0.000000
99.990000,100.650000,100.850000,99.800000,0.660000,1.050000,1,0.000000,0.000000
100.850000,100.010000,100.985000,99.860000,-0.840000,1.125000,-1,0.000000,0.000000
99.570000,100.970000,101.180000,98.550000,1.400000,2.630000,-1,0.000000,0.000000
99.150000,99.120000,99.590000,98.510000,-0.030000,1.080000,1,0.000000,0.000000
99.560000,99.500000,100.000000,99.140000,-0.060000,0.860000,1,0.000000,0.000000
100.870000,100.360000,101.065000,99.960000,-0.510000,1.105000,1,0.000000,0.000000
101.280000,101.030000,101.280000,100.240000,-0.250000,1.040000,-1,0.000000,0.000000
100.590000,100.940000,101.095000,100.330000,0.350000,0.765000,1,0.000000,0.000000
100.890000,100.960000,101.340000,100.610000,0.070000,0.730000,1,0.000000,0.000000
101.490000,100.920000,101.535000,100.590000,-0.570000,0.945000,-1,0.000000,0.000000
101.280000,101.500000,101.715000,100.930000,0.220000,0.785000,-1,0.000000,0.000000
100.970000,100.760000,101.300000,100.600000,-0.210000,0.700000,-1,0.000000,0.000000
99.490000,100.540000,100.880000,99.430000,1.050000,1.450000,1,0.000000,0.000000
100.090000,99.550000,100.300000,99.530000,-0.540000,0.770000,1,0.000000,0.000000
101.870000,100.980000,102.110000,100.750000,-0.890000,1.360000,1,0.000000,0.000000
102.630000,102.360000,102.780000,101.970000,-0.270000,0.810000,1,0.000000,0.000000
103.320000,102.760000,103.930000,102.640000,-0.560000,1.290000,-1,0.000000,0.000000
102.160000,103.330000,103.532200,102.160000,1.170000,1.372200,1,0.000000,0.000000
102.510000,102.080000,103.090000,101.940000,-0.430000,1.150000,1,0.000000,0.000000
103.220000,102.620000,103.350000,102.330000,-0.600000,1.020000,1,0.000000,0.000000
104.070000,103.440000,104.200000,103.140000,-0.630000,1.060000,-1,0.000000,0.000000
103.180000,103.770000,103.970000,102.990000,0.590000,0.980000,1,0.000000,0.000000
103.220000,103.320000,103.501400,102.640000,0.100000,0.861400,1,0.000000,0.000000
103.350000,103.650000,103.880000,103.155000,0.300000,0.725000,1,0.000000,0.000000
103.780000,103.650000,103.830000,103.262500,-0.130000,0.567500,-1,0.000000,0.000000
103.770000,102.920000,104.070000,102.640000,-0.850000,1.430000,-1,0.000000,0.000000
103.730000,103.700000,104.000000,103.520000,-0.030000,0.480000,-1,0.000000,0.000000
103.520000,104.060000,104.190000,103.025000,0.540000,1.165000,1,0.000000,0.000000
103.900000,104.040000,104.080000,103.440000,0.140000,0.640000,-1,0.000000,0.000000
103.010000,103.400000,103.460000,102.260000,0.390000,1.200000,1,0.000000,0.000000
103.180000,103.340000,103.745000,103.100000,0.160000,0.645000,1,0.000000,0.000000
104.560000,103.710000,105.440000,103.610000,-0.850000,1.830000,-1,0.000000,0.000000
104.430000,104.330000,104.770000,104.060000,-0.100000,0.710000,1,0.000000,0.000000
106.150000,105.480000,106.150000,105.150000,-0.670000,1.000000,1,0.000000,0.000000
106.210000,106.640000,106.644200,105.760000,0.430000,0.884200,-1,0.000000,0.000000
105.830000,106.260000,106.260000,105.240000,0.430000,1.020000,1,0.000000,0.000000
106.080000,105.500000,106.835000,105.500000,-0.580000,1.335000,-1,0.000000,0.000000
105.300000,105.740000,106.140000,104.950000,0.440000,1.190000,-1,0.000000,0.000000
104.830000,105.350000,105.520000,104.620000,0.520000,0.900000,1,0.000000,0.000000
105.410000,105.130000,105.930000,104.830000,-0.280000,1.100000,-1,0.000000,0.000000
104.970000,105.500000,105.765000,104.461000,0.530000,1.304000,1,0.000000,0.000000
105.310000,105.000000,105.610000,104.650000,-0.310000,0.960000,1,0.000000,0.000000
105.560000,105.210000,105.680000,105.060000,-0.350000,0.620000,-1,0.000000,0.000000
103.020000,105.500000,105.652400,102.749900,2.480000,2.902500,-1,0.000000,0.000000
102.940000,103.110000,104.020000,102.880000,0.170000,1.140000,1,0.000000,0.000000
103.890000,103.070000,104.120000,102.900000,-0.820000,1.220000,1,0.000000,0.000000
104.580000,103.750000,104.980000,103.740000,-0.830000,1.240000,1,0.000000,0.000000
105.240000,104.750000,105.430000,104.685000,-0.490000,0.745000,1,0.000000,0.000000
105.440000,105.540000,105.990000,105.100100,0.100000,0.889900,1,0.000000,0.000000
105.590000,105.650000,105.900000,105.290000,0.060000,0.610000,-1,0.000000,0.000000
105.310000,105.710000,105.740000,104.897700,0.400000,0.842300,1,0.000000,0.000000
106.240000,105.600000,106.250000,105.150000,-0.640000,1.100000,1,0.000000,0.000000
106.730000,106.290000,106.960000,105.870000,-0.440000,1.090000,1,0.000000,0.000000
107.010000,106.600000,107.650000,106.540000,-0.410000,1.110000,1,0.000000,0.000000
107.310000,107.580000,107.600000,106.820000,0.270000,0.780000,1,0.000000,0.000000
108.440000,107.700000,108.590000,107.600000,-0.740000,0.990000,-1,0.000000,0.000000
108.110000,108.500000,108.710000,107.900000,0.390000,0.810000,1,0.000000,0.000000
108.660000,108.500000,109.260000,108.400000,-0.160000,0.860000,-1,0.000000,0.000000
108.300000,108.790000,109.050000,107.160000,0.490000,1.890000,-1,0.000000,0.000000
107.540000,108.250000,108.420000,107.300000,0.710000,1.120000,1,0.000000,0.000000
107.800000,107.620000,108.000000,107.460000,-0.180000,0.540000,-1,0.000000,0.000000
107.020000,107.270000,107.780000,106.900000,0.250000,0.880000,1,0.000000,0.000000
107.550000,107.700000,107.700000,106.970000,0.150000,0.730000,-1,0.000000,0.000000
107.530000,108.050000,108.230000,107.095000,0.520000,1.135000,1,0.000000,0.000000
108.410000,107.560000,108.640000,107.180000,-0.850000,1.460000,1,0.000000,0.000000
109.550000,109.410000,110.610000,108.000000,-0.140000,2.610000,1,0.000000,0.000000
109.800000,110.380000,110.740000,109.670000,0.580000,1.070000,-1,0.000000,0.000000
109.710000,110.070000,110.130000,108.690000,0.360000,1.440000,1,0.000000,0.000000
110.040000,109.670000,110.235000,108.920000,-0.370000,1.315000,-1,0.000000,0.000000
109.980000,110.580000,110.690000,108.660000,0.600000,2.030000,1,0.000000,0.000000
111.070000,110.500000,111.400000,110.420000,-0.570000,0.980000,-1,0.000000,0.000000
110.980000,111.020000,111.370000,110.200000,0.040000,1.170000,1,0.000000,0.000000
111.360000,110.940000,111.420000,110.505000,-0.420000,0.915000,1,0.000000,0.000000
111.920000,111.360000,112.150000,111.200000,-0.560000,0.950000,1,0.000000,0.000000
112.090000,112.250000,112.469000,111.560000,0.160000,0.909000,1,0.000000,0.000000
112.470000,112.010000,112.905000,111.820000,-0.460000,1.085000,-1,0.000000,0.000000
112.140000,111.800000,112.221900,110.930000,-0.340000,1.291900,-1,0.000000,0.000000
111.880000,111.710000,111.980000,111.280000,-0.170000,0.700000,-1,0.000000,0.000000
111.400000,111.550000,111.855000,111.335000,0.150000,0.520000,1,0.000000,0.000000
111.980000,111.080000,112.040000,110.810000,-0.900000,1.230000,-1,0.000000,0.000000
110.250000,111.340000,111.870000,110.140000,1.090000,1.730000,1,0.000000,0.000000
111.020000,110.750000,111.440000,110.570000,-0.270000,0.870000,-1,0.000000,0.000000
109.820000,110.690000,110.910000,109.700000,0.870000,1.210000,1,0.000000,0.000000
109.950000,109.950000,110.680000,109.690000,0.000000,0.990000,1,0.000000,0.000000
111.450000,110.450000,111.490000,110.300000,-1.000000,1.190000,-1,0.000000,0.000000
110.820000,111.500000,111.660000,110.700000,0.680000,0.960000,1,0.000000,0.000000
111.970000,111.310000,112.160000,111.140000,-0.660000,1.020000,1,0.000000,0.000000
112.380000,112.000000,112.540000,111.910000,-0.380000,0.630000,1,0.000000,0.000000
113.360000,112.600000,113.615000,112.560000,-0.760000,1.055000,-1,0.000000,0.000000
109.860000,113.620000,113.620000,106.900000,3.760000,6.720000,1,0.000000,0.000000
112.590000,110.500000,112.590000,110.030000,-2.090000,2.560000,-1,0.000000,0.000000
110.730000,112.380000,112.440000,109.760000,1.650000,2.680000,-1,0.000000,0.000000
107.430000,111.330000,111.450000,106.970000,3.900000,4.480000,1,0.000000,0.000000
108.580000,107.540000,109.240000,106.600000,-1.040000,2.640000,1,0.000000,0.000000
109.740000,108.490000,110.170000,108.255000,-1.250000,1.915000,1,0.000000,0.000000
111.400000,109.770000,111.410000,109.450000,-1.630000,1.960000,1,0.000000,0.000000
112.600000,112.130000,112.610000,111.815000,-0.470000,0.795000,-1,0.000000,0.000000
112.370000,112.500000,113.350000,112.155000,0.130000,1.195000,1,0.000000,0.000000
113.460000,112.370000,113.729700,112.000000,-1.090000,1.729700,-1,0.000000,0.000000
113.310000,113.750000,114.370000,113.190000,0.440000,1.180000,-1,0.000000,0.000000
112.920000,113.760000,114.090000,112.920000,0.840000,1.170000,1,0.000000,0.000000
113.820000,113.940000,114.200000,112.390000,0.120000,1.810000,-1,0.000000,0.000000
113.550000,114.555000,114.750000,113.250000,1.005000,1.500000,-1,0.000000,0.000000
112.140000,113.265000,113.280000,112.080000,1.125000,1.200000,-1,0.000000,0.000000
112.120000,112.640000,113.102000,111.990000,0.520000,1.112000,1,0.000000,0.000000
112.410000,112.935000,113.100000,112.319400,0.525000,0.780600,1,0.000000,0.000000
112.690000,112.430000,113.110000,112.250000,-0.260000,0.860000,1,0.000000,0.000000
112.990000,112.070000,113.439700,112.070000,-0.920000,1.369700,1,0.000000,0.000000
114.020000,112.690000,114.070000,112.651500,-1.330000,1.418500,1,0.000000,0.000000
114.350000,114.300000,114.919900,113.990000,-0.050000,0.929900,-1,0.000000,0.000000
114.020000,114.750000,114.890000,114.020000,0.730000,0.870000,1,0.000000,0.000000
114.510000,114.570000,115.080000,113.950000,0.060000,1.130000,1,0.000000,0.000000
115.650000,114.950000,115.785000,114.660000,-0.700000,1.125000,1,0.000000,0.000000
116.080000,116.250000,117.360000,116.030000,0.170000,1.330000,1,0.000000,0.000000
118.860000,116.990000,119.000000,116.420000,-1.870000,2.580000,1,0.000000,0.000000
119.340000,118.610000,120.477000,118.070000,-0.730000,2.407000,-1,0.000000,0.000000
119.110000,119.970000,119.970000,118.660000,0.860000,1.310000,-1,0.000000,0.000000
118.980000,118.690000,119.050000,117.460000,-0.290000,1.590000,1,0.000000,0.000000
119.840000,118.800000,119.980000,118.680000,-1.040000,1.300000,1,0.000000,0.000000
120.090000,120.120000,120.350000,119.710000,0.030000,0.640000,1,0.000000,0.000000
120.390000,121.180000,121.940000,119.910000,0.790000,2.030000,1,0.000000,0.000000
121.980000,121.200000,122.160000,120.730000,-0.780000,1.430000,1,0.000000,0.000000
123.110000,122.520000,123.195000,122.030000,-0.590000,1.165000,-1,0.000000,0.000000
122.700000,123.050000,123.650000,121.920000,0.350000,1.730000,1,0.000000,0.000000
124.330000,122.870000,124.330000,122.400000,-1.460000,1.930000,1,0.000000,0.000000
124.650000,124.600000,125.510000,124.210000,-0.050000,1.300000,-1,0.000000,0.000000
124.550000,125.050000,125.450000,123.710000,0.500000,1.740000,1,0.000000,0.000000
125.220000,125.000000,125.470000,124.630000,-0.220000,0.840000,1,0.000000,0.000000
126.320000,125.770000,126.380000,124.760000,-0.550000,1.620000,-1,0.000000,0.000000
124.840000,126.740000,126.880000,124.685000,1.900000,2.195000,-1,0.000000,0.000000
123.550000,123.820000,124.290000,122.840000,0.270000,1.450000,1,0.000000,0.000000
124.230000,123.780000,124.480000,123.040000,-0.450000,1.440000,1,0.000000,0.000000
125.720000,124.740000,126.260000,124.100000,-0.980000,2.160000,-1,0.000000,0.000000
120.910000,123.720000,123.720000,120.700000,2.810000,3.020000,-1,0.000000,0.000000
116.270000,118.700000,121.130000,115.010000,2.430000,6.120000,1,0.000000,0.000000
119.970000,115.200000,120.300000,113.250000,-4.770000,7.050000,-1,0.000000,0.000000
119.650000,120.090000,122.460000,119.210000,0.440000,3.250000,-1,0.000000,0.000000
113.860000,119.530000,119.820000,113.540000,5.670000,6.280000,1,0.000000,0.000000
116.320000,114.550000,117.210000,111.020100,-1.770000,6.189900,1,0.000000,0.000000
118.470000,117.790000,118.840000,116.880000,-0.680000,1.960000,-1,0.000000,0.000000
118.350000,117.850000,118.800000,117.130100,-0.500000,1.669900,1,0.000000,0.000000
120.830000,117.620000,120.950000,117.500000,-3.210000,3.450000,1,0.000000,0.000000
122.280000,121.700000,122.310000,119.970000,-0.580000,2.340000,-1,0.000000,0.000000
121.850000,121.630000,122.990000,121.570000,-0.220000,1.420000,1,0.000000,0.000000
122.010000,121.350000,123.050000,121.020000,-0.660000,2.030000,-1,0.000000,0.000000
120.430000,122.050000,122.830000,120.410000,1.620000,2.420000,-1,0.000000,0.000000
120.380000,120.670000,121.380000,119.616700,0.290000,1.763300,1,0.000000,0.000000
122.930000,121.570000,122.960000,121.221000,-1.360000,1.739000,1,0.000000,0.000000
124.590000,123.580000,124.600000,123.320000,-1.010000,1.280000,-1,0.000000,0.000000
123.370000,124.700000,125.300000,123.350000,1.330000,1.950000,-1,0.000000,0.000000
122.940000,123.650000,124.980000,122.880000,0.710000,2.100000,-1,0.000000,0.000000
120.400000,123.260000,124.000000,119.620000,2.860000,4.380000,1,0.000000,0.000000
120.770000,119.090000,120.980000,117.860000,-1.680000,3.120000,1,0.000000,0.000000
121.880000,120.450000,122.310000,119.440000,-1.430000,2.870000,-1,0.000000,0.000000
121.060000,122.830000,123.240000,120.670000,1.770000,2.570000,1,0.000000,0.000000
121.850000,120.030000,122.240000,119.700000,-1.820000,2.540000,1,0.000000,0.000000
122.220000,121.960000,122.820000,121.167600,-0.260000,1.652400,1,0.000000,0.000000
124.510000,123.250000,124.790000,122.870000,-1.260000,1.920000,-1,0.000000,0.000000
124.240000,124.750000,124.980000,123.480000,0.510000,1.500000,-1,0.000000,0.000000
123.200000,124.250000,125.000000,122.900000,1.050000,2.100000,-1,0.000000,0.000000
122.580000,124.040000,124.040000,121.900000,1.460000,2.140000,1,0.000000,0.000000
123.410000,123.130000,124.420000,122.700000,-0.280000,1.720000,1,0.000000,0.000000
124.530000,123.850000,125.050000,123.330000,-0.680000,1.720000,-1,0.000000,0.000000
123.210000,123.940000,124.310000,122.280000,0.730000,2.030000,1,0.000000,0.000000
124.910000,123.380000,125.170000,123.300000,-1.530000,1.870000,-1,0.000000,0.000000
123.220000,124.900000,125.440000,123.070000,1.680000,2.370000,-1,0.000000,0.000000
119.990000,122.200000,122.680000,119.700000,2.210000,2.980000,-1,0.000000,0.000000
117.000000,119.890000,120.730000,116.760000,2.890000,3.970000,1,0.000000,0.000000
120.640000,119.090000,120.740000,117.800000,-1.550000,2.940000,-1,0.000000,0.000000
117.400000,121.520000,121.600000,116.740000,4.120000,4.860000,-1,0.000000,0.000000
116.990000,116.930000,118.070000,116.030000,-0.060000,2.040000,1,0.000000,0.000000
119.620000,117.680000,120.594900,117.040000,-1.940000,3.554900,-1,0.000000,0.000000
118.390000,119.270000,119.830000,116.760000,0.880000,3.070000,1,0.000000,0.000000
119.200000,118.890000,119.990000,117.490000,-0.310000,2.500000,1,0.000000,0.000000
119.810000,116.900000,120.120000,116.710200,-2.910000,3.409800,1,0.000000,0.000000
121.190000,121.000000,122.010000,120.370000,-0.190000,1.640000,-1,0.000000,0.000000
117.700000,120.180000,120.556700,117.120000,2.480000,3.436700,1,0.000000,0.000000
118.790000,118.630000,120.670000,118.630000,-0.160000,2.040000,1,0.000000,0.000000
120.720000,120.560000,121.160000,119.640000,-0.160000,1.520000,-1,0.000000,0.000000
119.780000,119.990000,121.660000,119.620000,0.210000,2.040000,1,0.000000,0.000000
121.070000,120.400000,121.980000,120.390100,-0.670000,1.589900,-1,0.000000,0.000000
120.750000,121.730000,122.470000,120.650000,0.980000,1.820000,1,0.000000,0.000000
121.880000,122.110000,122.870000,121.510000,0.230000,1.360000,1,0.000000,0.000000
123.800000,122.910000,124.260000,122.520000,-0.890000,1.740000,1,0.000000,0.000000
124.480000,124.060000,124.870000,123.380000,-0.420000,1.490000,-1,0.000000,0.000000
123.960000,124.310000,124.720000,123.150000,0.350000,1.570000,1,0.000000,0.000000
124.200000,124.060000,124.820000,123.310000,-0.140000,1.510000,1,0.000000,0.000000
124.460000,124.300000,124.970000,123.900000,-0.160000,1.070000,-1,0.000000,0.000000
121.270000,124.870000,125.040000,120.550000,3.600000,4.490000,-1,0.000000,0.000000
121.210000,121.140000,121.350000,119.373000,-0.070000,1.977000,1,0.000000,0.000000
127.080000,125.140000,127.590000,123.781000,-1.940000,3.809000,-1,0.000000,0.000000
126.010000,126.440000,127.060000,125.390000,0.430000,1.670000,1,0.000000,0.000000
126.880000,126.740000,127.900000,126.660000,-0.140000,1.240000,1,0.000000,0.000000
127.510000,126.860000,127.570000,125.510000,-0.650000,2.060000,-1,0.000000,0.000000
126.380000,127.880000,128.100000,126.000000,1.500000,2.100000,1,0.000000,0.000000
127.180000,125.810000,127.460000,125.321700,-1.370000,2.138300,1,0.000000,0.000000
128.160000,126.330000,128.360000,126.070000,-1.830000,2.290000,1,0.000000,0.000000
129.260000,128.400000,129.520000,128.250000,-0.860000,1.270000,1,0.000000,0.000000
129.900000,129.140000,129.970000,128.310000,-0.760000,1.660000,1,0.000000,0.000000
130.840000,130.010000,131.000000,129.590000,-0.830000,1.410000,1,0.000000,0.000000
131.000000,131.290000,131.750000,130.720000,0.290000,1.030000,1,0.000000,0.000000
131.820000,131.000000,132.090000,130.231000,-0.820000,1.859000,-1,0.000000,0.000000
131.210000,132.430000,132.500000,130.670000,1.220000,1.830000,-1,0.000000,0.000000
131.100000,130.560000,131.400000,129.900000,-0.540000,1.500000,-1,0.000000,0.000000
130.890000,131.090000,131.400000,130.540000,0.200000,0.860000,-1,0.000000,0.000000
129.930000,130.580000,130.800000,129.610000,0.650000,1.190000,-1,0.000000,0.000000
129.930000,129.620000,130.340000,129.070000,-0.310000,1.270000,1,0.000000,0.000000
130.660000,130.950000,131.506600,129.990000,0.290000,1.516600,1,0.000000,0.000000
130.710000,131.000000,131.780000,130.500000,0.290000,1.280000,1,0.000000,0.000000
131.880000,130.060000,131.910000,129.800000,-1.820000,2.110000,1,0.000000,0.000000
131.890000,131.820000,132.210000,130.500000,-0.070000,1.710000,-1,0.000000,0.000000
131.280000,131.880000,132.100000,130.930000,0.600000,1.170000,-1,0.000000,0.000000
129.690000,130.390000,131.050000,129.060000,0.700000,1.990000,1,0.000000,0.000000
130.640000,130.200000,131.100000,129.870000,-0.440000,1.230000,1,0.000000,0.000000
130.720000,130.650000,131.581700,129.980000,-0.070000,1.601700,1,0.000000,0.000000
130.850000,131.840000,132.510000,130.360000,0.990000,2.150000,1,0.000000,0.000000
133.070000,131.940000,133.570000,131.430000,-1.130000,2.140000,1,0.000000,0.000000
133.560000,133.380000,133.620000,132.700000,-0.180000,0.920000,1,0.000000,0.000000
136.280000,134.000000,136.310000,133.610000,-2.280000,2.700000,-1,0.000000,0.000000
133.840000,136.360000,136.580000,133.050000,2.520000,3.530000,1,0.000000,0.000000
134.740000,133.440000,134.915000,133.230000,-1.300000,1.685000,-1,0.000000,0.000000
133.910000,134.900000,135.190000,133.810000,0.990000,1.380000,1,0.000000,0.000000
134.860000,134.040000,135.129000,133.540000,-0.820000,1.589000,-1,0.000000,0.000000
134.400000,135.180000,135.770000,134.310000,0.780000,1.460000,1,0.000000,0.000000
135.000000,134.960000,135.700000,134.750000,-0.040000,0.950000,1,0.000000,0.000000
135.100000,135.100000,135.730000,134.000000,0.000000,1.730000,1,0.000000,0.000000
136.200000,134.370000,136.310000,134.120000,-1.830000,2.190000,-1,0.000000,0.000000
135.110000,134.560000,135.235000,133.570000,-0.550000,1.665000,1,0.000000,0.000000
135.500000,135.520000,136.690000,135.500000,0.020000,1.190000,-1,0.000000,0.000000
134.530000,135.270000,136.115000,134.260000,0.740000,1.855000,1,0.000000,0.000000
135.330000,135.600000,135.850000,134.260000,0.270000,1.590000,-1,0.000000,0.000000
130.930000,134.910000,134.910000,129.530000,3.980000,5.380000,1,0.000000,0.000000
132.550000,132.110000,133.790000,131.610000,-0.440000,2.180000,-1,0.000000,0.000000
131.020000,133.010000,133.657000,131.010000,1.990000,2.647000,1,0.000000,0.000000
132.740000,131.000000,133.120000,130.653500,-1.740000,2.466500,-1,0.000000,0.000000
132.450000,133.280000,134.190000,132.450000,0.830000,1.740000,1,0.000000,0.000000
132.500000,131.960000,133.050000,131.150000,-0.540000,1.900000,-1,0.000000,0.000000
131.450000,133.010000,133.410000,131.420000,1.560000,1.990000,1,0.000000,0.000000
133.290000,132.130000,133.330000,131.830000,-1.160000,1.500000,1,0.000000,0.000000
134.090000,133.580000,134.280000,132.500000,-0.510000,1.780000,1,0.000000,0.000000
135.520000,134.940000,135.968900,134.790000,-0.580000,1.178900,1,0.000000,0.000000
136.690000,135.570000,137.330000,135.340000,-1.120000,1.990000,1,0.000000,0.000000
138.150000,136.630000,138.810000,136.600000,-1.520000,2.210000,1,0.000000,0.000000
139.900000,139.010000,139.950000,138.660000,-0.890000,1.290000,-1,0.000000,0.000000
139.420000,139.790000,140.030000,137.540000,0.370000,2.490000,-1,0.000000,0.000000
138.460000,139.420000,139.550000,138.160000,0.960000,1.390000,1,0.000000,0.000000
139.640000,138.180000,139.910000,137.420000,-1.460000,2.490000,1,0.000000,0.000000
140.900000,139.910000,141.170000,139.370000,-0.990000,1.800000,-1,0.000000,0.000000
140.130000,140.950000,140.990000,139.930000,0.820000,1.060000,1,0.000000,0.000000
140.990000,140.000000,141.470000,139.920000,-0.990000,1.550000,-1,0.000000,0.000000
140.030000,140.660000,140.970000,139.640000,0.630000,1.330000,-1,0.000000,0.000000
140.030000,140.990000,141.472500,139.510000,0.960000,1.962500,1,0.000000,0.000000
142.640000,140.340000,142.770000,139.900000,-2.300000,2.870000,-1,0.000000,0.000000
142.500000,141.610000,142.790000,139.530000,-0.890000,3.260000,-1,0.000000,0.000000
140.710000,143.080000,143.140000,139.210000,2.370000,3.930000,-1,0.000000,0.000000
136.480000,140.130000,140.420000,135.310000,3.650000,5.110000,1,0.000000,0.000000
136.740000,137.130000,138.020000,135.630000,0.390000,2.390000,1,0.000000,0.000000
138.250000,137.740000,138.735000,137.410000,-0.510000,1.325000,1,0.000000,0.000000
138.920000,137.450000,139.190000,137.000000,-1.470000,2.190000,1,0.000000,0.000000
139.820000,139.290000,139.860000,137.940000,-0.530000,1.920000,-1,0.000000,0.000000
139.710000,139.650000,140.260000,139.050000,-0.060000,1.210000,1,0.000000,0.000000
140.280000,139.980000,140.690000,139.872600,-0.300000,0.817400,1,0.000000,0.000000
140.680000,139.980000,140.990000,139.830000,-0.700000,1.160000,-1,0.000000,0.000000
140.010000,140.730000,141.240000,139.900000,0.720000,1.340000,-1,0.000000,0.000000
139.730000,139.880000,140.740100,139.250000,0.150000,1.490100,1,0.000000,0.000000
140.210000,140.530000,141.240000,139.830000,0.320000,1.410000,1,0.000000,0.000000
140.760000,140.300000,140.990000,139.880000,-0.460000,1.110000,-1,0.000000,0.000000
139.920000,140.350000,140.690000,138.840000,0.430000,1.850000,1,0.000000,0.000000
140.650000,141.070000,141.490000,140.420000,0.420000,1.070000,1,0.000000,0.000000
141.330000,140.780000,141.710000,140.565000,-0.550000,1.145000,-1,0.000000,0.000000
140.940000,141.540000,141.600000,140.700000,0.600000,0.900000,-1,0.000000,0.000000
140.040000,141.000000,141.457400,139.800000,0.960000,1.657400,1,0.000000,0.000000
141.140000,139.850000,141.530000,139.850000,-1.290000,1.680000,1,0.000000,0.000000
142.100000,141.010000,142.445000,140.770000,-1.090000,1.675000,1,0.000000,0.000000
144.200000,142.320000,144.380000,142.320000,-1.880000,2.060000,1,0.000000,0.000000
145.400000,144.990000,145.600000,144.710000,-0.410000,0.890000,-1,0.000000,0.000000
145.200000,145.630000,146.170000,144.870000,0.430000,1.300000,1,0.000000,0.000000
147.030000,145.460000,147.299900,145.420000,-1.570000,1.879900,-1,0.000000,0.000000
146.740000,146.820000,147.710000,146.360000,0.080000,1.350000,1,0.000000,0.000000
146.890000,146.740000,147.640000,146.500000,-0.150000,1.140000,1,0.000000,0.000000
147.800000,146.930000,147.860000,146.666900,-0.870000,1.193100,-1,0.000000,0.000000
142.670000,147.000000,147.820000,142.550000,4.330000,5.270000,1,0.000000,0.000000
144.500000,143.290000,144.700000,142.540000,-1.210000,2.160000,-1,0.000000,0.000000
143.200000,143.990000,144.440000,142.750000,0.790000,1.690000,1,0.000000,0.000000
144.080000,144.130000,144.440000,143.210000,0.050000,1.230000,1,0.000000,0.000000
145.490000,143.460000,145.520000,143.250000,-2.030000,2.270000,1,0.000000,0.000000
146.570000,145.850000,146.800000,145.073300,-0.720000,1.726700,1,0.000000,0.000000
147.630000,147.150000,148.065000,147.090000,-0.480000,0.975000,1,0.000000,0.000000
147.840000,147.910000,148.370000,147.350000,0.070000,1.020000,-1,0.000000,0.000000
146.180000,147.830000,147.900000,145.830000,1.650000,2.070000,1,0.000000,0.000000
147.630000,146.200000,148.089700,145.950000,-1.430000,2.139700,-1,0.000000,0.000000
147.420000,148.280000,148.820000,147.251000,0.860000,1.569000,1,0.000000,0.000000
149.240000,147.990000,149.485000,147.200000,-1.250000,2.285000,1,0.000000,0.000000
150.050000,149.950000,150.260000,149.350000,-0.100000,0.910000,-1,0.000000,0.000000
149.110000,149.160000,149.650000,147.270000,0.050000,2.380000,1,0.000000,0.000000
149.580000,149.710000,149.960000,149.100000,0.130000,0.860000,-1,0.000000,0.000000
149.270000,150.000000,150.420000,149.040000,0.730000,1.380000,1,0.000000,0.000000
150.020000,149.900000,150.640000,149.562000,-0.120000,1.078000,1,0.000000,0.000000
150.090000,149.810000,150.370000,149.550000,-0.280000,0.820000,1,0.000000,0.000000
150.790000,150.890000,151.560000,150.610000,0.100000,0.950000,-1,0.000000,0.000000
149.670000,150.840000,150.840000,149.170000,1.170000,1.670000,-1,0.000000,0.000000
149.370000,150.710000,150.710000,149.190000,1.340000,1.520000,-1,0.000000,0.000000
146.760000,149.180000,149.280000,146.100000,2.420000,3.180000,-1,0.000000,0.000000
145.360000,146.640000,147.410000,144.400000,1.280000,3.010000,-1,0.000000,0.000000
141.890000,145.010000,145.010000,140.180000,3.120000,4.830000,1,0.000000,0.000000
142.310000,141.460000,143.290000,141.120000,-0.850000,2.170000,-1,0.000000,0.000000
135.520000,142.570000,142.690000,135.210000,7.050000,7.480000,-1,0.000000,0.000000
133.730000,134.090000,137.240000,132.260000,0.360000,4.980000,1,0.000000,0.000000
140.060000,138.480000,140.980000,137.430000,-1.580000,3.550000,-1,0.000000,0.000000
137.230000,139.900000,140.060000,137.220000,2.670000,2.840000,1,0.000000,0.000000
141.740000,138.710000,142.140000,138.680000,-3.030000,3.460000,1,0.000000,0.000000
142.450000,142.340000,142.860000,140.730000,-0.110000,2.130000,-1,0.000000,0.000000
139.290000,142.460000,142.460000,137.950000,3.170000,4.510000,1,0.000000,0.000000
140.080000,139.900000,142.190000,139.380000,-0.180000,2.810000,1,0.000000,0.000000
140.640000,140.970000,141.540000,139.510000,0.330000,2.030000,-1,0.000000,0.000000
139.120000,136.890000,140.040000,135.590000,-2.230000,4.450000,-1,0.000000,0.000000
134.260000,139.700000,140.180000,134.000000,5.440000,6.180000,1,0.000000,0.000000
140.520000,135.450000,140.900000,132.500000,-5.070000,8.400000,-1,0.000000,0.000000
137.740000,137.980000,139.870000,136.060000,0.240000,3.810000,-1,0.000000,0.000000
134.330000,139.610000,141.510000,132.270000,5.280000,9.240000,-1,0.000000,0.000000
132.760000,133.080000,134.860000,129.790000,0.320000,5.070000,1,0.000000,0.000000
137.850000,134.990000,139.120000,134.990000,-2.860000,4.130000,1,0.000000,0.000000
140.830000,139.000000,140.870000,137.490000,-1.830000,3.380000,-1,0.000000,0.000000
139.780000,141.110000,141.454600,137.850000,1.330000,3.604600,1,0.000000,0.000000
139.800000,139.800000,140.210000,138.070000,0.000000,2.140000,1,0.000000,0.000000
140.790000,139.800000,140.910000,139.720000,-0.990000,1.190000,1,0.000000,0.000000
144.780000,142.340000,144.900000,142.320000,-2.440000,2.580000,1,0.000000,0.000000
145.230000,144.600000,145.460000,143.652000,-0.630000,1.808000,-1,0.000000,0.000000
143.930000,144.200000,144.570000,142.360000,0.270000,2.210000,-1,0.000000,0.000000
139.720000,143.420000,143.640000,139.170000,3.700000,4.470000,-1,0.000000,0.000000
139.720000,140.350000,141.900000,139.010000,0.630000,2.890000,-1,0.000000,0.000000
139.490000,142.020000,142.600000,138.412800,2.530000,4.187200,1,0.000000,0.000000
141.840000,138.850000,141.910000,137.930000,-2.990000,3.980000,-1,0.000000,0.000000
140.180000,140.420000,141.840000,139.920000,0.240000,1.920000,-1,0.000000,0.000000
134.760000,140.470000,140.570000,134.250000,5.710000,6.320000,-1,0.000000,0.000000
133.370000,130.310000,134.530000,129.540000,-3.060000,4.990000,1,0.000000,0.000000
134.420000,134.360000,135.780000,133.630000,-0.060000,2.150000,-1,0.000000,0.000000
