54.745000,54.730000,54.910000,54.630000,-0.015000,0.280000,2
54.860000,54.760000,54.880000,54.740000,-0.100000,0.140000,1
54.820000,54.880000,54.930000,54.755000,0.060000,0.175000,1
54.725000,54.825000,54.835000,54.650000,0.100000,0.185000,2
54.780000,54.750000,54.789900,54.740000,-0.030000,0.049900,1
54.735000,54.790000,54.810000,54.730000,0.055000,0.080000,2
54.747500,54.745500,54.780000,54.700000,-0.002000,0.080000,1
54.650000,54.745000,54.750000,54.650000,0.095000,0.100000,1
54.560000,54.650000,54.650000,54.530000,0.090000,0.120000,1
54.530000,54.561000,54.595000,54.529900,0.031000,0.065100,2
54.575000,54.540000,54.580000,54.490000,-0.035000,0.090000,2
54.584700,54.580000,54.635000,54.580000,-0.004700,0.055000,1
54.565000,54.585600,54.600000,54.555000,0.020600,0.045000,1
54.545000,54.565000,54.580000,54.510000,0.020000,0.070000,1
54.535000,54.545000,54.600000,54.530000,0.010000,0.070000,2
54.585000,54.530000,54.585000,54.500000,-0.055000,0.085000,1
54.525000,54.570000,54.599900,54.520000,0.045000,0.079900,2
54.600000,54.520000,54.600000,54.520000,-0.080000,0.080000,1
54.570000,54.590000,54.610000,54.525000,0.020000,0.085000,1
54.480100,54.570000,54.580000,54.480000,0.089900,0.100000,1
54.315400,54.489900,54.490000,54.305000,0.174500,0.185000,1
54.171700,54.320000,54.320000,54.170000,0.148300,0.150000,2
54.190000,54.180000,54.270000,54.165000,-0.010000,0.105000,2
54.220000,54.200000,54.220000,54.135000,-0.020000,0.085000,1
54.215000,54.215000,54.270000,54.200000,0.000000,0.070000,2
54.280000,54.210000,54.295000,54.200000,-0.070000,0.095000,2
54.290000,54.220000,54.340000,53.970000,-0.070000,0.370000,1
54.260000,54.280000,54.305000,54.205000,0.020000,0.100000,1
54.130000,54.245000,54.245000,54.104500,0.115000,0.140500,1
54.040000,54.130000,54.130000,53.970000,0.090000,0.160000,2
54.110000,54.030000,54.140000,54.018000,-0.080000,0.122000,2
54.270000,54.130000,54.275000,54.100000,-0.140000,0.175000,2
54.350000,54.280000,54.400000,54.270000,-0.070000,0.130000,2
54.390000,54.345000,54.457000,54.325000,-0.045000,0.132000,1
54.390000,54.390000,54.432500,54.340000,0.000000,0.092500,2
54.540000,54.400000,54.550000,54.395000,-0.140000,0.155000,2
54.605000,54.530000,54.610000,54.512800,-0.075000,0.097200,2
54.625000,54.610000,54.625000,54.570000,-0.015000,0.055000,2
54.735000,54.620000,54.735000,54.620000,-0.115000,0.115000,2
54.840000,54.735000,54.874200,54.735000,-0.105000,0.139200,1
54.650000,54.840000,54.840000,54.640000,0.190000,0.200000,2
54.715000,54.650000,54.760000,54.625000,-0.065000,0.135000,2
54.774000,54.710000,54.780000,54.650000,-0.064000,0.130000,1
54.700000,54.770000,54.790000,54.680000,0.070000,0.110000,1
54.700000,54.710000,54.740000,54.650000,0.010000,0.090000,1
54.645000,54.706800,54.725000,54.635000,0.061800,0.090000,1
54.590000,54.645000,54.650000,54.570000,0.055000,0.080000,2
54.750000,54.580000,54.770000,54.580000,-0.170000,0.190000,2
54.798600,54.760000,54.845000,54.720000,-0.038600,0.125000,2
54.844700,54.800000,54.870000,54.790000,-0.044700,0.080000,2
54.890000,54.840000,54.900000,54.830000,-0.050000,0.070000,2
55.015000,54.890000,55.030000,54.890000,-0.125000,0.140000,2
55.186000,55.100000,55.190000,55.060000,-0.086000,0.130000,2
55.300000,55.205000,55.319900,55.205000,-0.095000,0.114900,1
55.280000,55.300000,55.435000,55.270100,0.020000,0.164900,1
55.165000,55.290000,55.320000,55.165000,0.125000,0.155000,1
55.004000,55.150000,55.150000,54.950000,0.146000,0.200000,1
54.960000,55.000000,55.000000,54.935000,0.040000,0.065000,2
55.020000,54.950000,55.030000,54.875000,-0.070000,0.155000,1
54.935000,55.030000,55.040000,54.920000,0.095000,0.120000,2
55.038700,54.930000,55.038700,54.920000,-0.108700,0.118700,1
54.950000,55.030000,55.063200,54.950000,0.080000,0.113200,2
54.970000,54.925000,55.040000,54.925000,-0.045000,0.115000,1
54.950000,54.970000,55.050000,54.940000,0.020000,0.110000,1
54.950000,54.955000,55.005000,54.920000,0.005000,0.085000,2
55.010000,54.945000,55.040000,54.945000,-0.065000,0.095000,2
55.040000,55.000000,55.055000,54.970000,-0.040000,0.085000,1
55.015000,55.040000,55.050000,54.980000,0.025000,0.070000,2
55.055000,55.030000,55.060000,54.980000,-0.025000,0.080000,1
55.050000,55.060000,55.110000,55.035000,0.010000,0.075000,1
54.920000,55.050000,55.055000,54.920000,0.130000,0.135000,2
54.970000,54.930000,54.981000,54.911000,-0.040000,0.070000,1
54.840000,54.960000,54.980000,54.835000,0.120000,0.145000,1
54.836000,54.850000,54.850000,54.780000,0.014000,0.070000,2
54.845000,54.840000,54.920000,54.825000,-0.005000,0.095000,2
54.990000,54.830000,54.990000,54.810000,-0.160000,0.180000,1
54.939900,54.990000,54.995000,54.905000,0.050100,0.090000,2
54.945000,54.940000,55.025000,54.940000,-0.005000,0.085000,1
54.595000,55.100000,55.100000,54.460000,0.505000,0.640000,2
54.683600,54.630000,54.710000,54.540000,-0.053600,0.170000,1
54.560000,54.680000,54.714000,54.540000,0.120000,0.174000,1
54.560000,54.550000,54.580000,54.510000,-0.010000,0.070000,2
54.630000,54.565000,54.640000,54.560000,-0.065000,0.080000,2
54.755000,54.625000,54.755000,54.625000,-0.130000,0.130000,2
55.000000,54.750000,55.000000,54.740000,-0.250000,0.260000,2
55.050000,54.990000,55.074900,54.910000,-0.060000,0.164900,2
55.125000,55.030000,55.185000,55.010000,-0.095000,0.175000,1
55.020000,55.120000,55.120000,54.970000,0.100000,0.150000,2
55.145000,55.035000,55.145900,54.990000,-0.110000,0.155900,1
55.135000,55.155000,55.200000,55.100000,0.020000,0.100000,1
55.080000,55.120000,55.140000,55.055000,0.040000,0.085000,2
55.130000,55.080000,55.165000,55.070100,-0.050000,0.094900,1
55.090000,55.130000,55.160000,55.090000,0.040000,0.070000,1
54.914000,55.080000,55.080000,54.910000,0.166000,0.170000,2
55.015000,54.920000,55.015000,54.910000,-0.095000,0.105000,1
54.969900,55.020000,55.025000,54.940100,0.050100,0.084900,2
55.100000,54.965000,55.135000,54.965000,-0.135000,0.170000,1
55.050000,55.110000,55.145000,55.040000,0.060000,0.105000,1
55.020000,55.060000,55.100000,55.007800,0.040000,0.092200,1
55.000000,55.020000,55.025000,54.967100,0.020000,0.057900,2
55.005000,54.995000,55.024000,54.940000,-0.010000,0.084000,2
55.077500,55.004800,55.090000,55.003000,-0.072700,0.087000,2
55.140000,55.080000,55.140000,55.060000,-0.060000,0.080000,1
55.035000,55.150000,55.150000,55.015000,0.115000,0.135000,1
54.510000,54.430000,54.590000,54.030000,-0.080000,0.560000,2
54.885000,54.510000,54.950000,54.500000,-0.375000,0.450000,2
54.965000,54.880000,55.090000,54.825000,-0.085000,0.265000,2
54.990000,54.995000,55.040000,54.900000,0.005000,0.140000,1
54.880000,55.000000,55.000000,54.800000,0.120000,0.200000,2
54.965000,54.865000,55.050000,54.865000,-0.100000,0.185000,1
54.965000,54.965000,55.030000,54.915000,0.000000,0.115000,2
54.995000,54.955000,55.020000,54.920000,-0.040000,0.100000,1
54.925000,54.990000,54.990000,54.860000,0.065000,0.130000,2
55.020000,54.950000,55.020000,54.950000,-0.070000,0.070000,2
55.030000,55.020000,55.040000,54.955000,-0.010000,0.085000,1
54.980000,55.030000,55.030000,54.940000,0.050000,0.090000,1
54.965000,54.980000,55.000000,54.945000,0.015000,0.055000,1
54.955000,54.953300,54.970000,54.880000,-0.001700,0.090000,1
54.940000,54.970000,54.990000,54.940000,0.030000,0.050000,1
54.760000,54.930000,54.940000,54.760000,0.170000,0.180000,2
54.770000,54.780000,54.800000,54.750000,0.010000,0.050000,2
54.955000,54.760000,54.960000,54.750000,-0.195000,0.210000,2
55.050000,54.950000,55.062500,54.925000,-0.100000,0.137500,1
55.020000,55.049900,55.067500,54.990000,0.029900,0.077500,2
55.060000,55.020000,55.085000,55.000000,-0.040000,0.085000,2
55.120000,55.055000,55.130000,55.000000,-0.065000,0.130000,1
55.100000,55.120000,55.140000,55.041000,0.020000,0.099000,1
55.005000,55.100000,55.110000,54.980000,0.095000,0.130000,2
55.030000,55.010000,55.060000,55.000000,-0.020000,0.060000,1
55.000000,55.030000,55.105000,54.980000,0.030000,0.125000,2
55.390000,54.980000,55.410000,54.980000,-0.410000,0.430000,2
55.560000,55.430000,55.560000,55.320100,-0.130000,0.239900,1
55.320000,55.540000,55.605000,55.310000,0.220000,0.295000,2
55.350000,55.330000,55.500000,55.300000,-0.020000,0.200000,2
55.440000,55.330000,55.440000,55.280000,-0.110000,0.160000,1
55.415900,55.440000,55.490000,55.370000,0.024100,0.120000,2
55.540000,55.405500,55.570000,55.350000,-0.134500,0.220000,1
55.470000,55.530000,55.590000,55.450000,0.060000,0.140000,2
55.504300,55.460000,55.540000,55.420000,-0.044300,0.120000,2
55.620000,55.500000,55.690000,55.470000,-0.120000,0.220000,2
55.795000,55.630000,55.840000,55.580000,-0.165000,0.260000,2
55.855000,55.805000,55.900000,55.760000,-0.050000,0.140000,1
55.555000,55.855000,55.855000,55.535000,0.300000,0.320000,1
55.425000,55.550000,55.590000,55.420000,0.125000,0.170000,1
55.310000,55.420000,55.420000,55.220000,0.110000,0.200000,1
55.270000,55.310000,55.390000,55.270000,0.040000,0.120000,1
55.180000,55.260000,55.270000,55.165000,0.080000,0.105000,2
55.220000,55.195000,55.266800,55.160000,-0.025000,0.106800,1
55.050000,55.210000,55.230000,54.980000,0.160000,0.250000,1
55.050000,55.060000,55.130000,55.005000,0.010000,0.125000,1
54.960000,55.040000,55.060000,54.950000,0.080000,0.110000,1
54.835000,54.985000,55.020000,54.800000,0.150000,0.220000,1
54.655000,54.835000,54.835000,54.615000,0.180000,0.220000,2
54.880000,54.665000,54.890000,54.643300,-0.215000,0.246700,1
54.590000,54.875100,54.880000,54.560000,0.285100,0.320000,1
54.340000,54.580000,54.690000,54.340000,0.240000,0.350000,2
55.075000,54.530000,55.075000,54.485000,-0.545000,0.590000,1
54.570000,55.070000,55.150000,54.540000,0.500000,0.610000,2
54.810000,54.590000,55.010000,54.410000,-0.220000,0.600000,1
54.510000,54.795000,54.840100,54.440000,0.285000,0.400100,1
54.380000,54.425000,54.470000,54.335000,0.045000,0.135000,2
54.465000,54.460000,54.530000,54.365000,-0.005000,0.165000,1
54.110000,54.470000,54.490000,54.100000,0.360000,0.390000,2
54.140000,54.100000,54.325000,54.100000,-0.040000,0.225000,1
53.876000,54.150000,54.200000,53.840000,0.274000,0.360000,2
53.890000,53.845000,54.065000,53.845000,-0.045000,0.220000,1
53.860000,53.890000,53.940000,53.830000,0.030000,0.110000,2
53.970000,53.850000,54.025000,53.840000,-0.120000,0.185000,2
54.050000,53.980000,54.120000,53.970000,-0.070000,0.150000,1
54.035000,54.052500,54.095000,53.975000,0.017500,0.120000,1
54.030000,54.030000,54.070000,53.945000,0.000000,0.125000,1
54.030000,54.050000,54.100000,54.000000,0.020000,0.100000,1
53.885400,54.040000,54.090000,53.860000,0.154600,0.230000,1
53.840000,53.860000,53.872500,53.737000,0.020000,0.135500,1
53.695000,53.840000,53.870000,53.666500,0.145000,0.203500,1
53.630000,53.690000,53.810000,53.600000,0.060000,0.210000,1
53.050000,53.630000,53.650000,53.050000,0.580000,0.600000,2
53.190000,53.040000,53.350000,52.860000,-0.150000,0.490000,2
53.280000,53.190000,53.390000,53.090000,-0.090000,0.300000,2
53.570000,53.260000,53.630000,53.235000,-0.310000,0.395000,1
53.475000,53.565000,53.650000,53.381000,0.090000,0.269000,1
53.335000,53.475000,53.480000,53.230000,0.140000,0.250000,1
52.940000,53.690000,53.690000,52.915000,0.750000,0.775000,2
53.080000,52.900000,53.155000,52.820000,-0.180000,0.335000,1
53.020000,53.090000,53.230000,53.020000,0.070000,0.210000,2
53.065000,53.025000,53.160000,52.940000,-0.040000,0.220000,2
53.430000,53.050000,53.438300,53.025000,-0.380000,0.413300,2
53.505000,53.390000,53.620000,53.390000,-0.115000,0.230000,1
53.502500,53.500000,53.540000,53.490000,-0.002500,0.050000,2
53.520000,53.492500,53.618500,53.475000,-0.027500,0.143500,1
53.410000,53.500000,53.525000,53.400000,0.090000,0.125000,2
53.570000,53.425000,53.570000,53.360000,-0.145000,0.210000,1
53.545000,53.565000,53.565000,53.475000,0.020000,0.090000,1
53.340000,53.540000,53.540000,53.300000,0.200000,0.240000,1
53.180000,53.330000,53.364800,53.160000,0.150000,0.204800,1
53.170000,53.175000,53.250000,53.100000,0.005000,0.150000,2
53.440000,53.140000,53.440000,53.110000,-0.300000,0.330000,1
53.296400,53.450100,53.485000,53.290000,0.153700,0.195000,1
53.190000,53.275000,53.275000,53.080000,0.085000,0.195000,2
53.245900,53.192700,53.350000,53.192700,-0.053200,0.157300,1
53.110000,53.240000,53.330000,53.110000,0.130000,0.220000,2
53.335000,53.120000,53.355000,53.120000,-0.215000,0.235000,1
53.160000,53.350000,53.375000,53.155000,0.190000,0.220000,2
53.440000,53.160000,53.480100,53.155000,-0.280000,0.325100,2
53.490000,53.450000,53.620000,53.340000,-0.040000,0.280000,2
53.675000,53.495000,53.675000,53.410000,-0.180000,0.265000,1
53.675000,53.670000,53.680000,53.540000,-0.005000,0.140000,2
53.680000,53.675000,53.886600,53.620000,-0.005000,0.266600,2
53.800000,53.930000,54.030000,53.720000,0.130000,0.310000,1
53.690000,53.790000,53.930000,53.690000,0.100000,0.240000,2
53.700000,53.690000,53.805000,53.675000,-0.010000,0.130000,2
53.740000,53.740000,53.855000,53.740000,0.000000,0.115000,2
53.974100,53.730000,53.990000,53.730000,-0.244100,0.260000,2
54.000000,53.990000,54.030000,53.924900,-0.010000,0.105100,1
53.889000,54.010000,54.020000,53.889000,0.121000,0.131000,2
53.890000,53.900000,53.955000,53.829000,0.010000,0.126000,2
53.916300,53.890000,54.020000,53.890000,-0.026300,0.130000,1
53.770000,53.930000,53.960000,53.770000,0.160000,0.190000,1
53.695000,53.790000,53.800000,53.690000,0.095000,0.110000,2
53.790000,53.705000,53.830000,53.690000,-0.085000,0.140000,2
53.910000,53.800000,53.915000,53.730000,-0.110000,0.185000,2
53.960000,53.905000,53.995000,53.900000,-0.055000,0.095000,2
54.015000,53.950000,54.070000,53.950000,-0.065000,0.120000,2
54.040000,53.995000,54.090000,53.990000,-0.045000,0.100000,2
54.120000,54.040000,54.205000,54.035000,-0.080000,0.170000,1
54.035000,54.130000,54.145000,54.020000,0.095000,0.125000,1
53.937300,54.050000,54.050000,53.937300,0.112700,0.112700,2
53.970100,53.950000,54.005000,53.930000,-0.020100,0.075000,2
54.130000,53.970000,54.150000,53.950000,-0.160000,0.200000,2
54.190000,54.139500,54.245000,54.110000,-0.050500,0.135000,1
53.900000,54.190000,54.190000,53.880000,0.290000,0.310000,1
53.800000,53.895000,53.920000,53.800000,0.095000,0.120000,1
53.790000,53.785000,53.820000,53.710000,-0.005000,0.110000,1
53.610000,53.775000,53.825000,53.610000,0.165000,0.215000,1
53.570000,53.510000,53.590000,53.263900,-0.060000,0.326100,2
53.615000,53.595000,53.650000,53.490000,-0.020000,0.160000,1
53.530000,53.620000,53.670000,53.500000,0.090000,0.170000,1
53.370000,53.560000,53.565000,53.370000,0.190000,0.195000,1
53.360000,53.365000,53.410000,53.280000,0.005000,0.130000,2
53.411600,53.350000,53.420000,53.300000,-0.061600,0.120000,2
53.475000,53.400000,53.475000,53.375000,-0.075000,0.100000,1
53.470000,53.480000,53.540000,53.435000,0.010000,0.105000,2
53.500000,53.465000,53.520000,53.455000,-0.035000,0.065000,1
53.420000,53.510000,53.535000,53.370000,0.090000,0.165000,2
53.490000,53.435000,53.540000,53.410000,-0.055000,0.130000,1
53.445000,53.510000,53.510000,53.375000,0.065000,0.135000,2
53.475000,53.430000,53.509000,53.430000,-0.045000,0.079000,1
53.410000,53.479900,53.495000,53.410000,0.069900,0.085000,2
53.430000,53.415000,53.435000,53.385000,-0.015000,0.050000,2
53.490000,53.430000,53.490000,53.412100,-0.060000,0.077900,2
53.550000,53.480000,53.580000,53.455000,-0.070000,0.125000,1
53.430000,53.557400,53.580000,53.410000,0.127400,0.170000,2
53.600000,53.440000,53.620000,53.400000,-0.160000,0.220000,2
53.655000,53.593600,53.660000,53.570000,-0.061400,0.090000,2
53.700000,53.670000,53.740000,53.640000,-0.030000,0.100000,1
53.540000,53.690000,53.690000,53.530000,0.150000,0.160000,1
53.525000,53.560000,53.565000,53.470000,0.035000,0.095000,1
53.490000,53.530000,53.530000,53.445000,0.040000,0.085000,2
53.790000,53.480000,53.790000,53.480000,-0.310000,0.310000,1
53.670000,53.782500,53.790000,53.620000,0.112500,0.170000,1
53.590000,53.830000,53.880000,53.570000,0.240000,0.310000,1
53.550000,53.590000,53.740000,53.550000,0.040000,0.190000,2
53.580000,53.555000,53.640000,53.535000,-0.025000,0.105000,2
53.750000,53.580000,53.750000,53.550000,-0.170000,0.200000,1
53.660000,53.730000,53.790000,53.630000,0.070000,0.160000,2
53.675000,53.640000,53.719900,53.630000,-0.035000,0.089900,1
53.650000,53.675000,53.680000,53.590000,0.025000,0.090000,1
53.650000,53.620000,53.650000,53.590000,-0.030000,0.060000,2
53.915000,53.670000,53.940000,53.670000,-0.245000,0.270000,2
54.040000,53.910000,54.040000,53.890000,-0.130000,0.150000,2
54.180000,54.040000,54.180000,53.965000,-0.140000,0.215000,2
54.240000,54.180000,54.255000,54.155000,-0.060000,0.100000,1
54.195000,54.230000,54.245000,54.160000,0.035000,0.085000,1
54.190000,54.192000,54.210000,54.130000,0.002000,0.080000,2
54.240000,54.180000,54.260000,54.160000,-0.060000,0.100000,2
54.325000,54.228000,54.338900,54.220000,-0.097000,0.118900,2
54.335000,54.350000,54.370000,54.290000,0.015000,0.080000,1
54.290000,54.330000,54.350000,54.280000,0.040000,0.070000,2
54.330000,54.290000,54.375000,54.211000,-0.040000,0.164000,1
54.080000,54.320000,54.325000,54.050000,0.240000,0.275000,2
54.220000,54.045000,54.220000,54.030000,-0.175000,0.190000,2
54.225000,54.200000,54.270000,54.155000,-0.025000,0.115000,1
54.215000,54.200000,54.265000,54.120000,-0.015000,0.145000,1
54.185000,54.185000,54.190000,54.100000,0.000000,0.090000,1
53.900000,54.187500,54.187500,53.897500,0.287500,0.290000,2
53.990000,53.880000,54.090000,53.860000,-0.110000,0.230000,1
53.930000,53.835000,53.995000,53.835000,-0.095000,0.160000,2
53.980000,53.900000,54.040000,53.880000,-0.080000,0.160000,2
54.010000,53.970000,54.010000,53.840000,-0.040000,0.170000,2
54.155000,54.020000,54.160000,54.020000,-0.135000,0.140000,2
54.395000,54.160000,54.415000,54.135000,-0.235000,0.280000,2
54.620000,54.410000,54.655000,54.350000,-0.210000,0.305000,1
54.470000,54.630000,54.630000,54.470000,0.160000,0.160000,2
54.485000,54.460000,54.555000,54.450000,-0.025000,0.105000,1
54.270000,54.490000,54.520000,54.230000,0.220000,0.290000,1
54.100000,54.245000,54.245000,54.060000,0.145000,0.185000,1
54.060000,54.080000,54.120000,53.990000,0.020000,0.130000,2
54.320000,54.050000,54.330000,54.020000,-0.270000,0.310000,2
54.430000,54.310000,54.450000,54.240000,-0.120000,0.210000,1
54.430000,54.455000,54.470000,54.350000,0.025000,0.120000,1
54.270000,54.420000,54.455000,54.270000,0.150000,0.185000,1
54.125000,54.270000,54.320000,54.080000,0.145000,0.240000,1
53.995000,54.150000,54.150000,53.925000,0.155000,0.225000,1
53.965000,54.020000,54.060000,53.890000,0.055000,0.170000,2
54.110000,53.959900,54.240000,53.959900,-0.150100,0.280100,2
54.230000,54.110000,54.260000,54.050000,-0.120000,0.210000,2
54.370000,54.230000,54.390000,54.230000,-0.140000,0.160000,1
54.330000,54.380000,54.440000,54.310000,0.050000,0.130000,1
54.320000,54.330000,54.350000,54.230000,0.010000,0.120000,2
54.510000,54.315000,54.560000,54.315000,-0.195000,0.245000,1
54.495000,54.510000,54.645000,54.435000,0.015000,0.210000,2
54.660000,54.500000,54.660000,54.490000,-0.160000,0.170000,1
54.590000,54.570000,54.740000,54.530000,-0.020000,0.210000,2
54.810000,54.590000,54.810000,54.590000,-0.220000,0.220000,2
54.955000,54.800000,54.955100,54.750000,-0.155000,0.205100,2
54.980000,54.960000,55.000000,54.900000,-0.020000,0.100000,1
54.900000,54.975000,55.005000,54.800000,0.075000,0.205000,2
54.970000,54.900000,54.990000,54.830000,-0.070000,0.160000,2
55.060000,54.970000,55.080000,54.970000,-0.090000,0.110000,1
55.030000,55.070000,55.140000,54.995000,0.040000,0.145000,2
55.190000,55.015000,55.190000,54.980000,-0.175000,0.210000,2
55.470100,55.190000,55.500000,55.150000,-0.280100,0.350000,1
55.240000,55.478500,55.500000,55.165500,0.238500,0.334500,1
55.160000,55.220000,55.220000,55.095000,0.060000,0.125000,1
55.040000,55.165000,55.205000,55.020000,0.125000,0.185000,2
55.050000,55.035000,55.050200,54.960000,-0.015000,0.090200,1
55.010000,55.030000,55.050000,54.930000,0.020000,0.120000,1
55.000000,55.010000,55.020000,54.950000,0.010000,0.070000,1
54.950000,55.000000,55.010000,54.940000,0.050000,0.070000,2
54.970000,54.956200,55.020000,54.956200,-0.013800,0.063800,1
54.839000,54.970000,54.990000,54.740000,0.131000,0.250000,2
54.975000,54.830000,54.975000,54.810000,-0.145000,0.165000,1
54.870000,54.980000,55.025000,54.870000,0.110000,0.155000,2
54.945000,54.880000,54.980100,54.880000,-0.065000,0.100100,1
54.850000,54.970000,54.980000,54.810000,0.120000,0.170000,2
54.970000,54.855000,54.980000,54.825000,-0.115000,0.155000,2
55.000000,54.975000,55.035000,54.965000,-0.025000,0.070000,1
54.890000,55.000000,55.015000,54.890000,0.110000,0.125000,2
55.060000,55.010000,55.262000,54.850000,-0.050000,0.412000,2
55.090000,55.070000,55.180000,55.020000,-0.020000,0.160000,1
55.055000,55.090000,55.090000,54.950000,0.035000,0.140000,2
55.060000,55.065000,55.140000,54.990000,0.005000,0.150000,1
55.035000,55.040000,55.080000,54.940000,0.005000,0.140000,1
55.035000,55.050000,55.110000,54.979900,0.015000,0.130100,1
55.005000,55.035000,55.105000,54.990000,0.030000,0.115000,2
55.025000,55.000000,55.095000,54.985000,-0.025000,0.110000,1
54.735000,55.020000,55.035000,54.710000,0.285000,0.325000,1
54.680000,54.730000,54.735000,54.610000,0.050000,0.125000,2
54.900000,54.680000,54.990000,54.680000,-0.220000,0.310000,2
54.955000,54.880000,54.995000,54.865000,-0.075000,0.130000,1
54.830000,54.960000,54.970000,54.750000,0.130000,0.220000,2
54.845000,54.830000,54.890000,54.800000,-0.015000,0.090000,2
54.955000,54.840000,54.960000,54.775000,-0.115000,0.185000,1
54.940000,54.960000,54.980000,54.900000,0.020000,0.080000,2
54.980000,54.935000,55.000000,54.890000,-0.045000,0.110000,1
54.970000,54.975000,55.030000,54.940000,0.005000,0.090000,2
55.000000,54.980000,55.050000,54.960000,-0.020000,0.090000,2
55.040000,55.000000,55.045000,54.940000,-0.040000,0.105000,2
55.134800,55.030000,55.165000,55.020000,-0.104800,0.145000,1
55.120000,55.140000,55.260000,55.090000,0.020000,0.170000,2
55.130000,55.110000,55.165000,55.080000,-0.020000,0.085000,2
55.140000,55.130000,55.140000,55.080000,-0.010000,0.060000,1
55.140000,55.130000,55.150000,55.030000,-0.010000,0.120000,1
54.950000,55.135000,55.140000,54.910000,0.185000,0.230000,2
56.595000,56.250000,57.140000,56.250000,-0.345000,0.890000,2
56.730000,56.570000,56.742500,56.350000,-0.160000,0.392500,1
56.390000,56.740000,56.890000,56.309000,0.350000,0.581000,2
56.760000,56.420000,56.800000,56.365000,-0.340000,0.435000,2
56.785000,56.740000,56.970000,56.640000,-0.045000,0.330000,2
56.940000,56.785000,56.990100,56.635000,-0.155000,0.355100,2
57.360000,56.960000,57.360000,56.715000,-0.400000,0.645000,1
57.100000,57.390000,57.460000,56.885000,0.290000,0.575000,2
57.140000,57.076800,57.176600,57.020000,-0.063200,0.156600,1
56.980000,57.150000,57.230000,56.975600,0.170000,0.254400,2
57.070000,56.970000,57.140000,56.960000,-0.100000,0.180000,1
56.950000,57.060000,57.060000,56.780000,0.110000,0.280000,1
56.660000,56.950000,56.950000,56.660000,0.290000,0.290000,1
56.280000,56.650000,56.650000,56.170000,0.370000,0.480000,2
56.555000,56.260000,56.690000,56.220000,-0.295000,0.470000,2
56.910000,56.580000,56.950000,56.580000,-0.330000,0.370000,2
56.980000,56.900300,57.100000,56.900300,-0.079700,0.199700,1
56.830000,57.000000,57.080000,56.740000,0.170000,0.340000,2
57.040000,56.840000,57.045000,56.765000,-0.200000,0.280000,1
56.950000,57.050000,57.180000,56.920000,0.100000,0.260000,2
57.120000,56.950000,57.195000,56.550000,-0.170000,0.645000,2
57.172000,57.160000,57.235000,57.060000,-0.012000,0.175000,2
57.240000,57.160000,57.250000,57.150000,-0.080000,0.100000,2
57.280000,57.241000,57.370000,57.220000,-0.039000,0.150000,1
57.035000,57.260000,57.345000,57.022700,0.225000,0.322300,2
57.230000,57.040000,57.240000,57.010000,-0.190000,0.230000,1
56.750000,56.740000,57.180000,56.669900,-0.010000,0.510100,1
56.570000,56.748700,56.790000,56.430000,0.178700,0.360000,2
56.715000,56.580000,56.805000,56.580000,-0.135000,0.225000,2
56.750000,56.715000,56.810000,56.670000,-0.035000,0.140000,1
56.740000,56.730000,56.850000,56.540000,-0.010000,0.310000,1
56.545000,56.740000,56.760000,56.530000,0.195000,0.230000,2
56.800000,56.540000,56.800000,56.460000,-0.260000,0.340000,2
56.900000,56.800000,56.980000,56.770000,-0.100000,0.210000,2
56.910000,56.900000,57.040000,56.875000,-0.010000,0.165000,2
57.010000,56.910000,57.031000,56.900000,-0.100000,0.131000,2
57.133000,57.000000,57.133000,56.930000,-0.133000,0.203000,2
57.380000,57.140000,57.450000,57.140000,-0.240000,0.310000,2
57.640000,57.390000,57.705000,57.340000,-0.250000,0.365000,2
57.834100,57.636600,57.860000,57.571000,-0.197500,0.289000,2
58.090000,57.830000,58.090000,57.730000,-0.260000,0.360000,2
58.190000,58.090000,58.430000,58.020000,-0.100000,0.410000,1
58.080000,58.185000,58.210000,57.935000,0.105000,0.275000,1
57.990000,58.080000,58.190000,57.920000,0.090000,0.270000,1
57.840000,57.990000,58.000000,57.735000,0.150000,0.265000,2
58.000000,57.830000,58.040000,57.730000,-0.170000,0.310000,1
57.980000,58.000000,58.190000,57.970000,0.020000,0.220000,1
57.880000,57.980000,58.010000,57.800000,0.100000,0.210000,1
57.790000,57.880000,57.890000,57.640000,0.090000,0.250000,1
57.625000,57.790000,57.810000,57.470000,0.165000,0.340000,2
57.770000,57.610000,57.920000,57.560000,-0.160000,0.360000,1
57.440000,57.770000,57.770000,57.290000,0.330000,0.480000,1
57.295000,57.580000,57.585000,57.270700,0.285000,0.314300,1
57.235000,57.250000,57.350000,57.190000,0.015000,0.160000,1
56.935000,57.235000,57.270000,56.920000,0.300000,0.350000,1
56.870000,56.950000,57.100000,56.870000,0.080000,0.230000,1
56.590000,56.870000,57.000000,56.550000,0.280000,0.450000,1
56.540000,56.610000,56.650000,56.485000,0.070000,0.165000,2
56.586000,56.530000,56.683900,56.510000,-0.056000,0.173900,2
57.040000,56.576800,57.060000,56.576800,-0.463200,0.483200,1
56.955000,57.035000,57.070000,56.860000,0.080000,0.210000,1
56.840000,56.970000,57.019000,56.840000,0.130000,0.179000,1
56.610000,56.845000,56.855000,56.575000,0.235000,0.280000,2
56.685000,56.620000,56.690000,56.505000,-0.065000,0.185000,1
56.625000,56.680000,56.710000,56.560000,0.055000,0.150000,2
56.700000,56.630000,56.740000,56.590000,-0.070000,0.150000,1
56.690000,56.710000,56.775000,56.670000,0.020000,0.105000,1
56.675000,56.701800,56.770000,56.653100,0.026800,0.116900,2
56.705000,56.670000,56.800000,56.650000,-0.035000,0.150000,1
56.300000,56.700000,56.725000,56.170000,0.400000,0.555000,2
56.500000,56.310000,56.560000,56.275000,-0.190000,0.285000,1
56.385000,56.510000,56.550000,56.250000,0.125000,0.300000,2
56.445000,56.383500,56.530000,56.383500,-0.061500,0.146500,1
56.305000,56.445000,56.510000,56.190000,0.140000,0.320000,2
56.575000,56.300000,56.620000,56.300000,-0.275000,0.320000,1
56.520000,56.570000,56.600000,56.470000,0.050000,0.130000,1
56.480000,56.515000,56.535000,56.370000,0.035000,0.165000,1
56.400000,56.490000,56.500000,56.230000,0.090000,0.270000,1
55.720000,56.270000,56.470000,55.630000,0.550000,0.840000,2
55.790000,55.700000,55.820000,55.585000,-0.090000,0.235000,1
55.710000,55.790000,55.890000,55.550000,0.080000,0.340000,2
55.850000,55.720000,55.920000,55.690000,-0.130000,0.230000,2
56.140000,55.845000,56.275000,55.780000,-0.295000,0.495000,2
56.328600,56.090000,56.330000,56.065000,-0.238600,0.265000,1
55.850000,55.865000,56.000000,55.755000,0.015000,0.245000,2
56.010000,55.880000,56.150000,55.860000,-0.130000,0.290000,2
56.200000,55.990000,56.250000,55.925000,-0.210000,0.325000,2
56.245000,56.170000,56.280000,56.090000,-0.075000,0.190000,2
56.500000,56.240000,56.510000,56.220000,-0.260000,0.290000,2
56.520000,56.500000,56.610000,56.400000,-0.020000,0.210000,1
56.330000,56.530000,56.540000,56.290000,0.200000,0.250000,1
56.070000,56.335000,56.400000,56.010000,0.265000,0.390000,1
55.880000,56.100000,56.100000,55.880000,0.220000,0.220000,1
55.780000,55.880000,55.880000,55.700000,0.100000,0.180000,1
55.750000,55.775000,55.850000,55.730000,0.025000,0.120000,1
55.670000,55.743600,55.780000,55.576600,0.073600,0.203400,1
55.603000,55.690000,55.690000,55.453400,0.087000,0.236600,1
55.600000,55.600000,55.730000,55.580000,0.000000,0.150000,1
55.450000,55.595000,55.650000,55.380000,0.145000,0.270000,1
55.285000,55.435000,55.435000,55.190000,0.150000,0.245000,2
55.490000,55.295000,55.547500,55.280000,-0.195000,0.267500,1
55.240000,55.480000,55.490000,55.210000,0.240000,0.280000,2
55.490000,55.260000,55.780000,55.260000,-0.230000,0.520000,2
56.070000,55.930000,56.100000,55.740000,-0.140000,0.360000,2
56.446000,56.145000,56.530000,56.145000,-0.301000,0.385000,2
56.775000,56.460000,56.780000,56.460000,-0.315000,0.320000,1
56.710000,56.770000,56.770000,56.555000,0.060000,0.215000,1
56.630000,56.725000,56.755000,56.575000,0.095000,0.180000,2
56.995000,56.620000,56.995000,56.610000,-0.375000,0.385000,1
56.910000,57.000000,57.059900,56.870000,0.090000,0.189900,2
56.960000,56.910000,57.140000,56.880000,-0.050000,0.260000,2
57.020000,56.980000,57.075000,56.935000,-0.040000,0.140000,1
56.903500,57.005000,57.081000,56.895000,0.101500,0.186000,1
56.870000,56.900000,56.915000,56.770000,0.030000,0.145000,2
56.940000,56.860000,56.960000,56.800000,-0.080000,0.160000,1
56.930000,56.915000,56.960000,56.820000,-0.015000,0.140000,1
56.820000,56.925000,56.980000,56.815000,0.105000,0.165000,2
56.890000,56.840000,56.930000,56.807900,-0.050000,0.122100,1
56.835000,56.890000,56.920000,56.800000,0.055000,0.120000,2
56.960000,56.835000,56.975100,56.810000,-0.125000,0.165100,1
56.845000,56.980000,57.020000,56.845000,0.135000,0.175000,1
56.810000,56.805000,56.870000,56.695000,-0.005000,0.175000,1
56.550000,56.810000,56.810000,56.550000,0.260000,0.260000,2
56.630000,56.555000,56.690000,56.495000,-0.075000,0.195000,1
56.590000,56.615000,56.705000,56.510000,0.025000,0.195000,1
56.420000,56.600000,56.660000,56.410000,0.180000,0.250000,1
56.420000,56.390000,56.480000,56.310000,-0.030000,0.170000,1
56.020000,56.395000,56.460000,56.010000,0.375000,0.450000,2
56.510000,56.020000,56.590000,55.955000,-0.490000,0.635000,2
57.615000,57.080000,57.620000,56.940000,-0.535000,0.680000,2
57.810000,57.610000,57.820000,57.450000,-0.200000,0.370000,2
57.850000,57.820000,57.880000,57.650000,-0.030000,0.230000,1
57.525400,57.850000,57.850000,57.420000,0.324600,0.430000,1
57.454000,57.510000,57.510000,57.290000,0.056000,0.220000,1
57.275000,57.470000,57.470000,57.270000,0.195000,0.200000,2
57.395000,57.205000,57.430000,57.200000,-0.190000,0.230000,2
57.690000,57.400000,57.730000,57.270000,-0.290000,0.460000,2
58.115000,57.690000,58.115000,57.690000,-0.425000,0.425000,1
58.095000,58.095000,58.180000,58.069900,0.000000,0.110100,1
57.900000,58.115000,58.115000,57.870000,0.215000,0.245000,2
57.985200,57.939900,57.985200,57.880000,-0.045300,0.105200,1
57.935000,57.980000,57.995000,57.895000,0.045000,0.100000,1
57.700100,57.900000,58.000000,57.700000,0.199900,0.300000,2
57.800000,57.720000,57.850000,57.645000,-0.080000,0.205000,1
57.800000,57.805000,57.885000,57.705000,0.005000,0.180000,2
57.830000,57.800000,57.860000,57.690000,-0.030000,0.170000,1
57.760000,57.830000,57.860000,57.681500,0.070000,0.178500,1
57.590000,57.770000,57.790000,57.575000,0.180000,0.215000,2
57.720000,57.580000,57.730000,57.520000,-0.140000,0.210000,2
57.730000,57.715000,57.820000,57.680000,-0.015000,0.140000,2
57.830000,57.730000,57.890000,57.645000,-0.100000,0.245000,2
57.910000,57.830000,57.950000,57.670000,-0.080000,0.280000,2
57.985000,57.915000,57.995000,57.770000,-0.070000,0.225000,1
57.960000,57.995000,58.050000,57.875000,0.035000,0.175000,2
58.200000,57.950000,58.770000,57.930000,-0.250000,0.840000,1
57.805000,58.150000,58.150000,57.354300,0.345000,0.795700,1
57.450000,57.800000,57.870000,57.360000,0.350000,0.510000,1
56.835000,57.410000,57.410000,56.770000,0.575000,0.640000,2
56.890000,56.840000,56.996600,56.840000,-0.050000,0.156600,2
57.125000,56.875000,57.125000,56.822400,-0.250000,0.302600,2
57.220000,57.130000,57.299100,57.090000,-0.090000,0.209100,1
56.990000,57.180000,57.220000,56.990000,0.190000,0.230000,1
56.870000,57.000000,57.085000,56.860000,0.130000,0.225000,2
56.940000,56.875000,56.980000,56.860000,-0.065000,0.120000,1
56.920000,56.915000,57.005000,56.855000,-0.005000,0.150000,2
56.985000,56.910000,57.040000,56.910000,-0.075000,0.130000,2
56.990000,56.980000,57.010000,56.910000,-0.010000,0.100000,2
57.030000,57.000000,57.060000,56.900000,-0.030000,0.160000,1
57.020000,57.035000,57.040000,56.990000,0.015000,0.050000,2
57.125000,57.020000,57.170000,57.015000,-0.105000,0.155000,2
57.173400,57.100000,57.240000,57.070000,-0.073400,0.170000,1
57.150000,57.190000,57.215000,57.070000,0.040000,0.145000,2
57.200000,57.140000,57.250000,57.140000,-0.060000,0.110000,1
57.200000,57.215000,57.215000,57.100000,0.015000,0.115000,2
57.395000,57.190000,57.410000,57.190000,-0.205000,0.220000,2
57.500000,57.395000,57.590000,57.390000,-0.105000,0.200000,2
57.585000,57.510000,57.625000,57.500000,-0.075000,0.125000,1
57.500000,57.585000,57.674400,57.495000,0.085000,0.179400,1
57.370000,57.490000,57.540000,57.317100,0.120000,0.222900,1
57.150000,57.360000,57.380000,57.070000,0.210000,0.310000,1
57.070000,57.150000,57.270000,56.990000,0.080000,0.280000,1
56.770000,57.040000,57.150000,56.610000,0.270000,0.540000,1
56.565000,56.790000,56.840000,56.555000,0.225000,0.285000,1
56.520000,56.520000,56.530000,56.350000,0.000000,0.180000,1
56.270000,56.530000,56.540000,56.195000,0.260000,0.345000,1
55.985000,56.280000,56.330000,55.945000,0.295000,0.385000,1
55.937500,56.005000,56.030000,55.800000,0.067500,0.230000,2
55.999900,55.940000,56.075000,55.915000,-0.059900,0.160000,1
55.980000,56.010000,56.145000,55.920000,0.030000,0.225000,2
56.005000,55.950000,56.015000,55.880000,-0.055000,0.135000,1
55.920000,56.000000,56.035000,55.880000,0.080000,0.155000,1
55.740000,55.960000,55.960000,55.725000,0.220000,0.235000,1
55.570000,55.750000,55.795000,55.560000,0.180000,0.235000,2
55.725000,55.580000,55.760000,55.555000,-0.145000,0.205000,2
55.870000,55.730000,55.880000,55.690000,-0.140000,0.190000,2
55.880000,55.840000,55.880000,55.820000,-0.040000,0.060000,2
55.890000,55.880000,55.975000,55.860000,-0.010000,0.115000,1
55.860000,55.880000,55.880000,55.730000,0.020000,0.150000,1
55.815000,55.860000,55.920000,55.800000,0.045000,0.120000,1
55.750000,55.810000,55.845300,55.690000,0.060000,0.155300,1
55.715000,55.755000,55.780000,55.680000,0.040000,0.100000,2
55.745000,55.715000,55.799900,55.645000,-0.030000,0.154900,2
55.783700,55.750000,55.840000,55.740000,-0.033700,0.100000,2
55.790000,55.780000,55.900000,55.770000,-0.010000,0.130000,2
55.830000,55.780000,55.880000,55.655000,-0.050000,0.225000,2
56.100000,55.820000,56.100000,55.800000,-0.280000,0.300000,1
56.060000,56.120000,56.120000,55.950000,0.060000,0.170000,2
56.400000,56.280000,56.630000,56.220000,-0.120000,0.410000,2
56.480000,56.380000,56.590000,56.220000,-0.100000,0.370000,2
56.860000,56.485000,57.000000,56.440000,-0.375000,0.560000,2
56.930000,56.850000,57.075000,56.820000,-0.080000,0.255000,1
56.465000,56.920000,56.970000,56.465000,0.455000,0.505000,1
56.340000,56.445000,56.470000,56.290000,0.105000,0.180000,2
56.550000,56.320000,56.590000,56.300000,-0.230000,0.290000,1
56.360000,56.550000,56.620000,56.330000,0.190000,0.290000,1
56.170000,56.335000,56.350000,56.130000,0.165000,0.220000,1
56.040000,56.170000,56.170000,55.930000,0.130000,0.240000,2
56.250000,56.080000,56.255000,56.000000,-0.170000,0.255000,2
56.310000,56.220000,56.350000,56.200000,-0.090000,0.150000,1
56.170000,56.280000,56.280000,56.100000,0.110000,0.180000,2
56.210000,56.160000,56.240000,56.130000,-0.050000,0.110000,2
56.270000,56.210000,56.280000,56.175000,-0.060000,0.105000,2
56.350000,56.290000,56.370000,56.280000,-0.060000,0.090000,2
56.440000,56.340000,56.470000,56.330000,-0.100000,0.140000,1
56.370000,56.465000,56.465000,56.300000,0.095000,0.165000,1
56.285000,56.370000,56.380000,56.285000,0.085000,0.095000,2
56.680000,56.285000,56.750000,56.225000,-0.395000,0.525000,1
56.480000,56.700000,56.700000,56.430000,0.220000,0.270000,1
56.370000,56.500000,56.510000,56.350000,0.130000,0.160000,2
56.410000,56.405000,56.455000,56.280000,-0.005000,0.175000,2
56.435000,56.415000,56.480000,56.333700,-0.020000,0.146300,2
56.580000,56.430000,56.690000,56.405000,-0.150000,0.285000,2
56.610000,56.575000,56.675000,56.480000,-0.035000,0.195000,2
56.845000,56.620000,56.845000,56.560000,-0.225000,0.285000,1
56.835900,56.871800,56.950000,56.780000,0.035900,0.170000,1
56.832000,56.895000,56.900000,56.795000,0.063000,0.105000,1
56.820000,56.840000,56.840000,56.745000,0.020000,0.095000,2
57.130000,56.850000,57.155000,56.840000,-0.280000,0.315000,1
57.070000,57.130000,57.230000,57.015000,0.060000,0.215000,1
57.045000,57.075000,57.105000,56.910000,0.030000,0.195000,1
57.025000,57.030000,57.110000,57.010000,0.005000,0.100000,2
57.150000,57.000000,57.160000,56.980000,-0.150000,0.180000,1
57.140000,57.140000,57.170000,57.095000,0.000000,0.075000,2
57.180000,57.135000,57.180000,57.105000,-0.045000,0.075000,1
57.170000,57.190000,57.220000,57.155000,0.020000,0.065000,1
57.090000,57.170000,57.215000,57.080000,0.080000,0.135000,2
57.140000,57.090000,57.175000,57.085000,-0.050000,0.090000,1
56.990000,57.140000,57.145000,56.990000,0.150000,0.155000,2
57.075000,57.000000,57.090000,56.960000,-0.075000,0.130000,2
57.160000,57.080000,57.205000,57.075000,-0.080000,0.130000,2
57.225000,57.165000,57.225000,57.142300,-0.060000,0.082700,2
57.230000,57.220000,57.230000,57.130000,-0.010000,0.100000,2
57.370000,57.230000,57.380000,57.205000,-0.140000,0.175000,1
57.370000,57.385000,57.440000,57.260000,0.015000,0.180000,1
57.345000,57.380000,57.390000,57.320000,0.035000,0.070000,1
57.270000,57.350000,57.370000,57.255000,0.080000,0.115000,1
57.180000,57.265000,57.280000,57.080000,0.085000,0.200000,1
57.155000,57.170000,57.210000,57.125000,0.015000,0.085000,2
57.200000,57.150000,57.215000,57.090000,-0.050000,0.125000,2
57.250000,57.030000,57.250000,56.680000,-0.220000,0.570000,1
57.250000,57.270000,57.340000,57.140000,0.020000,0.200000,1
56.952300,57.250000,57.250000,56.910000,0.297700,0.340000,1
56.840000,56.960000,56.960000,56.822500,0.120000,0.137500,2
56.885000,56.835000,56.915000,56.835000,-0.050000,0.080000,2
56.950000,56.890000,56.975000,56.890000,-0.060000,0.085000,1
56.905000,56.940000,57.030000,56.870000,0.035000,0.160000,1
56.890000,56.900000,56.960000,56.860000,0.010000,0.100000,1
56.840000,56.885000,56.950000,56.815000,0.045000,0.135000,1
56.770000,56.820000,56.833300,56.760000,0.050000,0.073300,1
56.740000,56.765000,56.785000,56.710000,0.025000,0.075000,2
56.815000,56.755000,56.820000,56.730000,-0.060000,0.090000,1
56.770000,56.820000,56.821200,56.750000,0.050000,0.071200,2
56.830000,56.760000,56.856900,56.740000,-0.070000,0.116900,2
56.834200,56.810000,56.900000,56.810000,-0.024200,0.090000,2
56.860000,56.835000,56.860000,56.777900,-0.025000,0.082100,1
56.780000,56.865000,56.865000,56.760000,0.085000,0.105000,2
56.820000,56.780000,56.820000,56.740000,-0.040000,0.080000,2
56.890000,56.813100,56.895000,56.755000,-0.076900,0.140000,1
56.825000,56.880000,56.920000,56.820000,0.055000,0.100000,1
56.815000,56.810000,56.870000,56.795000,-0.005000,0.075000,1
56.745000,56.820000,56.880000,56.740000,0.075000,0.140000,2
56.870000,56.740000,56.870000,56.735000,-0.130000,0.135000,2
56.925000,56.885000,56.990000,56.880000,-0.040000,0.110000,2
56.990000,56.920000,57.000000,56.885000,-0.070000,0.115000,2
57.200000,56.990000,57.200000,56.945000,-0.210000,0.255000,2
57.430000,57.535000,57.630000,57.270000,0.105000,0.360000,1
57.430000,57.420000,57.690000,57.344400,-0.010000,0.345600,1
57.130000,57.460000,57.460000,57.040000,0.330000,0.420000,2
57.250000,57.140000,57.320000,57.140000,-0.110000,0.180000,2
57.290000,57.250000,57.290000,57.145000,-0.040000,0.145000,2
57.375000,57.320000,57.375000,57.210000,-0.055000,0.165000,2
57.550000,57.400000,57.625000,57.400000,-0.150000,0.225000,1
57.416900,57.545000,57.590000,57.363200,0.128100,0.226800,2
57.585000,57.410000,57.589000,57.375000,-0.175000,0.214000,2
57.590000,57.581800,57.690000,57.580000,-0.008200,0.110000,2
57.599800,57.585000,57.630000,57.510000,-0.014800,0.120000,1
57.480000,57.600000,57.690000,57.470000,0.120000,0.220000,2
57.485000,57.465000,57.520000,57.445000,-0.020000,0.075000,2
57.500000,57.500000,57.550000,57.490000,0.000000,0.060000,1
57.490000,57.500000,57.530000,57.490000,0.010000,0.040000,2
57.520000,57.500000,57.575000,57.480000,-0.020000,0.095000,1
57.460000,57.530000,57.575000,57.410000,0.070000,0.165000,1
57.460000,57.460000,57.470000,57.410000,0.000000,0.060000,2
57.610000,57.460000,57.640000,57.440000,-0.150000,0.200000,2
57.657000,57.620000,57.695000,57.590000,-0.037000,0.105000,1
57.600000,57.660000,57.705000,57.600000,0.060000,0.105000,1
57.580000,57.600000,57.620000,57.540000,0.020000,0.080000,2
57.660000,57.580000,57.680000,57.575000,-0.080000,0.105000,1
57.580000,57.660000,57.675000,57.544200,0.080000,0.130800,1
57.520000,57.580000,57.660000,57.510000,0.060000,0.150000,2
57.620000,57.510000,57.775000,57.510000,-0.110000,0.265000,2
57.890000,57.770000,58.130000,57.740000,-0.120000,0.390000,1
57.760000,57.860000,57.880000,57.716500,0.100000,0.163500,2
57.815000,57.740000,57.980000,57.670000,-0.075000,0.310000,2
58.030000,57.830000,58.030000,57.830000,-0.200000,0.200000,1
57.980000,58.050000,58.085000,57.920000,0.070000,0.165000,2
58.180000,57.990000,58.270000,57.935000,-0.190000,0.335000,1
58.150000,58.180000,58.210000,58.040000,0.030000,0.170000,2
58.210000,58.160000,58.350000,58.150000,-0.050000,0.200000,2
58.300000,58.190000,58.350000,58.130000,-0.110000,0.220000,2
58.305000,58.310000,58.410000,58.240000,0.005000,0.170000,2
58.395000,58.315000,58.400000,58.300000,-0.080000,0.100000,1
58.300000,58.399900,58.430000,58.290000,0.099900,0.140000,1
58.290000,58.320000,58.360000,58.290000,0.030000,0.070000,1
58.210000,58.290100,58.305000,58.197500,0.080100,0.107500,2
58.230000,58.210000,58.230000,58.150000,-0.020000,0.080000,1
58.205000,58.250000,58.280000,58.180000,0.045000,0.100000,1
58.178200,58.190000,58.220000,58.110000,0.011800,0.110000,2
58.290000,58.190000,58.290000,58.140000,-0.100000,0.150000,2
58.293500,58.280000,58.370000,58.220000,-0.013500,0.150000,1
58.160000,58.300000,58.300000,58.160000,0.140000,0.140000,1
58.135300,58.170000,58.190000,58.070000,0.034700,0.120000,2
58.190000,58.130000,58.330000,58.130000,-0.060000,0.200000,2
58.210000,58.186900,58.220000,58.125000,-0.023100,0.095000,1
58.140000,58.210000,58.240000,58.140000,0.070000,0.100000,2
58.165000,58.155000,58.170000,58.035000,-0.010000,0.135000,2
58.300000,58.175000,58.300000,58.125000,-0.125000,0.175000,2
58.572800,58.320000,58.750000,58.270000,-0.252800,0.480000,2
58.620000,58.590000,58.630000,58.470000,-0.030000,0.160000,2
58.945000,58.640000,59.060000,58.640000,-0.305000,0.420000,2
59.030000,58.930000,59.190100,58.840000,-0.100000,0.350100,1
58.670000,59.020000,59.070000,58.670000,0.350000,0.400000,1
58.340000,58.640000,58.655000,58.315000,0.300000,0.340000,2
58.495000,58.350000,58.550000,58.340000,-0.145000,0.210000,2
58.535000,58.510000,58.600000,58.480000,-0.025000,0.120000,1
58.505000,58.540000,58.585000,58.450000,0.035000,0.135000,1
58.460000,58.490000,58.505000,58.330000,0.030000,0.175000,1
58.270000,58.475000,58.475000,58.260000,0.205000,0.215000,1
58.210000,58.260000,58.260000,58.140000,0.050000,0.120000,2
58.240000,58.210000,58.350000,58.210000,-0.030000,0.140000,2
58.280000,58.250000,58.350000,58.210000,-0.030000,0.140000,2
58.286200,58.260000,58.320000,58.240000,-0.026200,0.080000,1
58.225000,58.270000,58.300000,58.190000,0.045000,0.110000,1
58.180000,58.220000,58.220000,58.150000,0.040000,0.070000,1
58.170000,58.170000,58.220000,58.155000,0.000000,0.065000,1
58.050000,58.170000,58.190000,58.030000,0.120000,0.160000,1
57.950000,58.060000,58.060000,57.940000,0.110000,0.120000,2
58.180000,57.940000,58.210000,57.940000,-0.240000,0.270000,2
58.275000,58.177500,58.340000,58.150000,-0.097500,0.190000,2
58.415000,58.290000,58.420000,58.279000,-0.125000,0.141000,2
58.490000,58.410000,58.535000,58.400000,-0.080000,0.135000,2
58.540000,58.495000,58.570000,58.440000,-0.045000,0.130000,1
58.440000,58.595000,58.605000,58.400000,0.155000,0.205000,2
59.065000,58.750000,59.065000,58.710000,-0.315000,0.355000,1
58.880000,59.030000,59.222500,58.840000,0.150000,0.382500,1
58.869000,58.890000,58.980000,58.815000,0.021000,0.165000,2
59.310000,58.885000,59.310000,58.820000,-0.425000,0.490000,1
59.310000,59.300000,59.390000,59.160000,-0.010000,0.230000,1
59.140000,59.310000,59.330000,59.090000,0.170000,0.240000,2
59.200000,59.135000,59.240000,59.090000,-0.065000,0.150000,1
59.100000,59.190000,59.205000,59.090000,0.090000,0.115000,1
59.050000,59.120000,59.120000,58.920000,0.070000,0.200000,1
58.926600,59.040000,59.100000,58.920000,0.113400,0.180000,1
58.860000,58.910000,58.925000,58.800000,0.050000,0.125000,2
58.870000,58.850000,58.870000,58.810000,-0.020000,0.060000,2
58.920000,58.855000,58.940000,58.830000,-0.065000,0.110000,1
58.910000,58.910000,58.955000,58.870000,0.000000,0.085000,1
58.820000,58.900000,58.950000,58.800000,0.080000,0.150000,2
58.875000,58.830000,58.885000,58.770000,-0.045000,0.115000,2
58.910000,58.860000,58.960000,58.850000,-0.050000,0.110000,2
58.950000,58.900000,59.010000,58.900000,-0.050000,0.110000,1
58.900000,58.955000,58.990000,58.900000,0.055000,0.090000,1
58.860000,58.895000,58.990000,58.830000,0.035000,0.160000,1
58.820100,58.860000,58.882500,58.780000,0.039900,0.102500,2
58.840000,58.850000,58.910000,58.830000,0.010000,0.080000,2
58.865000,58.830000,58.895000,58.770000,-0.035000,0.125000,2
58.880000,58.860000,58.969700,58.820000,-0.020000,0.149700,1
58.730000,58.890000,58.900000,58.700000,0.160000,0.200000,1
58.730000,58.730000,58.825000,58.540000,0.000000,0.285000,1
58.590000,58.930000,59.000000,58.330000,0.340000,0.670000,2
59.040000,58.575000,59.040000,58.575000,-0.465000,0.465000,1
58.990000,59.000000,59.130000,58.895000,0.010000,0.235000,1
58.860000,59.010000,59.120000,58.860000,0.150000,0.260000,1
58.690000,58.640000,58.740000,58.543700,-0.050000,0.196300,2
58.810000,58.713300,58.870000,58.660000,-0.096700,0.210000,1
58.810000,58.770000,58.880000,58.710000,-0.040000,0.170000,2
59.035700,58.840000,59.140000,58.820000,-0.195700,0.320000,1
58.965000,59.040000,59.065000,58.910000,0.075000,0.155000,2
59.000000,58.975000,59.080000,58.975000,-0.025000,0.105000,1
58.980000,59.010000,59.100000,58.965000,0.030000,0.135000,2
59.000000,58.970000,59.040000,58.940000,-0.030000,0.100000,1
58.900000,58.980000,59.015300,58.872400,0.080000,0.142900,2
58.955000,58.900000,58.980000,58.860000,-0.055000,0.120000,1
58.900000,58.955000,58.985000,58.850000,0.055000,0.135000,2
58.960000,58.915000,58.982600,58.885000,-0.045000,0.097600,2
59.080000,58.950000,59.110000,58.950000,-0.130000,0.160000,1
