83.140000,83.070000,83.360000,83.000000,-0.070000,0.360000,2
83.260000,83.150000,83.280000,83.100000,-0.110000,0.180000,2
83.540000,83.300000,83.610000,83.290000,-0.240000,0.320000,1
83.520000,83.550000,83.590000,83.430000,0.030000,0.160000,1
83.500000,83.510000,83.550000,83.440000,0.010000,0.110000,1
83.370000,83.470000,83.540000,83.355000,0.100000,0.185000,1
83.301500,83.370000,83.400000,83.269900,0.068500,0.130100,2
83.480000,83.335000,83.510000,83.335000,-0.145000,0.175000,1
83.460000,83.495000,83.515100,83.400000,0.035000,0.115100,1
83.410000,83.440000,83.440000,83.330000,0.030000,0.110000,1
83.330000,83.410000,83.415000,83.320000,0.080000,0.095000,1
83.310000,83.310000,83.350000,83.250000,0.000000,0.100000,1
83.270000,83.320000,83.320000,83.240000,0.050000,0.080000,2
83.310000,83.255000,83.310000,83.185000,-0.055000,0.125000,1
83.270000,83.305000,83.405000,83.270000,0.035000,0.135000,2
83.320000,83.270000,83.340000,83.250000,-0.050000,0.090000,2
83.375000,83.325000,83.380000,83.310000,-0.050000,0.070000,2
83.410000,83.390000,83.444200,83.375000,-0.020000,0.069200,1
83.410000,83.410000,83.410000,83.360000,0.000000,0.050000,1
83.355000,83.410000,83.410000,83.311000,0.055000,0.099000,1
83.315000,83.350000,83.360000,83.292700,0.035000,0.067300,1
83.230000,83.310000,83.310000,83.220000,0.080000,0.090000,2
83.287100,83.240000,83.300000,83.215000,-0.047100,0.085000,2
83.323200,83.280000,83.340000,83.240000,-0.043200,0.100000,1
83.320000,83.325400,83.370000,83.230000,0.005400,0.140000,2
83.410000,83.315000,83.410000,83.260000,-0.095000,0.150000,2
84.010000,83.990000,84.040000,83.800000,-0.020000,0.240000,2
84.016900,83.950000,84.110000,83.950000,-0.066900,0.160000,1
83.850000,84.000000,84.020000,83.740000,0.150000,0.280000,1
83.710000,83.850000,83.870000,83.680000,0.140000,0.190000,1
83.697500,83.690000,83.725000,83.610000,-0.007500,0.115000,2
83.715000,83.695000,83.830000,83.690000,-0.020000,0.140000,1
83.565000,83.710000,83.720000,83.460000,0.145000,0.260000,2
83.730000,83.560000,83.730000,83.530000,-0.170000,0.200000,2
83.760000,83.745000,83.810000,83.745000,-0.015000,0.065000,1
83.700000,83.755000,83.845000,83.680000,0.055000,0.165000,1
83.630000,83.710000,83.750000,83.600000,0.080000,0.150000,1
83.630000,83.635000,83.680000,83.630000,0.005000,0.050000,2
83.670000,83.613300,83.730000,83.613300,-0.056700,0.116700,2
83.705000,83.665000,83.760000,83.665000,-0.040000,0.095000,2
83.715000,83.710000,83.770000,83.700000,-0.005000,0.070000,2
83.725000,83.740000,83.790000,83.720000,0.015000,0.070000,1
83.689900,83.720000,83.720000,83.645000,0.030100,0.075000,2
83.730000,83.665400,83.770000,83.660700,-0.064600,0.109300,2
83.770000,83.720100,83.770000,83.680000,-0.049900,0.090000,2
83.820000,83.770000,83.835000,83.720000,-0.050000,0.115000,2
83.880000,83.840000,83.910000,83.821900,-0.040000,0.088100,1
83.785000,83.884700,83.890000,83.750000,0.099700,0.140000,2
83.812500,83.790000,83.817000,83.720000,-0.022500,0.097000,1
83.795000,83.790000,83.840000,83.750100,-0.005000,0.089900,1
83.740000,83.800000,83.830000,83.730000,0.060000,0.100000,1
83.650000,83.735000,83.740000,83.630000,0.085000,0.110000,2
84.230000,83.750000,84.250000,83.750000,-0.480000,0.500000,1
84.013300,84.240000,84.240000,84.000000,0.226700,0.240000,1
84.010000,84.040000,84.196500,84.005000,0.030000,0.191500,2
84.140000,84.030300,84.190000,84.020000,-0.109700,0.170000,2
84.360000,84.170000,84.360100,84.100000,-0.190000,0.260100,2
84.380000,84.340000,84.415000,84.270000,-0.040000,0.145000,1
84.370000,84.390000,84.440000,84.316100,0.020000,0.123900,1
84.300000,84.380000,84.390000,84.270000,0.080000,0.120000,2
84.345000,84.320000,84.375000,84.305000,-0.025000,0.070000,1
84.310000,84.324200,84.400000,84.300000,0.014200,0.100000,2
84.465000,84.330100,84.465000,84.330100,-0.134900,0.134900,2
84.490000,84.460000,84.490000,84.400000,-0.030000,0.090000,1
84.460000,84.480000,84.510000,84.460000,0.020000,0.050000,2
84.505000,84.470000,84.509800,84.450000,-0.035000,0.059800,1
84.450000,84.510000,84.510000,84.450000,0.060000,0.060000,1
84.415000,84.480000,84.500000,84.400000,0.065000,0.100000,2
84.430000,84.420000,84.510000,84.410000,-0.010000,0.100000,2
84.465000,84.450000,84.480000,84.440000,-0.015000,0.040000,2
84.470000,84.470000,84.480000,84.410000,0.000000,0.070000,2
84.470100,84.475000,84.500000,84.465000,0.004900,0.035000,2
84.489000,84.475000,84.500000,84.440000,-0.014000,0.060000,2
84.555000,84.490000,84.575000,84.450000,-0.065000,0.125000,2
84.690000,84.580000,84.690000,84.570000,-0.110000,0.120000,2
84.695000,84.689000,84.705000,84.630100,-0.006000,0.074900,2
84.730000,84.700000,84.770000,84.695000,-0.030000,0.075000,1
84.570000,84.735000,84.735000,84.560000,0.165000,0.175000,2
85.060000,84.900000,85.330000,84.880000,-0.160000,0.450000,1
84.800000,85.060000,85.100000,84.800000,0.260000,0.300000,1
84.700000,84.840000,84.853300,84.686300,0.140000,0.167000,1
84.660000,84.700000,84.790000,84.650000,0.040000,0.140000,2
84.720000,84.650000,84.745400,84.560000,-0.070000,0.185400,2
84.850000,84.700000,84.920000,84.670000,-0.150000,0.250000,1
84.835000,84.850000,84.900000,84.810000,0.015000,0.090000,1
84.710000,84.860000,84.860000,84.640000,0.150000,0.220000,1
84.667100,84.720000,84.760000,84.655000,0.052900,0.105000,1
84.630000,84.670000,84.690000,84.555000,0.040000,0.135000,2
84.660000,84.650000,84.670000,84.550000,-0.010000,0.120000,2
84.750000,84.640000,84.770000,84.610000,-0.110000,0.160000,2
84.835000,84.761000,84.835000,84.745000,-0.074000,0.090000,2
84.874400,84.810000,84.900000,84.810000,-0.064400,0.090000,1
84.850000,84.880000,84.900000,84.820000,0.030000,0.080000,1
84.840000,84.860000,84.902300,84.840000,0.020000,0.062300,1
84.805000,84.845000,84.860000,84.740000,0.040000,0.120000,2
84.835000,84.802000,84.850000,84.760000,-0.033000,0.090000,1
84.755000,84.845300,84.845300,84.750000,0.090300,0.095300,2
84.760000,84.750000,84.780000,84.740100,-0.010000,0.039900,2
84.785000,84.760000,84.790000,84.730000,-0.025000,0.060000,1
84.740000,84.790000,84.810000,84.730000,0.050000,0.080000,2
84.825000,84.735000,84.835000,84.725100,-0.090000,0.109900,2
84.835000,84.830000,84.870000,84.810000,-0.005000,0.060000,1
84.780000,84.835000,84.880000,84.760000,0.055000,0.120000,2
84.825000,84.773600,84.900000,84.750000,-0.051400,0.150000,2
85.100000,84.950000,85.130000,84.540000,-0.150000,0.590000,1
85.040000,85.130000,85.235000,85.020000,0.090000,0.215000,2
85.210000,85.090000,85.210000,85.090000,-0.120000,0.120000,2
85.220000,85.180000,85.260000,85.160000,-0.040000,0.100000,2
85.400000,85.260000,85.420000,85.190000,-0.140000,0.230000,1
85.040000,85.395000,85.425000,85.020000,0.355000,0.405000,2
85.050000,85.050000,85.100000,84.935000,0.000000,0.165000,1
85.025000,85.020000,85.050000,84.890000,-0.005000,0.160000,1
84.990000,85.040000,85.040000,84.910000,0.050000,0.130000,2
85.050000,84.970000,85.085000,84.920000,-0.080000,0.165000,2
85.090000,85.045000,85.090000,84.960000,-0.045000,0.130000,1
85.090000,85.100000,85.120100,85.030000,0.010000,0.090100,1
85.035000,85.090000,85.140000,85.020000,0.055000,0.120000,2
85.100000,85.040000,85.121500,85.002200,-0.060000,0.119300,2
85.150000,85.111000,85.150000,85.070000,-0.039000,0.080000,1
85.080000,85.150000,85.160000,85.060000,0.070000,0.100000,2
85.140000,85.080000,85.140000,85.045000,-0.060000,0.095000,1
85.060000,85.140000,85.140000,85.025000,0.080000,0.115000,2
85.100000,85.060000,85.150000,85.030000,-0.040000,0.120000,2
85.120000,85.110000,85.130100,85.055000,-0.010000,0.075100,2
85.140000,85.130000,85.150000,85.082700,-0.010000,0.067300,1
85.080000,85.150000,85.150000,85.050000,0.070000,0.100000,2
85.115000,85.060000,85.125000,85.040000,-0.055000,0.085000,1
85.115000,85.110000,85.140000,85.075000,-0.005000,0.065000,2
85.230000,85.110000,85.240000,85.105000,-0.120000,0.135000,1
85.155000,85.240000,85.290000,85.094200,0.085000,0.195800,2
86.650000,85.830000,86.665000,85.810000,-0.820000,0.855000,2
86.900000,86.650000,87.040000,86.650000,-0.250000,0.390000,1
86.900000,86.910000,87.080000,86.885500,0.010000,0.194500,2
86.920000,86.860000,87.000000,86.840000,-0.060000,0.160000,1
86.630000,86.925000,86.930100,86.540000,0.295000,0.390100,2
86.670000,86.630000,86.680000,86.550000,-0.040000,0.130000,1
86.480000,86.670000,86.705000,86.460000,0.190000,0.245000,2
86.550000,86.500000,86.551000,86.460000,-0.050000,0.091000,2
86.600000,86.555000,86.650000,86.520000,-0.045000,0.130000,1
86.520000,86.630000,86.636600,86.520000,0.110000,0.116600,2
86.590000,86.530000,86.600000,86.505000,-0.060000,0.095000,2
86.692600,86.570000,86.700000,86.570000,-0.122600,0.130000,1
86.657800,86.710000,86.813000,86.630000,0.052200,0.183000,2
86.705000,86.630000,86.710000,86.600000,-0.075000,0.110000,1
86.590000,86.710000,86.710000,86.580000,0.120000,0.130000,1
86.580000,86.590000,86.625000,86.559900,0.010000,0.065100,1
86.500000,86.580000,86.590000,86.490000,0.080000,0.100000,2
86.531000,86.505000,86.555000,86.505000,-0.026000,0.050000,2
86.545000,86.530000,86.580000,86.520000,-0.015000,0.060000,2
86.609900,86.530000,86.640000,86.520000,-0.079900,0.120000,2
86.625000,86.620000,86.694300,86.595000,-0.005000,0.099300,1
86.605000,86.610000,86.635000,86.575000,0.005000,0.060000,1
86.560000,86.600000,86.655000,86.550000,0.040000,0.105000,2
86.635000,86.560000,86.640000,86.555000,-0.075000,0.085000,1
86.585000,86.636000,86.650000,86.560000,0.051000,0.090000,2
86.600000,86.591100,86.730000,86.560000,-0.008900,0.170000,2
86.860000,87.200000,87.335000,86.775000,0.340000,0.560000,1
86.770000,86.830000,86.830000,86.630000,0.060000,0.200000,2
86.810000,86.770000,86.810000,86.450000,-0.040000,0.360000,2
86.850000,86.830000,86.950000,86.820000,-0.020000,0.130000,1
86.840000,86.820000,86.860000,86.750000,-0.020000,0.110000,1
86.760000,86.855000,86.965000,86.760000,0.095000,0.205000,2
86.790000,86.750000,86.800000,86.670000,-0.040000,0.130000,1
86.700000,86.756300,86.760000,86.510100,0.056300,0.249900,1
86.685000,86.700000,86.725000,86.652800,0.015000,0.072200,1
86.430000,86.690000,86.710000,86.370100,0.260000,0.339900,2
86.545000,86.440000,86.570000,86.435000,-0.105000,0.135000,2
86.700000,86.550000,86.700000,86.510000,-0.150000,0.190000,1
86.630000,86.710000,86.725000,86.570000,0.080000,0.155000,2
86.750000,86.655000,86.760000,86.630000,-0.095000,0.130000,1
86.650000,86.740000,86.740000,86.600000,0.090000,0.140000,1
86.510000,86.655000,86.660000,86.500000,0.145000,0.160000,1
86.500000,86.510000,86.555000,86.500000,0.010000,0.055000,2
86.565000,86.500000,86.570000,86.470000,-0.065000,0.100000,1
86.565000,86.565000,86.579600,86.509900,0.000000,0.069700,1
86.565000,86.560000,86.620000,86.560000,-0.005000,0.060000,1
86.565000,86.560000,86.600000,86.495000,-0.005000,0.105000,2
86.630000,86.565000,86.630000,86.560000,-0.065000,0.070000,1
86.545700,86.630000,86.630000,86.500000,0.084300,0.130000,1
86.545000,86.550000,86.570000,86.500000,0.005000,0.070000,1
86.515000,86.540000,86.580000,86.490000,0.025000,0.090000,1
86.490000,86.520000,86.560000,86.375000,0.030000,0.185000,1
86.290000,86.040000,86.290000,85.810000,-0.250000,0.480000,1
86.240000,86.310000,86.310000,86.130000,0.070000,0.180000,1
86.160000,86.260000,86.260000,86.040000,0.100000,0.220000,2
86.190000,86.172800,86.300000,86.115000,-0.017200,0.185000,2
86.280000,86.130000,86.290000,86.130000,-0.150000,0.160000,2
86.380000,86.265000,86.390000,86.240100,-0.115000,0.149900,1
86.210000,86.390000,86.390000,86.190000,0.180000,0.200000,2
86.290000,86.200000,86.308900,86.170000,-0.090000,0.138900,1
86.225000,86.260000,86.302700,86.210000,0.035000,0.092700,2
86.260000,86.235000,86.270000,86.200000,-0.025000,0.070000,2
86.315000,86.270000,86.345000,86.265000,-0.045000,0.080000,2
86.395000,86.320000,86.415000,86.290000,-0.075000,0.125000,2
86.461700,86.410000,86.470000,86.370000,-0.051700,0.100000,1
86.460000,86.460000,86.495000,86.440000,0.000000,0.055000,1
86.351000,86.474700,86.490000,86.350000,0.123700,0.140000,1
86.350000,86.355900,86.407100,86.340000,0.005900,0.067100,1
86.300000,86.360000,86.360000,86.250000,0.060000,0.110000,1
86.170000,86.280000,86.290000,86.160000,0.110000,0.130000,2
86.220000,86.180000,86.320000,86.170000,-0.040000,0.150000,1
86.205000,86.235000,86.270000,86.140000,0.030000,0.130000,1
86.130000,86.205000,86.290000,86.090000,0.075000,0.200000,2
86.170000,86.110000,86.180000,86.075000,-0.060000,0.105000,1
86.050000,86.170000,86.185000,86.030000,0.120000,0.155000,2
86.070000,86.056400,86.151000,86.036100,-0.013600,0.114900,1
85.910000,86.050000,86.110000,85.910000,0.140000,0.200000,1
85.785000,85.900000,85.900000,85.690000,0.115000,0.210000,2
86.030000,86.050000,86.110000,85.689700,0.020000,0.420300,1
85.850000,86.010000,86.045000,85.780000,0.160000,0.265000,1
85.690000,85.800000,85.935200,85.670000,0.110000,0.265200,2
85.695000,85.680000,85.700000,85.600000,-0.015000,0.100000,2
86.140000,85.740000,86.160000,85.740000,-0.400000,0.420000,1
85.910000,86.100000,86.160000,85.890000,0.190000,0.270000,2
85.995000,85.920000,86.010000,85.905000,-0.075000,0.105000,2
86.040000,86.020000,86.080000,85.985000,-0.020000,0.095000,2
86.240000,86.060000,86.240000,86.030000,-0.180000,0.210000,1
86.170000,86.244100,86.295000,86.150000,0.074100,0.145000,2
86.290000,86.200000,86.333000,86.185000,-0.090000,0.148000,1
86.200000,86.300000,86.320000,86.190000,0.100000,0.130000,2
86.300000,86.210000,86.372300,86.180000,-0.090000,0.192300,1
86.291800,86.305000,86.360000,86.291800,0.013200,0.068200,1
86.150000,86.290000,86.290000,86.120000,0.140000,0.170000,1
86.030000,86.153300,86.155000,86.005000,0.123300,0.150000,1
86.006000,86.030000,86.040000,85.985000,0.024000,0.055000,1
85.975000,85.980000,86.050000,85.970000,0.005000,0.080000,1
85.940100,85.980000,85.990000,85.880000,0.039900,0.110000,2
85.980000,85.940000,85.990000,85.940000,-0.040000,0.050000,1
85.905000,85.980000,85.990000,85.900000,0.075000,0.090000,1
85.860000,85.910000,85.930000,85.860000,0.050000,0.070000,1
85.860000,85.865000,85.940000,85.820000,0.005000,0.120000,1
85.721100,85.850000,85.870000,85.710000,0.128900,0.160000,1
85.665000,85.729900,85.765000,85.635000,0.064900,0.130000,2
85.770000,85.660000,85.870000,85.635000,-0.110000,0.235000,1
85.490000,85.270000,85.500000,85.150000,-0.220000,0.350000,2
85.650000,85.555000,85.850000,85.530000,-0.095000,0.320000,1
85.500000,85.710000,85.710000,85.440000,0.210000,0.270000,2
85.560000,85.480000,85.660000,85.452500,-0.080000,0.207500,2
85.640000,85.560000,85.670000,85.500000,-0.080000,0.170000,2
85.860000,85.620000,85.900000,85.620000,-0.240000,0.280000,1
85.814200,85.855000,85.910000,85.790000,0.040800,0.120000,2
85.860000,85.790000,85.910000,85.760000,-0.070000,0.150000,1
85.805400,85.890000,85.920000,85.800000,0.084600,0.120000,2
85.880000,85.810000,85.890000,85.770000,-0.070000,0.120000,1
85.810000,85.890000,85.900000,85.770000,0.080000,0.130000,1
85.715000,85.825000,85.825000,85.695000,0.110000,0.130000,1
85.700000,85.730000,85.760000,85.680000,0.030000,0.080000,1
85.610100,85.720000,85.730000,85.565000,0.109900,0.165000,1
85.600000,85.610000,85.640000,85.535000,0.010000,0.105000,2
85.652600,85.605000,85.695000,85.605000,-0.047600,0.090000,1
85.635000,85.650000,85.700000,85.610000,0.015000,0.090000,1
85.601000,85.634600,85.700000,85.600000,0.033600,0.100000,1
85.560000,85.610000,85.620000,85.490000,0.050000,0.130000,1
85.450000,85.570000,85.570000,85.430000,0.120000,0.140000,1
85.425000,85.440000,85.480000,85.400000,0.015000,0.080000,1
85.390000,85.415000,85.440000,85.370000,0.025000,0.070000,1
85.300000,85.395000,85.425000,85.270000,0.095000,0.155000,2
85.330000,85.290000,85.375000,85.285000,-0.040000,0.090000,1
85.210000,85.325000,85.350000,85.210000,0.115000,0.140000,1
85.020000,85.190000,85.280000,85.020000,0.170000,0.260000,2
85.540000,85.340000,85.630000,85.280000,-0.200000,0.350000,1
85.490000,85.535000,85.545000,85.290000,0.045000,0.255000,2
85.570000,85.510000,85.735000,85.504700,-0.060000,0.230300,1
85.460000,85.560000,85.560000,85.430000,0.100000,0.130000,1
85.410000,85.460000,85.480000,85.330000,0.050000,0.150000,2
85.470000,85.390000,85.520000,85.370000,-0.080000,0.150000,2
85.570000,85.430000,85.590000,85.430000,-0.140000,0.160000,2
85.660000,85.590000,85.730000,85.590000,-0.070000,0.140000,2
85.945000,85.620000,85.960000,85.605000,-0.325000,0.355000,1
85.845000,85.940000,86.020100,85.845000,0.095000,0.175100,1
85.810000,85.865000,85.880100,85.780000,0.055000,0.100100,1
85.721000,85.805000,85.850000,85.680000,0.084000,0.170000,1
85.660000,85.746100,85.746100,85.611000,0.086100,0.135100,1
85.640000,85.633300,85.710000,85.590000,-0.006700,0.120000,2
85.650000,85.620000,85.690000,85.605000,-0.030000,0.085000,2
85.686000,85.635000,85.686000,85.600000,-0.051000,0.086000,2
85.737500,85.680000,85.750000,85.630000,-0.057500,0.120000,1
85.630000,85.740000,85.750000,85.630000,0.110000,0.120000,2
85.730000,85.640000,85.730000,85.560000,-0.090000,0.170000,2
85.810000,85.725000,85.830000,85.690000,-0.085000,0.140000,2
85.825000,85.810000,85.855000,85.752500,-0.015000,0.102500,2
85.914500,85.830000,85.950000,85.830000,-0.084500,0.120000,1
85.910000,85.930000,85.985000,85.872900,0.020000,0.112100,1
85.800000,85.917500,85.950000,85.760000,0.117500,0.190000,1
85.630000,85.790000,85.790000,85.620100,0.160000,0.169900,2
85.840000,85.625000,85.890000,85.625000,-0.215000,0.265000,2
85.845000,85.930000,85.930000,85.632000,0.085000,0.298000,2
85.910000,85.840000,85.910000,85.740000,-0.070000,0.170000,2
86.040000,85.940000,86.040000,85.920000,-0.100000,0.120000,2
86.050000,86.010000,86.140000,85.890000,-0.040000,0.250000,1
85.845000,86.060000,86.095000,85.840000,0.215000,0.255000,2
86.265000,85.860000,86.280000,85.860000,-0.405000,0.420000,2
86.415000,86.290000,86.470000,86.225000,-0.125000,0.245000,2
86.460000,86.410000,86.480000,86.360000,-0.050000,0.120000,2
86.500000,86.470000,86.520000,86.360000,-0.030000,0.160000,2
86.550000,86.485000,86.580000,86.485000,-0.065000,0.095000,1
86.475000,86.530000,86.570000,86.475000,0.055000,0.095000,2
86.565000,86.480000,86.570000,86.420000,-0.085000,0.150000,2
86.585000,86.570000,86.665000,86.550000,-0.015000,0.115000,1
86.580000,86.580000,86.620000,86.470000,0.000000,0.150000,2
86.595000,86.600000,86.605000,86.520000,0.005000,0.085000,1
86.570000,86.604700,86.610000,86.550000,0.034700,0.060000,1
86.560000,86.570000,86.625000,86.545000,0.010000,0.080000,2
86.585000,86.569900,86.595000,86.510100,-0.015100,0.084900,1
86.585000,86.570000,86.605000,86.563600,-0.015000,0.041400,2
86.630000,86.594600,86.650000,86.594600,-0.035400,0.055400,1
86.540000,86.634100,86.634100,86.540000,0.094100,0.094100,1
86.375000,86.550000,86.560000,86.360000,0.175000,0.200000,1
86.310000,86.370000,86.390000,86.300000,0.060000,0.090000,2
86.400000,86.320000,86.420000,86.300000,-0.080000,0.120000,1
86.365000,86.425000,86.453100,86.336300,0.060000,0.116800,2
86.450000,86.355000,86.480000,86.355000,-0.095000,0.125000,1
86.435000,86.500000,86.550000,86.290000,0.065000,0.260000,2
86.670000,86.450000,86.710000,86.415000,-0.220000,0.295000,2
86.880000,86.655000,86.880000,86.579900,-0.225000,0.300100,1
86.800000,86.876300,86.880000,86.750000,0.076300,0.130000,1
86.570000,86.770000,86.770000,86.375000,0.200000,0.395000,2
86.673500,86.600000,86.760000,86.580000,-0.073500,0.180000,2
86.740000,86.685000,86.820100,86.580000,-0.055000,0.240100,1
86.585000,86.750000,86.760000,86.360000,0.165000,0.400000,1
86.420000,86.570000,86.570000,86.345000,0.150000,0.225000,2
86.476700,86.414200,86.480000,86.265000,-0.062500,0.215000,1
86.315000,86.490000,86.490000,86.285000,0.175000,0.205000,1
86.285800,86.350000,86.360000,86.230000,0.064200,0.130000,1
86.250000,86.278300,86.340000,86.231000,0.028300,0.109000,2
86.310000,86.240000,86.320000,86.200000,-0.070000,0.120000,1
86.305000,86.285000,86.321000,86.280000,-0.020000,0.041000,2
86.450000,86.295000,86.450000,86.280000,-0.155000,0.170000,1
86.310000,86.450000,86.490000,86.300000,0.140000,0.190000,2
86.410000,86.320000,86.420000,86.250000,-0.090000,0.170000,1
86.240000,86.420000,86.420000,86.200000,0.180000,0.220000,2
86.270000,86.240000,86.270000,86.180000,-0.030000,0.090000,1
86.120000,86.250000,86.250000,86.010000,0.130000,0.240000,1
86.114100,86.130000,86.200000,86.070000,0.015900,0.130000,2
86.120000,86.130000,86.185000,86.070000,0.010000,0.115000,1
86.035000,86.120000,86.150000,85.980000,0.085000,0.170000,2
86.090000,86.040000,86.130000,86.020000,-0.050000,0.110000,2
86.130000,86.085000,86.170000,86.060000,-0.045000,0.110000,1
85.810000,85.590000,85.870000,85.425900,-0.220000,0.444100,2
85.960000,85.780000,86.065000,85.770000,-0.180000,0.295000,1
85.740000,85.950000,85.950000,85.680000,0.210000,0.270000,2
85.920000,85.710000,85.950000,85.700000,-0.210000,0.250000,1
85.850000,85.922400,86.035000,85.790000,0.072400,0.245000,1
85.800000,85.850000,86.000000,85.772700,0.050000,0.227300,2
85.900000,85.860000,86.010000,85.860000,-0.040000,0.150000,1
85.840000,85.910000,85.980000,85.840000,0.070000,0.140000,1
85.755000,85.810000,85.860000,85.670000,0.055000,0.190000,1
85.640000,85.760000,85.770000,85.615000,0.120000,0.155000,1
85.520000,85.640000,85.659900,85.415000,0.120000,0.244900,1
85.455000,85.515000,85.530000,85.330000,0.060000,0.200000,2
85.610000,85.440000,85.670000,85.410000,-0.170000,0.260000,1
85.595000,85.620000,85.715000,85.590000,0.025000,0.125000,1
85.500000,85.580000,85.590000,85.480000,0.080000,0.110000,2
85.630000,85.530000,85.645000,85.485000,-0.100000,0.160000,1
85.400000,85.610000,85.610000,85.250000,0.210000,0.360000,1
85.350000,85.408700,85.408700,85.290000,0.058700,0.118700,2
85.395000,85.360000,85.420000,85.310000,-0.035000,0.110000,1
85.350000,85.390000,85.420000,85.260000,0.040000,0.160000,2
85.385000,85.330000,85.490000,85.275000,-0.055000,0.215000,2
85.540000,85.390000,85.570000,85.350000,-0.150000,0.220000,1
85.540000,85.530000,85.611000,85.530000,-0.010000,0.081000,1
85.470000,85.550000,85.600000,85.460000,0.080000,0.140000,2
85.515000,85.465000,85.515000,85.375800,-0.050000,0.139200,2
85.570000,85.510000,85.640000,85.510000,-0.060000,0.130000,1
85.140000,85.580000,85.680000,85.130000,0.440000,0.550000,2
85.310000,85.160000,85.340000,85.150000,-0.150000,0.190000,2
85.545000,85.355000,85.600000,85.355000,-0.190000,0.245000,1
85.520000,85.510000,85.610000,85.495000,-0.010000,0.115000,2
85.530000,85.515000,85.620000,85.510000,-0.015000,0.110000,1
85.380000,85.495000,85.510000,85.300000,0.115000,0.210000,1
85.210000,85.350000,85.350000,85.190000,0.140000,0.160000,2
85.250000,85.210000,85.290000,85.175000,-0.040000,0.115000,1
85.180000,85.245000,85.250000,85.115300,0.065000,0.134700,1
85.015000,85.170000,85.200000,84.995100,0.155000,0.204900,2
85.180000,85.010000,85.220000,85.010000,-0.170000,0.210000,1
85.170000,85.150000,85.230000,85.135000,-0.020000,0.095000,1
85.050000,85.169900,85.225000,85.050000,0.119900,0.175000,2
85.185000,85.050000,85.305000,85.045000,-0.135000,0.260000,2
85.215000,85.200000,85.250000,85.130000,-0.015000,0.120000,1
85.020000,85.210000,85.230000,84.960000,0.190000,0.270000,2
85.140000,85.040000,85.140000,84.940000,-0.100000,0.200000,2
85.160000,85.150000,85.250000,85.150000,-0.010000,0.100000,1
85.090000,85.170000,85.200000,85.070000,0.080000,0.130000,1
85.050000,85.090000,85.220000,85.050000,0.040000,0.170000,1
85.010000,85.055000,85.082000,84.970000,0.045000,0.112000,2
85.230000,85.030000,85.230000,84.980000,-0.200000,0.250000,1
85.115000,85.240000,85.240000,85.090000,0.125000,0.150000,2
85.140000,85.115000,85.180000,85.090000,-0.025000,0.090000,1
85.125000,85.140000,85.150000,85.020000,0.015000,0.130000,2
85.340000,85.130000,85.340000,85.130000,-0.210000,0.210000,1
85.340000,84.800000,85.340000,84.660000,-0.540000,0.680000,2
85.680000,85.330000,85.720000,85.330000,-0.350000,0.390000,2
85.795000,85.692500,85.880000,85.692500,-0.102500,0.187500,1
85.580000,85.860000,85.905000,85.550000,0.280000,0.355000,2
85.700000,85.585000,85.785000,85.585000,-0.115000,0.200000,1
85.510000,85.735000,85.735000,85.500000,0.225000,0.235000,1
85.440000,85.520000,85.551000,85.390000,0.080000,0.161000,2
85.600000,85.450000,85.620000,85.440000,-0.150000,0.180000,1
85.560000,85.590000,85.640000,85.540000,0.030000,0.100000,1
85.370000,85.560000,85.570000,85.310000,0.190000,0.260000,2
85.480000,85.360000,85.480000,85.330000,-0.120000,0.150000,2
85.560000,85.500000,85.560000,85.430000,-0.060000,0.130000,1
85.500000,85.550000,85.590000,85.330000,0.050000,0.260000,2
85.539900,85.500000,85.620000,85.500000,-0.039900,0.120000,2
85.755000,85.510000,85.800000,85.500000,-0.245000,0.300000,1
85.750000,85.740000,85.760000,85.690000,-0.010000,0.070000,2
85.860000,85.760000,85.965000,85.760000,-0.100000,0.205000,1
85.840000,85.865400,85.870000,85.800000,0.025400,0.070000,2
86.065100,85.838900,86.105000,85.810000,-0.226200,0.295000,1
86.020000,86.060000,86.080000,85.930000,0.040000,0.150000,2
86.045000,86.010000,86.150000,86.010000,-0.035000,0.140000,2
86.050000,86.050000,86.080000,85.970000,0.000000,0.110000,2
86.190000,86.050000,86.220000,86.050000,-0.140000,0.170000,2
86.244100,86.190000,86.270000,86.130000,-0.054100,0.140000,1
86.190000,86.245000,86.295000,86.170000,0.055000,0.125000,1
86.180000,86.190000,86.305000,86.140000,0.010000,0.165000,1
85.915000,86.480000,86.620000,85.750000,0.565000,0.870000,2
86.300000,85.930000,86.330000,85.765000,-0.370000,0.565000,1
86.150000,86.290000,86.320000,86.110000,0.140000,0.210000,2
86.225000,86.185000,86.230000,85.960000,-0.040000,0.270000,2
86.415000,86.205000,86.443200,86.205000,-0.210000,0.238200,1
86.160000,86.450000,86.450000,86.160000,0.290000,0.290000,1
86.160000,86.170000,86.250000,86.060000,0.010000,0.190000,2
86.184300,86.180000,86.245000,86.100000,-0.004300,0.145000,1
86.086700,86.160000,86.230000,86.010000,0.073300,0.220000,2
86.395000,86.120000,86.395000,86.120000,-0.275000,0.275000,1
86.395000,86.390000,86.520000,86.390000,-0.005000,0.130000,2
86.465000,86.380000,86.490000,86.360000,-0.085000,0.130000,1
86.340000,86.470000,86.490000,86.340000,0.130000,0.150000,2
86.545700,86.290000,86.550000,86.230000,-0.255700,0.320000,1
86.430000,86.540000,86.590000,86.380000,0.110000,0.210000,2
86.476400,86.420000,86.540000,86.390000,-0.056400,0.150000,2
86.500000,86.500000,86.530000,86.440000,0.000000,0.090000,2
86.640000,86.500000,86.740000,86.500000,-0.140000,0.240000,2
86.760000,86.660000,86.760000,86.610000,-0.100000,0.150000,2
86.820000,86.770000,86.830000,86.720000,-0.050000,0.110000,1
86.760000,86.840000,86.880000,86.750000,0.080000,0.130000,1
86.595000,86.745000,86.795000,86.590000,0.150000,0.205000,1
86.485000,86.610000,86.665000,86.485000,0.125000,0.180000,1
86.345000,86.500000,86.525000,86.330000,0.155000,0.195000,1
86.330000,86.360000,86.420000,86.310000,0.030000,0.110000,2
86.510000,86.330000,86.590000,86.330000,-0.180000,0.260000,1
86.350800,86.720000,86.780000,86.270000,0.369200,0.510000,2
86.370000,86.345000,86.440000,86.210000,-0.025000,0.230000,1
86.195000,86.300000,86.390000,86.170000,0.105000,0.220000,2
86.340000,86.210000,86.460000,86.120000,-0.130000,0.340000,1
85.970000,86.300000,86.325400,85.940000,0.330000,0.385400,1
85.970000,85.960000,85.981000,85.780000,-0.010000,0.201000,1
85.720000,85.970000,85.975000,85.650000,0.250000,0.325000,2
85.765000,85.700100,85.880000,85.570000,-0.064900,0.310000,2
85.770000,85.777500,85.780000,85.615000,0.007500,0.165000,1
85.740000,85.750000,85.900000,85.705000,0.010000,0.195000,1
85.740000,85.720000,85.830000,85.670000,-0.020000,0.160000,1
85.600000,85.725000,85.775000,85.510000,0.125000,0.265000,2
85.630000,85.590000,85.720000,85.590000,-0.040000,0.130000,2
85.750000,85.640000,85.885000,85.640000,-0.110000,0.245000,1
85.550000,85.760000,85.780000,85.530000,0.210000,0.250000,2
85.690000,85.520000,85.850000,85.515000,-0.170000,0.335000,1
85.560000,85.685000,85.701100,85.520000,0.125000,0.181100,1
85.440000,85.565000,85.680000,85.435000,0.125000,0.245000,1
85.230000,85.450000,85.455000,85.210000,0.220000,0.245000,1
85.150000,85.230000,85.360000,85.080000,0.080000,0.280000,1
84.900000,85.160000,85.240000,84.850000,0.260000,0.390000,2
84.983000,84.910000,85.045000,84.850000,-0.073000,0.195000,1
84.712500,84.980000,85.060000,84.650000,0.267500,0.410000,2
84.950000,84.710000,84.965000,84.680000,-0.240000,0.285000,1
84.710000,84.940000,84.960000,84.635000,0.230000,0.325000,1
84.610000,84.700000,85.010000,84.500000,0.090000,0.510000,1
83.730000,83.910000,84.150000,83.230200,0.180000,0.919800,2
83.750000,83.650000,83.880000,83.540000,-0.100000,0.340000,1
83.630000,83.760000,83.860000,83.480000,0.130000,0.380000,1
83.355000,83.610000,83.700000,83.270000,0.255000,0.430000,2
83.360000,83.460000,83.570000,83.340000,0.100000,0.230000,1
83.090000,83.350000,83.440000,83.056400,0.260000,0.383600,1
82.591000,83.170000,83.170000,82.520000,0.579000,0.650000,1
82.560000,82.580000,82.790000,82.530000,0.020000,0.260000,2
82.725000,82.560000,82.869200,82.510000,-0.165000,0.359200,2
82.900000,82.710000,83.060000,82.636100,-0.190000,0.423900,2
82.990000,82.910000,82.990000,82.740000,-0.080000,0.250000,2
83.182300,83.010000,83.240000,82.885000,-0.172300,0.355000,1
83.076900,83.130000,83.202600,82.960000,0.053100,0.242600,1
82.900000,83.080000,83.080000,82.870000,0.180000,0.210000,2
82.960000,82.890000,82.960000,82.680000,-0.070000,0.280000,1
82.820000,82.980000,83.050000,82.790000,0.160000,0.260000,1
82.650000,82.870000,82.920000,82.620000,0.220000,0.300000,2
82.790000,82.660000,82.800000,82.490000,-0.130000,0.310000,1
82.440000,82.780000,82.810000,82.320000,0.340000,0.490000,1
82.380000,82.450000,82.540000,82.285000,0.070000,0.255000,1
81.500000,82.340000,82.365000,81.490000,0.840000,0.875000,2
81.790000,81.500000,81.980000,81.180000,-0.290000,0.800000,2
82.150000,81.770000,82.210000,81.570000,-0.380000,0.640000,2
82.220000,82.120000,82.485000,82.070000,-0.100000,0.415000,1
81.880000,82.180000,82.236400,81.850000,0.300000,0.386400,1
81.600000,81.880000,82.160000,81.580000,0.280000,0.580000,2
81.960000,82.080000,82.210000,81.750000,0.120000,0.460000,2
82.100000,82.030000,82.112000,81.875000,-0.070000,0.237000,1
81.570000,82.110000,82.110000,81.560000,0.540000,0.550000,1
81.390000,81.570000,81.670000,81.390000,0.180000,0.280000,2
81.602500,81.420000,81.660000,81.340000,-0.182500,0.320000,2
81.840000,81.620000,81.885000,81.620000,-0.220000,0.265000,2
81.850000,81.868700,81.880000,81.690000,0.018700,0.190000,1
81.550000,81.840000,81.850000,81.510000,0.290000,0.340000,1
81.290000,81.530000,81.550000,81.270000,0.240000,0.280000,1
81.210000,81.260000,81.370000,81.140000,0.050000,0.230000,1
81.180000,81.210000,81.250000,81.040000,0.030000,0.210000,1
81.000000,81.150000,81.170000,80.970000,0.150000,0.200000,1
80.830000,80.988400,81.170000,80.820000,0.158400,0.350000,2
80.840000,80.817000,80.870000,80.450000,-0.023000,0.420000,2
80.890000,80.818500,80.940000,80.715000,-0.071500,0.225000,1
80.740000,80.870000,80.930000,80.720000,0.130000,0.210000,1
80.620000,80.700000,80.700000,80.440000,0.080000,0.260000,2
80.660000,80.640000,80.870000,80.640000,-0.020000,0.230000,1
80.320000,80.705000,80.705000,80.280000,0.385000,0.425000,2
80.670000,80.270000,80.680000,80.270000,-0.400000,0.410000,1
80.580000,80.690000,80.740000,80.570000,0.110000,0.170000,2
80.870000,80.580000,80.960000,80.545000,-0.290000,0.415000,2
81.050000,80.900000,81.130000,80.700000,-0.150000,0.430000,2
81.280000,81.070000,81.370000,80.920000,-0.210000,0.450000,2
81.375100,81.280000,81.375100,81.100000,-0.095100,0.275100,1
81.360000,81.370000,81.690000,81.240000,0.010000,0.450000,2
81.410000,81.310000,81.620000,81.230000,-0.100000,0.390000,1
81.280000,81.460000,81.570000,81.280000,0.180000,0.290000,2
81.330000,81.280000,81.400000,81.190000,-0.050000,0.210000,2
81.500000,81.360000,81.500000,81.260000,-0.140000,0.240000,2
81.560000,81.460000,81.670000,81.460000,-0.100000,0.210000,1
81.470000,81.540000,81.560000,81.360000,0.070000,0.200000,1
81.375000,81.492100,81.590000,81.375000,0.117100,0.215000,2
81.660000,81.370000,81.730000,81.370000,-0.290000,0.360000,1
81.510000,81.680000,81.690000,81.500000,0.170000,0.190000,1
81.170000,81.495000,81.498200,81.130000,0.325000,0.368200,1
81.090000,81.160000,81.160000,81.010000,0.070000,0.150000,1
81.080000,81.074000,81.156900,81.030000,-0.006000,0.126900,2
81.160000,81.080000,81.221000,81.050000,-0.080000,0.171000,1
81.035000,81.194900,81.215000,81.035000,0.159900,0.180000,2
81.200000,81.040000,81.213100,81.020000,-0.160000,0.193100,1
81.140000,81.180000,81.230000,81.120000,0.040000,0.110000,2
81.280000,81.130000,81.310000,81.110000,-0.150000,0.200000,1
81.210000,81.250000,81.265000,81.102300,0.040000,0.162700,1
81.040000,81.230000,81.230000,81.040000,0.190000,0.190000,2
81.170000,81.050000,81.180000,81.050000,-0.120000,0.130000,2
81.360000,81.170000,81.360000,81.165000,-0.190000,0.195000,2
81.505000,81.355000,81.590000,81.340000,-0.150000,0.250000,1
81.250000,81.510000,81.510000,81.250000,0.260000,0.260000,1
81.110000,81.240000,81.295500,81.105000,0.130000,0.190500,1
81.055000,81.090000,81.120000,80.990000,0.035000,0.130000,1
80.830000,81.040000,81.225000,80.830000,0.210000,0.395000,1
80.786600,80.580000,80.786600,80.020000,-0.206600,0.766600,2
80.860000,80.835000,80.940000,80.610000,-0.025000,0.330000,2
81.025000,80.900000,81.260000,80.900000,-0.125000,0.360000,1
80.800000,81.000000,81.000000,80.800000,0.200000,0.200000,2
80.990000,80.770000,80.990000,80.760000,-0.220000,0.230000,2
81.000000,80.990000,81.052000,80.920000,-0.010000,0.132000,1
80.930000,81.020000,81.100000,80.900000,0.090000,0.200000,2
80.983400,80.950000,81.015000,80.930000,-0.033400,0.085000,1
80.922400,80.980000,81.090000,80.910000,0.057600,0.180000,2
80.990000,80.915000,81.000000,80.890000,-0.075000,0.110000,2
81.030000,80.990000,81.130000,80.950000,-0.040000,0.180000,1
80.830000,81.040000,81.050000,80.790000,0.210000,0.260000,1
80.830000,80.825000,80.840000,80.760000,-0.005000,0.080000,1
80.810000,80.840000,80.885000,80.760000,0.030000,0.125000,1
80.693100,80.790000,80.805000,80.685300,0.096900,0.119700,2
80.870000,80.695000,80.870000,80.680000,-0.175000,0.190000,2
81.003800,80.870000,81.080000,80.850000,-0.133800,0.230000,1
80.790000,80.990000,81.100000,80.770000,0.200000,0.330000,2
81.070000,80.810000,81.070000,80.810000,-0.260000,0.260000,1
81.070000,81.080000,81.090000,81.005000,0.010000,0.085000,2
81.124600,81.090000,81.155000,81.075000,-0.034600,0.080000,1
80.950000,81.120000,81.145000,80.920000,0.170000,0.225000,2
81.080000,80.940000,81.080000,80.860000,-0.140000,0.220000,1
80.950000,81.060000,81.080000,80.920000,0.110000,0.160000,2
81.160000,80.935000,81.190000,80.905000,-0.225000,0.285000,2
81.170000,81.155000,81.255000,81.050000,-0.015000,0.205000,2
81.270000,81.000000,81.330000,80.930000,-0.270000,0.400000,1
80.820000,81.290000,81.290000,80.820000,0.470000,0.470000,2
80.910000,80.800000,81.090000,80.770000,-0.110000,0.320000,1
80.810000,80.890000,80.924200,80.790000,0.080000,0.134200,1
80.445000,80.800000,80.820000,80.370000,0.355000,0.450000,2
80.450000,80.455000,80.540000,80.380000,0.005000,0.160000,2
80.680000,80.455000,80.720000,80.350000,-0.225000,0.370000,2
80.740000,80.680000,80.790000,80.575000,-0.060000,0.215000,2
80.770000,80.790000,80.800000,80.560000,0.020000,0.240000,2
80.850000,80.760000,80.850000,80.710000,-0.090000,0.140000,2
80.915000,80.875000,80.920000,80.810000,-0.040000,0.110000,2
81.000000,80.933600,81.000000,80.880000,-0.066400,0.120000,2
81.190000,81.000000,81.230000,80.990000,-0.190000,0.240000,2
81.220000,81.200000,81.230000,81.090000,-0.020000,0.140000,1
81.210000,81.230000,81.230000,81.095000,0.020000,0.135000,1
81.210000,81.210000,81.250000,81.170000,0.000000,0.080000,2
81.250000,81.220000,81.285000,81.150000,-0.030000,0.135000,2
81.315000,81.250000,81.315000,81.230000,-0.065000,0.085000,2
81.350000,81.300000,81.430000,81.170000,-0.050000,0.260000,1
81.300000,81.350000,81.350000,81.090000,0.050000,0.260000,1
81.246600,81.280000,81.355000,81.100000,0.033400,0.255000,2
81.270000,81.230000,81.370000,81.180000,-0.040000,0.190000,2
81.390000,81.260000,81.440000,81.210100,-0.130000,0.229900,1
81.320000,81.384600,81.384600,81.290000,0.064600,0.094600,1
81.165000,81.315000,81.340000,81.090000,0.150000,0.250000,2
81.490000,81.160000,81.520000,81.150000,-0.330000,0.370000,2
81.520000,81.500000,82.090000,81.370000,-0.020000,0.720000,2
81.610000,81.531000,81.820000,81.480000,-0.079000,0.340000,2
81.860000,81.580000,81.860000,81.565000,-0.280000,0.295000,2
82.000000,81.840000,82.040000,81.800000,-0.160000,0.240000,2
82.290000,82.010000,82.324000,81.970000,-0.280000,0.354000,2
82.430000,82.299900,82.455000,82.160000,-0.130100,0.295000,1
82.200000,82.420000,82.420000,82.040000,0.220000,0.380000,2
82.305000,82.215000,82.430000,82.210000,-0.090000,0.220000,1
82.150000,82.300000,82.373400,82.050000,0.150000,0.323400,1
82.095000,82.140000,82.190000,81.940000,0.045000,0.250000,1
82.025000,82.060000,82.187200,82.000000,0.035000,0.187200,2
82.170000,82.020000,82.250000,81.940000,-0.150000,0.310000,1
82.142300,82.160000,82.263200,82.035000,0.017700,0.228200,1
82.000000,82.153800,82.165000,81.955000,0.153800,0.210000,2
82.095000,81.992400,82.150000,81.985000,-0.102600,0.165000,1
81.985000,82.060000,82.120000,81.900000,0.075000,0.220000,1
81.770000,81.990000,82.040000,81.710000,0.220000,0.330000,1
81.630000,81.780000,81.840000,81.630000,0.150000,0.210000,2
81.740000,81.625000,81.830000,81.620000,-0.115000,0.210000,2
81.810000,81.750000,81.870000,81.625500,-0.060000,0.244500,2
81.860000,81.790000,81.860000,81.650000,-0.070000,0.210000,1
81.760000,81.890000,81.900000,81.740000,0.130000,0.160000,1
81.525000,81.760000,81.800000,81.525000,0.235000,0.275000,2
81.760000,81.515000,81.865000,81.515000,-0.245000,0.350000,2
81.770000,81.750000,81.830000,81.580000,-0.020000,0.250000,2
81.860000,81.750000,81.870000,81.730000,-0.110000,0.140000,2
82.000000,81.670000,82.170000,81.580000,-0.330000,0.590000,2
82.010000,82.000000,82.190000,81.940000,-0.010000,0.250000,2
82.090000,82.000000,82.290000,82.000000,-0.090000,0.290000,1
82.045000,82.090000,82.250000,82.010000,0.045000,0.240000,2
82.120000,82.078500,82.230000,82.025000,-0.041500,0.205000,2
82.350000,82.100000,82.350000,82.070000,-0.250000,0.280000,2
82.370000,82.370000,82.400000,82.220000,0.000000,0.180000,1
82.260000,82.410000,82.463600,82.180000,0.150000,0.283600,1
82.150000,82.260000,82.260000,82.020000,0.110000,0.240000,2
82.359800,82.150000,82.390000,82.150000,-0.209800,0.240000,1
82.250000,82.360000,82.400000,82.180000,0.110000,0.220000,1
82.165100,82.220000,82.294900,82.165100,0.054900,0.129800,1
82.160000,82.130000,82.270000,82.080000,-0.030000,0.190000,2
82.185000,82.200000,82.250000,82.120000,0.015000,0.130000,2
82.250000,82.150000,82.270000,82.090000,-0.100000,0.180000,2
82.310000,82.240000,82.360000,82.227900,-0.070000,0.132100,1
82.260000,82.290000,82.330000,82.200000,0.030000,0.130000,1
82.187300,82.241100,82.290000,82.170000,0.053800,0.120000,1
81.910000,82.180000,82.180000,81.830000,0.270000,0.350000,2
82.015000,81.905000,82.060000,81.850000,-0.110000,0.210000,2
82.080000,82.015000,82.200000,81.970000,-0.065000,0.230000,1
82.074500,82.100000,82.210000,82.060000,0.025500,0.150000,1
82.000000,82.080000,82.096300,81.920000,0.080000,0.176300,2
82.110000,81.990000,82.160000,81.920000,-0.120000,0.240000,2
82.150000,82.110000,82.150000,82.030000,-0.040000,0.120000,1
81.970000,82.150000,82.170000,81.955000,0.180000,0.215000,1
81.690000,82.000000,82.180000,81.470000,0.310000,0.710000,1
81.550000,81.717500,81.860000,81.445000,0.167500,0.415000,1
81.280000,81.510000,81.510000,81.280000,0.230000,0.230000,1
81.050000,81.284500,81.295000,80.930000,0.234500,0.365000,2
81.140000,81.060000,81.190000,80.960000,-0.080000,0.230000,1
81.140000,81.120000,81.350000,81.050000,-0.020000,0.300000,1
81.140000,81.150000,81.253200,81.100000,0.010000,0.153200,1
81.135000,81.130000,81.280000,81.120000,-0.005000,0.160000,1
81.120000,81.110000,81.170000,81.050000,-0.010000,0.120000,1
80.935300,81.090000,81.178500,80.920000,0.154700,0.258500,1
80.821000,80.950000,81.030000,80.821000,0.129000,0.209000,2
80.950000,80.815000,80.950000,80.800000,-0.135000,0.150000,1
80.850000,80.960000,80.995000,80.720000,0.110000,0.275000,1
80.750000,80.890000,80.890000,80.730000,0.140000,0.160000,2
80.860000,80.750000,80.860000,80.740000,-0.110000,0.120000,1
80.705000,80.860000,80.870000,80.705000,0.155000,0.165000,2
80.780000,80.710000,80.790000,80.640000,-0.070000,0.150000,1
80.660000,80.810000,80.840000,80.660000,0.150000,0.180000,2
80.705000,80.720000,80.790000,80.680000,0.015000,0.110000,2
80.910000,80.705000,80.920100,80.705000,-0.205000,0.215100,2
81.040000,80.895000,81.050000,80.870000,-0.145000,0.180000,2
81.170000,81.030000,81.192900,81.030000,-0.140000,0.162900,2
81.250000,81.160000,81.320000,81.140000,-0.090000,0.180000,1
81.170000,81.270000,81.290000,81.090000,0.100000,0.200000,1
81.140000,81.160000,81.303300,81.110000,0.020000,0.193300,1
81.130000,81.130000,81.240000,81.115000,0.000000,0.125000,1
79.750000,80.060000,80.060000,79.400000,0.310000,0.660000,1
79.390000,79.740000,79.740000,79.325000,0.350000,0.415000,1
78.875000,79.340000,79.530000,78.830000,0.465000,0.700000,2
79.050000,78.860000,79.140000,78.730000,-0.190000,0.410000,2
79.130000,79.030000,79.140000,78.883200,-0.100000,0.256800,2
79.300000,79.100000,79.390000,79.080000,-0.200000,0.310000,2
79.500000,79.310000,79.530000,79.200000,-0.190000,0.330000,1
79.200000,79.550000,79.550000,79.200000,0.350000,0.350000,1
78.905000,79.210000,79.270000,78.890000,0.305000,0.380000,1
78.850000,78.880000,78.945000,78.750000,0.030000,0.195000,2
79.100000,78.840000,79.171000,78.765000,-0.260000,0.406000,1
79.050000,79.105000,79.130000,78.940000,0.055000,0.190000,2
79.190000,79.050000,79.205000,79.025000,-0.140000,0.180000,2
79.370000,79.180000,79.390000,79.180000,-0.190000,0.210000,2
79.525000,79.341500,79.630000,79.320000,-0.183500,0.310000,2
79.540000,79.520000,79.640000,79.453000,-0.020000,0.187000,1
79.335000,79.525000,79.660000,79.300000,0.190000,0.360000,1
79.280000,79.330000,79.470000,79.252100,0.050000,0.217900,2
79.490000,79.280000,79.544900,79.230000,-0.210000,0.314900,2
79.747600,79.490000,79.747600,79.490000,-0.257600,0.257600,2
80.040000,79.740000,80.040000,79.720000,-0.300000,0.320000,2
80.150000,80.030000,80.280000,79.935000,-0.120000,0.345000,2
80.278000,80.180000,80.395000,80.140000,-0.098000,0.255000,2
80.320000,80.260000,80.450000,80.150000,-0.060000,0.300000,1
80.075000,80.340000,80.340000,80.035000,0.265000,0.305000,1
79.840000,80.050000,80.140000,79.805000,0.210000,0.335000,2
79.955000,80.030000,80.135000,79.920000,0.075000,0.215000,1
79.720000,79.960000,79.960000,79.690000,0.240000,0.270000,1
79.590000,79.760000,79.790000,79.559100,0.170000,0.230900,1
79.540000,79.551000,79.551000,79.400000,0.011000,0.151000,1
79.330000,79.620000,79.630000,79.330000,0.290000,0.300000,1
79.100000,79.320000,79.350000,79.090000,0.220000,0.260000,1
78.975000,79.090000,79.170000,78.670000,0.115000,0.500000,1
78.960000,78.990000,79.175700,78.950000,0.030000,0.225700,2
79.005000,78.980000,79.140000,78.960000,-0.025000,0.180000,2
79.490000,79.030000,79.550000,79.030000,-0.460000,0.520000,1
79.470000,79.470000,79.520000,79.310000,0.000000,0.210000,1
79.360000,79.460000,79.550000,79.200000,0.100000,0.350000,1
79.120000,79.350000,79.360000,79.030000,0.230000,0.330000,2
79.310000,79.080000,79.370000,79.035000,-0.230000,0.335000,1
78.980000,79.270000,79.280000,78.880000,0.290000,0.400000,1
78.770000,78.956400,78.980000,78.690000,0.186400,0.290000,2
78.960000,78.800000,78.960000,78.630000,-0.160000,0.330000,1
78.750000,78.970000,78.995000,78.720000,0.220000,0.275000,1
78.710000,78.760000,78.810000,78.650000,0.050000,0.160000,2
78.920000,78.685000,78.930000,78.600000,-0.235000,0.330000,1
78.850000,78.930000,79.190000,78.850000,0.080000,0.340000,1
78.560000,78.850000,78.850000,78.560000,0.290000,0.290000,1
78.445000,78.570000,78.570000,78.270000,0.125000,0.300000,1
78.010000,78.420000,78.490000,77.980000,0.410000,0.510000,2
78.210000,78.000000,78.370000,77.930000,-0.210000,0.440000,1
77.620000,78.180000,78.240000,77.560000,0.560000,0.680000,2
78.350000,78.630000,78.880000,78.200000,0.280000,0.680000,1
78.320000,78.330000,78.385000,78.020000,0.010000,0.365000,2
78.450000,78.270000,78.540000,78.245000,-0.180000,0.295000,1
78.150000,78.450000,78.480000,77.965000,0.300000,0.515000,2
78.160000,78.190000,78.300000,78.000000,0.030000,0.300000,1
77.910000,78.164500,78.260000,77.885000,0.254500,0.375000,1
77.790000,77.910000,78.020000,77.750000,0.120000,0.270000,2
78.380000,77.790000,78.380000,77.790000,-0.590000,0.590000,1
78.250000,78.400000,78.480000,78.200000,0.150000,0.280000,1
78.240000,78.290000,78.306200,78.145600,0.050000,0.160600,1
78.180000,78.250000,78.335000,78.125000,0.070000,0.210000,1
78.080000,78.190000,78.200000,78.055600,0.110000,0.144400,2
78.250000,78.075200,78.270000,78.050000,-0.174800,0.220000,2
78.270000,78.250000,78.340000,78.190000,-0.020000,0.150000,1
78.060000,78.300000,78.305000,78.000000,0.240000,0.305000,2
78.100000,78.050000,78.100000,77.895000,-0.050000,0.205000,2
78.310000,78.110000,78.340000,78.095000,-0.200000,0.245000,2
78.370000,78.335000,78.430000,78.330000,-0.035000,0.100000,2
78.470000,78.370000,78.490000,78.251500,-0.100000,0.238500,2
78.549700,78.500000,78.580000,78.380000,-0.049700,0.200000,2
78.740000,78.520000,78.770000,78.495000,-0.220000,0.275000,1
78.720000,78.750000,78.850000,78.680000,0.030000,0.170000,2
78.890000,78.750000,78.890000,78.690000,-0.140000,0.200000,1
78.760000,78.890000,79.040000,78.730000,0.130000,0.310000,1
78.290000,78.780000,78.820000,78.215000,0.490000,0.605000,2
78.300000,78.290000,78.370000,78.100000,-0.010000,0.270000,1
77.490000,77.870000,77.870000,77.380000,0.380000,0.490000,2
77.640000,77.500000,77.765000,77.490000,-0.140000,0.275000,1
77.245000,77.600000,77.600000,77.040000,0.355000,0.560000,2
77.350000,77.220000,77.670000,77.100000,-0.130000,0.570000,1
77.190000,77.330000,77.345100,77.150000,0.140000,0.195100,2
77.240000,77.180000,77.240000,77.020000,-0.060000,0.220000,2
77.730000,77.576300,77.750000,77.460000,-0.153700,0.290000,1
77.610000,77.720000,78.050000,77.605000,0.110000,0.445000,1
77.590000,77.610000,77.860000,77.560000,0.020000,0.300000,2
77.950000,77.560000,77.970000,77.560000,-0.390000,0.410000,2
78.040000,77.965000,78.230000,77.950000,-0.075000,0.280000,2
78.180000,78.040000,78.229900,78.000000,-0.140000,0.229900,1
78.020000,78.190000,78.270000,77.960000,0.170000,0.310000,2
78.280000,77.996700,78.390000,77.996700,-0.283300,0.393300,1
78.080000,78.300000,78.380000,78.080000,0.220000,0.300000,1
77.890000,78.070000,78.070000,77.770000,0.180000,0.300000,2
77.910000,77.880000,77.965000,77.730000,-0.030000,0.235000,1
77.502500,77.885000,77.950000,77.450000,0.382500,0.500000,2
77.560000,77.500000,77.640000,77.340000,-0.060000,0.300000,2
77.660000,77.536400,77.740000,77.500000,-0.123600,0.240000,1
77.089900,77.670000,77.675000,77.040000,0.580100,0.635000,2
77.110000,77.110000,77.290000,76.975000,0.000000,0.315000,2
77.390000,77.085000,77.530000,77.085000,-0.305000,0.445000,1
77.260000,77.370000,77.610000,77.150000,0.110000,0.460000,2
77.540000,77.300000,78.050000,77.300000,-0.240000,0.750000,1
