92.160000,92.850000,93.280000,91.700000,0.690000,1.580000,-1,0.000000,0.000000
90.050000,91.915000,92.310000,89.640000,1.865000,2.670000,-1,0.000000,0.000000
90.020000,90.370000,90.640000,89.390000,0.350000,1.250000,-1,0.000000,0.000000
89.580000,90.305000,90.610000,89.380000,0.725000,1.230000,1,0.000000,0.000000
89.800000,89.510000,90.180000,89.250000,-0.290000,0.930000,1,0.000000,0.000000
90.580000,90.120000,90.630000,89.750000,-0.460000,0.880000,-1,0.000000,0.000000
89.520000,90.450000,90.530000,89.360000,0.930000,1.170000,1,0.000000,0.000000
90.840000,89.560000,91.000000,89.400000,-1.280000,1.600000,1,0.000000,0.000000
91.080000,91.010000,91.860000,90.640000,-0.070000,1.220000,1,0.000000,0.000000
91.430000,90.590000,91.650000,90.400000,-0.840000,1.250000,1,0.000000,0.000000
94.110000,91.780000,94.430100,91.600000,-2.330000,2.830100,-1,0.000000,0.000000
94.070000,94.070000,94.720000,93.360000,0.000000,1.360000,-1,0.000000,0.000000
93.950000,93.800000,95.290000,93.800000,-0.150000,1.490000,1,0.000000,0.000000
95.370000,93.850000,95.770000,93.750000,-1.520000,2.020000,-1,0.000000,0.000000
95.030000,95.480000,95.580000,94.940000,0.450000,0.640000,1,0.000000,0.000000
96.440000,95.610000,97.250000,95.410000,-0.830000,1.840000,-1,0.000000,0.000000
96.310000,96.540000,96.970000,95.960000,0.230000,1.010000,-1,0.000000,0.000000
95.790000,96.560000,96.860000,95.530000,0.770000,1.330000,1,0.000000,0.000000
95.840000,95.580000,96.050000,95.160000,-0.260000,0.890000,1,0.000000,0.000000
96.270000,95.960000,96.833000,95.780000,-0.310000,1.053000,-1,0.000000,0.000000
95.500000,95.760000,96.540000,94.829900,0.260000,1.710100,1,0.000000,0.000000
96.520000,96.590000,96.860000,95.870000,0.070000,0.990000,-1,0.000000,0.000000
93.800000,95.200000,95.290000,93.395000,1.400000,1.895000,-1,0.000000,0.000000
93.760000,93.670000,93.940000,93.270000,-0.090000,0.670000,1,0.000000,0.000000
94.990000,94.370000,95.060000,93.990000,-0.620000,1.070000,1,0.000000,0.000000
95.500000,95.150000,95.550000,94.660000,-0.350000,0.890000,-1,0.000000,0.000000
94.010000,95.360000,95.590000,93.520000,1.350000,2.070000,1,0.000000,0.000000
94.210000,93.640000,94.470000,93.550000,-0.570000,0.920000,-1,0.000000,0.000000
93.640000,94.440000,94.570000,93.330000,0.800000,1.240000,-1,0.000000,0.000000
93.470000,93.580000,94.220000,93.290000,0.110000,0.930000,1,0.000000,0.000000
94.320000,93.950000,94.530000,93.750000,-0.370000,0.780000,1,0.000000,0.000000
94.710000,94.410000,95.250000,94.070000,-0.300000,1.180000,-1,0.000000,0.000000
93.730000,94.650000,95.300000,93.130000,0.920000,2.170000,1,0.000000,0.000000
94.580000,93.440000,94.740000,93.010000,-1.140000,1.730000,-1,0.000000,0.000000
94.310000,95.100000,95.990000,94.310000,0.790000,1.680000,1,0.000000,0.000000
94.640000,94.760000,95.100000,94.480000,0.120000,0.620000,1,0.000000,0.000000
94.910000,95.100000,95.820000,94.800000,0.190000,1.020000,-1,0.000000,0.000000
94.700000,95.560000,95.580000,94.410000,0.860000,1.170000,1,0.000000,0.000000
96.240000,94.610000,96.500000,94.060000,-1.630000,2.440000,1,0.000000,0.000000
97.700000,96.470000,97.970000,96.470000,-1.230000,1.500000,-1,0.000000,0.000000
97.680000,98.490000,98.850000,97.320000,0.810000,1.530000,1,0.000000,0.000000
97.730000,97.650000,97.930000,97.280000,-0.080000,0.650000,1,0.000000,0.000000
97.950000,97.530000,98.060000,97.180000,-0.420000,0.880000,-1,0.000000,0.000000
97.930000,97.830000,98.540000,97.560000,-0.100000,0.980000,-1,0.000000,0.000000
97.360000,98.300000,98.710000,97.280000,0.940000,1.430000,-1,0.000000,0.000000
96.780000,97.250000,97.530000,96.751000,0.470000,0.779000,1,0.000000,0.000000
97.450000,97.010000,97.880000,96.750000,-0.440000,1.130000,-1,0.000000,0.000000
97.330000,97.750000,97.790000,96.629000,0.420000,1.161000,-1,0.000000,0.000000
96.780000,96.980000,97.780000,96.235000,0.200000,1.545000,-1,0.000000,0.000000
96.720000,96.510000,97.439900,96.280000,-0.210000,1.159900,1,0.000000,0.000000
97.860000,97.490000,98.055000,96.740000,-0.370000,1.315000,1,0.000000,0.000000
98.680000,97.580000,98.700000,97.070000,-1.100000,1.630000,1,0.000000,0.000000
99.940000,99.050000,100.100000,98.970000,-0.890000,1.130000,1,0.000000,0.000000
100.420000,99.690000,100.970000,99.690000,-0.730000,1.280000,1,0.000000,0.000000
100.930000,100.030000,100.930000,99.890000,-0.900000,1.040000,-1,0.000000,0.000000
100.370000,100.530000,100.860000,100.220000,0.160000,0.640000,1,0.000000,0.000000
100.500000,100.590000,100.950000,100.330000,0.090000,0.620000,-1,0.000000,0.000000
100.010000,100.480000,100.600000,99.860000,0.470000,0.740000,1,0.000000,0.000000
100.410000,99.990000,100.570000,99.930000,-0.420000,0.640000,1,0.000000,0.000000
101.170000,100.720000,101.462000,100.310000,-0.450000,1.152000,1,0.000000,0.000000
101.450000,101.570000,102.570000,101.230100,0.120000,1.339900,1,0.000000,0.000000
102.410000,101.130000,102.410000,100.710000,-1.280000,1.700000,-1,0.000000,0.000000
101.410000,101.960000,102.390000,101.200000,0.550000,1.190000,1,0.000000,0.000000
102.010000,101.280000,102.910000,100.980000,-0.730000,1.930000,1,0.000000,0.000000
102.910000,101.690000,103.130000,101.580000,-1.220000,1.550000,-1,0.000000,0.000000
102.670000,102.600000,103.300000,102.410000,-0.070000,0.890000,1,0.000000,0.000000
103.110000,103.120000,103.450000,102.790000,0.010000,0.660000,-1,0.000000,0.000000
102.320000,103.090000,103.290000,102.170100,0.770000,1.119900,-1,0.000000,0.000000
101.950000,101.710000,102.180000,101.260000,-0.240000,0.920000,1,0.000000,0.000000
102.230000,102.330000,102.350000,101.525000,0.100000,0.825000,1,0.000000,0.000000
102.360000,102.180000,102.710000,101.940000,-0.180000,0.770000,-1,0.000000,0.000000
102.290000,102.360000,102.680000,102.110000,0.070000,0.570000,-1,0.000000,0.000000
100.780000,102.000000,102.420000,100.330000,1.220000,2.090000,-1,0.000000,0.000000
100.740000,100.590000,101.000000,100.320000,-0.150000,0.680000,1,0.000000,0.000000
100.870000,100.420000,101.110000,100.420000,-0.450000,0.690000,-1,0.000000,0.000000
100.670000,100.690000,101.080000,100.450000,0.020000,0.630000,1,0.000000,0.000000
102.030000,100.850000,102.220000,100.720000,-1.180000,1.500000,-1,0.000000,0.000000
101.500000,101.810000,101.970000,101.470000,0.310000,0.500000,-1,0.000000,0.000000
101.320000,101.550000,101.930000,101.266300,0.230000,0.663700,1,0.000000,0.000000
101.360000,101.610000,101.900000,100.930000,0.250000,0.970000,-1,0.000000,0.000000
101.060000,101.230000,102.070000,101.050000,0.170000,1.020000,1,0.000000,0.000000
101.270000,101.540000,101.650000,101.020000,0.270000,0.630000,-1,0.000000,0.000000
100.530000,100.800000,101.150000,100.370000,0.270000,0.780000,-1,0.000000,0.000000
99.940000,100.530000,100.880000,99.670000,0.590000,1.210000,1,0.000000,0.000000
100.390000,99.590000,100.690000,99.590000,-0.800000,1.100000,-1,0.000000,0.000000
100.040000,100.210000,100.455000,99.960000,0.170000,0.495000,1,0.000000,0.000000
100.550000,100.100000,100.830000,99.960000,-0.450000,0.870000,1,0.000000,0.000000
101.600000,100.610000,101.630000,100.600000,-0.990000,1.030000,-1,0.000000,0.000000
101.520000,101.450000,101.960000,101.190000,-0.070000,0.770000,-1,0.000000,0.000000
101.460000,101.480000,101.730000,101.000000,0.020000,0.730000,1,0.000000,0.000000
101.950000,101.190000,102.330000,101.000000,-0.760000,1.330000,-1,0.000000,0.000000
101.660000,102.460000,102.945000,101.570000,0.800000,1.375000,1,0.000000,0.000000
102.650000,101.930000,102.655100,101.630000,-0.720000,1.025100,1,0.000000,0.000000
102.920000,102.570000,103.250000,102.170000,-0.350000,1.080000,-1,0.000000,0.000000
102.420000,102.580000,102.590000,101.450000,0.160000,1.140000,1,0.000000,0.000000
102.730000,102.570000,102.950000,102.060000,-0.160000,0.890000,-1,0.000000,0.000000
102.630000,102.610000,102.840000,101.680000,-0.020000,1.160000,1,0.000000,0.000000
103.830000,103.280000,104.060000,102.940000,-0.550000,1.120000,1,0.000000,0.000000
104.380000,104.110000,104.610000,103.880000,-0.270000,0.730000,-1,0.000000,0.000000
102.730000,104.180000,104.470000,102.470000,1.450000,2.000000,-1,0.000000,0.000000
102.140000,102.340000,102.620000,101.530000,0.200000,1.090000,-1,0.000000,0.000000
102.030000,101.940000,102.380000,100.850000,-0.090000,1.530000,-1,0.000000,0.000000
101.210000,101.670000,101.790000,100.660000,0.460000,1.130000,-1,0.000000,0.000000
100.680000,101.210000,101.270000,100.520000,0.530000,0.750000,1,0.000000,0.000000
101.360000,101.150000,101.590000,100.790000,-0.210000,0.800000,1,0.000000,0.000000
101.570000,101.150000,101.640000,101.040000,-0.420000,0.600000,1,0.000000,0.000000
102.590000,101.950000,103.270000,101.680000,-0.640000,1.590000,1,0.000000,0.000000
102.650000,102.330000,102.650000,102.020000,-0.320000,0.630000,1,0.000000,0.000000
102.830000,102.330000,103.230000,102.170000,-0.500000,1.060000,1,0.000000,0.000000
103.550000,102.960000,103.690000,102.810000,-0.590000,0.880000,-1,0.000000,0.000000
102.570000,102.880000,103.070000,102.040000,0.310000,1.030000,-1,0.000000,0.000000
101.740000,102.400000,102.500000,101.320000,0.660000,1.180000,1,0.000000,0.000000
102.680000,102.170000,103.080000,102.160000,-0.510000,0.920000,-1,0.000000,0.000000
102.390000,102.530000,102.600000,101.740000,0.140000,0.860000,1,0.000000,0.000000
103.770000,102.560000,103.790000,102.540000,-1.210000,1.250000,-1,0.000000,0.000000
102.310000,103.380000,103.885000,102.290000,1.070000,1.595000,1,0.000000,0.000000
102.730000,102.690000,102.960000,101.860000,-0.040000,1.100000,1,0.000000,0.000000
103.080000,102.360000,103.190000,102.060000,-0.720000,1.130000,1,0.000000,0.000000
103.540000,103.640000,104.190000,103.500000,0.100000,0.690000,1,0.000000,0.000000
104.250000,103.640000,104.450000,103.530000,-0.610000,0.920000,1,0.000000,0.000000
104.280000,104.420000,104.720000,103.950000,0.140000,0.770000,-1,0.000000,0.000000
103.180000,103.930000,103.990000,102.960000,0.750000,1.030000,1,0.000000,0.000000
103.250000,103.730000,104.150000,102.570000,0.480000,1.580000,1,0.000000,0.000000
103.550000,104.210000,104.760000,103.520000,0.660000,1.240000,-1,0.000000,0.000000
103.250000,103.730000,104.150000,102.570000,0.480000,1.580000,-1,0.000000,0.000000
98.940000,101.980000,101.980000,98.930000,3.040000,3.050000,-1,0.000000,0.000000
98.800000,98.620000,99.550000,98.180000,-0.180000,1.370000,1,0.000000,0.000000
100.130000,98.740000,100.430000,98.310000,-1.390000,2.120000,-1,0.000000,0.000000
98.200000,99.480000,99.540000,97.780000,1.280000,1.760000,1,0.000000,0.000000
98.980000,98.200000,99.650000,98.200000,-0.780000,1.450000,-1,0.000000,0.000000
98.270000,99.770000,99.840000,97.630000,1.500000,2.210000,1,0.000000,0.000000
99.740000,98.810000,99.790000,98.320000,-0.930000,1.470000,-1,0.000000,0.000000
98.730000,99.280000,99.420000,98.535000,0.550000,0.885000,-1,0.000000,0.000000
98.490000,98.210000,98.690000,97.820000,-0.280000,0.870000,1,0.000000,0.000000
99.090000,98.820000,99.310000,98.480000,-0.270000,0.830000,-1,0.000000,0.000000
99.090000,99.100000,99.280000,98.600000,0.010000,0.680000,-1,0.000000,0.000000
99.030000,99.240000,99.430000,98.140000,0.210000,1.290000,1,0.000000,0.000000
99.520000,99.280000,99.530000,99.095000,-0.240000,0.435000,-1,0.000000,0.000000
99.490000,99.500000,99.950000,99.430000,0.010000,0.520000,1,0.000000,0.000000
99.700000,99.550000,99.900000,99.040000,-0.150000,0.860000,-1,0.000000,0.000000
99.280000,99.800000,100.070000,99.260000,0.520000,0.810000,-1,0.000000,0.000000
98.500000,98.890000,98.980000,98.080000,0.390000,0.900000,1,0.000000,0.000000
98.750000,98.810000,98.900000,98.500000,0.060000,0.400000,1,0.000000,0.000000
99.640000,99.120000,100.310000,99.020000,-0.520000,1.290000,-1,0.000000,0.000000
99.530000,99.780000,99.960000,99.090000,0.250000,0.870000,1,0.000000,0.000000
99.570000,99.040000,99.740000,99.010000,-0.530000,0.730000,-1,0.000000,0.000000
99.460000,99.380000,99.670000,98.720000,-0.080000,0.950000,-1,0.000000,0.000000
98.490000,99.430000,99.590000,97.810000,0.940000,1.780000,1,0.000000,0.000000
99.110000,98.860000,99.590000,98.860000,-0.250000,0.730000,-1,0.000000,0.000000
98.360000,99.000000,99.450000,97.970000,0.640000,1.480000,1,0.000000,0.000000
99.260000,98.740000,99.300000,98.110000,-0.520000,1.190000,-1,0.000000,0.000000
97.770000,98.920000,98.920000,97.450000,1.150000,1.470000,-1,0.000000,0.000000
97.390000,97.690000,98.030000,96.960000,0.300000,1.070000,-1,0.000000,0.000000
96.810000,97.360000,97.530000,95.830000,0.550000,1.700000,1,0.000000,0.000000
97.030000,96.320000,97.120000,95.820000,-0.710000,1.300000,-1,0.000000,0.000000
95.780000,96.530000,96.590000,95.630000,0.750000,0.960000,1,0.000000,0.000000
96.290000,95.730000,96.400000,95.400000,-0.560000,1.000000,1,0.000000,0.000000
97.430000,96.230000,98.050000,96.020000,-1.200000,2.030000,-1,0.000000,0.000000
97.080000,97.910000,97.930000,96.800000,0.830000,1.130000,-1,0.000000,0.000000
96.610000,97.150000,97.320000,96.480000,0.540000,0.840000,1,0.000000,0.000000
97.120000,97.080000,97.560000,96.865000,-0.040000,0.695000,-1,0.000000,0.000000
96.540000,96.900000,97.000000,96.270000,0.360000,0.730000,-1,0.000000,0.000000
96.030000,96.280000,97.160000,96.030000,0.250000,1.130000,-1,0.000000,0.000000
95.820000,95.870000,96.250000,94.840000,0.050000,1.410000,-1,0.000000,0.000000
94.250000,95.660000,95.890000,94.200200,1.410000,1.689800,1,0.000000,0.000000
95.430000,94.330000,95.760000,93.800000,-1.100000,1.960000,-1,0.000000,0.000000
94.430000,94.710000,94.780000,93.800000,0.280000,0.980000,-1,0.000000,0.000000
94.050000,94.110000,94.810000,93.620000,0.060000,1.190000,-1,0.000000,0.000000
92.860000,94.110000,94.540000,92.715000,1.250000,1.825000,1,0.000000,0.000000
93.300000,92.390000,93.900000,92.060000,-0.910000,1.840000,1,0.000000,0.000000
93.920000,93.600000,94.110000,92.580000,-0.320000,1.530000,1,0.000000,0.000000
94.520000,94.010000,95.330000,93.910000,-0.510000,1.420000,-1,0.000000,0.000000
93.370000,94.270000,95.190000,93.330000,0.900000,1.860000,1,0.000000,0.000000
94.610000,93.420000,94.830000,92.420000,-1.190000,2.410000,-1,0.000000,0.000000
91.820000,94.050000,94.490000,91.630000,2.230000,2.860000,-1,0.000000,0.000000
91.600000,92.440000,93.270000,90.900000,0.840000,2.370000,-1,0.000000,0.000000
90.840000,91.320000,92.530000,90.760000,0.480000,1.770000,-1,0.000000,0.000000
90.550000,91.490000,92.230000,90.060100,0.940000,2.169900,-1,0.000000,0.000000
90.220000,89.000000,90.610000,86.910000,-1.220000,3.700000,1,0.000000,0.000000
90.600000,88.580000,91.270000,88.180000,-2.020000,3.090000,1,0.000000,0.000000
91.210000,91.130000,92.250000,90.500000,-0.080000,1.750000,1,0.000000,0.000000
91.770000,90.630000,91.890000,90.630000,-1.140000,1.260000,1,0.000000,0.000000
93.650000,92.860000,94.030000,92.360000,-0.790000,1.670000,-1,0.000000,0.000000
93.130000,93.960000,94.585000,92.980000,0.830000,1.605000,1,0.000000,0.000000
94.110000,94.310000,94.980000,93.870000,0.200000,1.110000,1,0.000000,0.000000
94.490000,94.190000,94.530000,93.220000,-0.300000,1.310000,-1,0.000000,0.000000
93.710000,93.850000,93.850000,92.770000,0.140000,1.080000,1,0.000000,0.000000
95.100000,94.440000,95.195000,93.930000,-0.660000,1.265000,-1,0.000000,0.000000
94.590000,95.420000,95.980000,93.620000,0.830000,2.360000,-1,0.000000,0.000000
94.450000,93.870000,94.670000,93.220000,-0.580000,1.450000,1,0.000000,0.000000
96.710000,94.990000,96.890000,94.310000,-1.720000,2.580000,-1,0.000000,0.000000
95.260000,96.560000,97.100000,94.800000,1.300000,2.300000,-1,0.000000,0.000000
94.520000,94.500000,94.890000,93.890000,-0.020000,1.000000,1,0.000000,0.000000
95.070000,95.360000,95.770000,94.650000,0.290000,1.120000,1,0.000000,0.000000
96.260000,95.180000,96.420000,94.280000,-1.080000,2.140000,1,0.000000,0.000000
96.590000,95.800000,97.160000,95.720000,-0.790000,1.440000,-1,0.000000,0.000000
96.280000,96.870000,97.100000,96.070000,0.590000,1.030000,1,0.000000,0.000000
96.410000,95.780000,96.510000,95.610000,-0.630000,0.900000,-1,0.000000,0.000000
95.380000,95.900000,96.400000,95.110000,0.520000,1.290000,-1,0.000000,0.000000
94.660000,94.960000,95.210000,93.830000,0.300000,1.380000,1,0.000000,0.000000
95.090000,94.870000,95.110000,94.650000,-0.220000,0.460000,1,0.000000,0.000000
95.110000,94.850000,95.140000,94.190000,-0.260000,0.950000,-1,0.000000,0.000000
94.870000,95.080000,95.750000,94.530000,0.210000,1.220000,1,0.000000,0.000000
95.610000,95.080000,95.740000,94.130000,-0.530000,1.610000,1,0.000000,0.000000
95.820000,95.370000,95.900000,95.260000,-0.450000,0.640000,1,0.000000,0.000000
96.810000,97.200000,97.200000,96.100000,0.390000,1.100000,-1,0.000000,0.000000
95.720000,96.340000,96.800000,95.250000,0.620000,1.550000,-1,0.000000,0.000000
94.780000,96.010000,96.030000,94.370000,1.230000,1.660000,-1,0.000000,0.000000
94.480000,94.640000,95.130000,94.360000,0.160000,0.770000,-1,0.000000,0.000000
90.540000,91.500000,91.850000,90.110000,0.960000,1.740000,1,0.000000,0.000000
92.350000,90.360000,92.870000,90.280000,-1.990000,2.590000,1,0.000000,0.000000
94.190000,92.320000,94.670000,92.010000,-1.870000,2.660000,1,0.000000,0.000000
94.950000,94.670000,95.330000,94.000000,-0.280000,1.330000,-1,0.000000,0.000000
94.370000,94.130000,94.610000,93.070000,-0.240000,1.540000,-1,0.000000,0.000000
93.820000,93.950000,94.590000,93.354200,0.130000,1.235800,-1,0.000000,0.000000
91.700000,92.900000,93.130000,91.365000,1.200000,1.765000,-1,0.000000,0.000000
91.380000,91.230000,92.060000,90.760000,-0.150000,1.300000,-1,0.000000,0.000000
88.670000,90.720000,90.730000,88.200000,2.050000,2.530000,1,0.000000,0.000000
89.200000,88.860000,91.540000,88.850000,-0.340000,2.690000,-1,0.000000,0.000000
86.600000,88.710000,89.000000,86.600000,2.110000,2.400000,1,0.000000,0.000000
86.900000,87.530000,88.600000,86.500000,0.630000,2.100000,-1,0.000000,0.000000
86.410000,86.380000,89.200000,86.190000,-0.030000,3.010000,1,0.000000,0.000000
89.020000,87.240000,89.900000,87.150000,-1.780000,2.750000,1,0.000000,0.000000
91.160000,90.370000,91.160000,88.400000,-0.790000,2.760000,1,0.000000,0.000000
93.640000,90.210000,93.640000,89.610000,-3.430000,4.030000,-1,0.000000,0.000000
93.330000,92.960000,93.670000,92.450000,-0.370000,1.220000,1,0.000000,0.000000
94.590000,93.520000,95.180000,93.047200,-1.070000,2.132800,-1,0.000000,0.000000
93.780000,94.220000,94.250000,92.980000,0.440000,1.270000,-1,0.000000,0.000000
93.210000,93.990000,94.430000,92.620000,0.780000,1.810000,-1,0.000000,0.000000
93.070000,93.330000,93.860000,92.890000,0.260000,0.970000,-1,0.000000,0.000000
93.020000,92.770000,93.390000,92.510000,-0.250000,0.880000,-1,0.000000,0.000000
92.450000,92.420000,93.130000,92.060000,-0.030000,1.070000,1,0.000000,0.000000
92.830000,92.250000,93.050000,91.810000,-0.580000,1.240000,-1,0.000000,0.000000
90.290000,92.100000,92.400000,89.500000,1.810000,2.900000,-1,0.000000,0.000000
89.810000,90.240000,91.410000,89.020000,0.430000,2.390000,1,0.000000,0.000000
90.720000,90.650000,91.480000,90.000000,-0.070000,1.480000,1,0.000000,0.000000
92.230000,91.250000,92.270000,91.000000,-0.980000,1.270000,-1,0.000000,0.000000
92.100000,92.300000,92.780000,91.370000,0.200000,1.410000,-1,0.000000,0.000000
90.330000,91.240000,91.340000,89.820000,0.910000,1.520000,-1,0.000000,0.000000
90.000000,90.880000,91.430000,89.110000,0.880000,2.320000,-1,0.000000,0.000000
89.740000,88.950000,89.890000,87.260000,-0.790000,2.630000,-1,0.000000,0.000000
88.960000,90.430000,90.660000,88.510000,1.470000,2.150000,1,0.000000,0.000000
91.120000,88.980000,91.190000,88.980000,-2.140000,2.210000,-1,0.000000,0.000000
91.090000,91.140000,91.780000,90.380000,0.050000,1.400000,1,0.000000,0.000000
91.870000,91.740000,91.990000,91.010000,-0.130000,0.980000,1,0.000000,0.000000
92.870000,92.310000,92.965800,91.320000,-0.560000,1.645800,-1,0.000000,0.000000
90.890000,92.280000,92.480000,90.785000,1.390000,1.695000,1,0.000000,0.000000
91.760000,90.610000,91.940000,90.470000,-1.150000,1.470000,-1,0.000000,0.000000
90.950000,91.240000,91.600000,90.600000,0.290000,1.000000,-1,0.000000,0.000000
87.950000,90.880000,90.930000,87.820000,2.930000,3.110000,-1,0.000000,0.000000
87.580000,88.220000,88.260000,86.030000,0.640000,2.230000,-1,0.000000,0.000000
87.420000,87.160000,88.420000,86.250000,-0.260000,2.170000,1,0.000000,0.000000
89.580000,87.850000,89.590000,87.500000,-1.730000,2.090000,1,0.000000,0.000000
92.250000,90.900000,92.330000,90.810000,-1.350000,1.520000,-1,0.000000,0.000000
91.460000,91.640000,92.270000,90.510000,0.180000,1.760000,1,0.000000,0.000000
92.360000,92.390000,92.540000,91.700000,0.030000,0.840000,-1,0.000000,0.000000
91.500000,92.100000,92.280000,90.960000,0.600000,1.320000,1,0.000000,0.000000
91.560000,91.400000,92.290000,91.236600,-0.160000,1.053400,-1,0.000000,0.000000
91.010000,91.740000,91.740000,90.300000,0.730000,1.440000,-1,0.000000,0.000000
90.600000,90.020000,90.830000,89.790000,-0.580000,1.040000,1,0.000000,0.000000
92.370000,91.460000,92.660000,91.020000,-0.910000,1.640000,1,0.000000,0.000000
93.370000,92.700000,93.450000,92.280000,-0.670000,1.170000,-1,0.000000,0.000000
93.050000,92.750000,93.070000,92.290000,-0.300000,0.780000,-1,0.000000,0.000000
91.010000,91.990000,91.990000,90.390000,0.980000,1.600000,-1,0.000000,0.000000
89.440000,89.640000,90.420000,88.580000,0.200000,1.840000,1,0.000000,0.000000
89.920000,89.400000,89.940000,88.850000,-0.520000,1.090000,-1,0.000000,0.000000
89.010000,89.260000,89.550000,88.740000,0.250000,0.810000,1,0.000000,0.000000
89.420000,89.330000,89.780000,89.130000,-0.090000,0.650000,1,0.000000,0.000000
89.600000,89.570000,89.700000,89.080000,-0.030000,0.620000,-1,0.000000,0.000000
88.650000,89.130000,89.180000,88.080000,0.480000,1.100000,-1,0.000000,0.000000
88.540000,88.890000,89.280000,88.340000,0.350000,0.940000,-1,0.000000,0.000000
88.040000,88.340000,88.520000,87.350000,0.300000,1.170000,-1,0.000000,0.000000
87.620000,87.930000,88.020000,87.130000,0.310000,0.890000,-1,0.000000,0.000000
87.180000,87.960000,87.960000,86.930000,0.780000,1.030000,-1,0.000000,0.000000
86.740000,87.070000,87.186400,86.520000,0.330000,0.666400,-1,0.000000,0.000000
85.630000,86.410000,86.600000,85.320000,0.780000,1.280000,-1,0.000000,0.000000
85.160000,86.120000,86.380000,85.120000,0.960000,1.260000,-1,0.000000,0.000000
84.260000,84.820000,85.530000,84.240000,0.560000,1.290000,-1,0.000000,0.000000
84.020000,84.930000,84.930000,84.000000,0.910000,0.930000,1,0.000000,0.000000
84.220000,84.430000,84.720000,84.060000,0.210000,0.660000,-1,0.000000,0.000000
83.870000,83.900000,84.180000,82.680000,0.030000,1.500000,1,0.000000,0.000000
84.760000,83.710000,84.860000,83.270000,-1.050000,1.590000,-1,0.000000,0.000000
84.080000,84.540000,84.850000,84.015000,0.460000,0.835000,1,0.000000,0.000000
86.070000,83.540000,86.370000,83.430000,-2.530000,2.940000,-1,0.000000,0.000000
84.410000,85.190000,85.500000,84.325000,0.780000,1.175000,1,0.000000,0.000000
84.540000,84.670000,85.400000,84.390000,0.130000,1.010000,1,0.000000,0.000000
85.430000,85.020000,85.780100,85.010000,-0.410000,0.770100,-1,0.000000,0.000000
84.520000,85.300000,85.780000,84.500000,0.780000,1.280000,1,0.000000,0.000000
84.860000,85.050000,85.570000,84.770000,0.190000,0.800000,-1,0.000000,0.000000
84.320000,85.300000,85.570000,84.090000,0.980000,1.480000,-1,0.000000,0.000000
83.580000,84.040000,84.050000,83.330000,0.460000,0.720000,1,0.000000,0.000000
85.630000,84.270000,85.820000,84.250000,-1.360000,1.570000,-1,0.000000,0.000000
85.000000,84.850000,85.340000,84.460000,-0.150000,0.880000,-1,0.000000,0.000000
84.460000,85.700000,86.000000,84.260000,1.240000,1.740000,-1,0.000000,0.000000
84.300000,84.090000,84.940000,83.854000,-0.210000,1.086000,1,0.000000,0.000000
85.130000,85.150000,85.640000,84.200000,0.020000,1.440000,1,0.000000,0.000000
85.750000,85.010000,86.170000,84.756000,-0.740000,1.414000,-1,0.000000,0.000000
84.060000,85.800000,85.900000,84.020000,1.740000,1.880000,1,0.000000,0.000000
84.650000,84.000000,84.730000,83.810000,-0.650000,0.920000,1,0.000000,0.000000
85.560000,85.370000,86.040000,84.770000,-0.190000,1.270000,-1,0.000000,0.000000
85.340000,85.920000,86.250000,85.240000,0.580000,1.010000,1,0.000000,0.000000
86.630000,85.600000,87.475000,85.530000,-1.030000,1.945000,1,0.000000,0.000000
88.080000,87.140000,88.530000,87.140000,-0.940000,1.390000,-1,0.000000,0.000000
87.730000,87.880000,88.160000,87.110000,0.150000,1.050000,-1,0.000000,0.000000
86.930000,87.140000,87.360000,86.155000,0.210000,1.205000,1,0.000000,0.000000
87.240000,87.130000,88.100000,87.080000,-0.110000,1.020000,-1,0.000000,0.000000
86.880000,87.380000,87.620000,86.684900,0.500000,0.935100,1,0.000000,0.000000
87.460000,87.040000,87.800000,86.340000,-0.420000,1.460000,1,0.000000,0.000000
87.540000,87.360000,88.380000,87.310000,-0.180000,1.070000,-1,0.000000,0.000000
86.970000,87.190000,87.360000,86.660000,0.220000,0.700000,1,0.000000,0.000000
87.010000,87.410000,87.600000,86.755000,0.400000,0.845000,1,0.000000,0.000000
87.800000,87.220000,87.860000,87.040000,-0.580000,0.820000,1,0.000000,0.000000
87.870000,87.500000,88.070000,86.960000,-0.370000,1.110000,-1,0.000000,0.000000
87.370000,88.670000,88.670000,87.220000,1.300000,1.450000,1,0.000000,0.000000
88.850000,87.850000,88.950000,87.700000,-1.000000,1.250000,1,0.000000,0.000000
89.110000,89.420000,89.880000,88.950000,0.310000,0.930000,-1,0.000000,0.000000
88.610000,89.970000,90.090000,88.520000,1.360000,1.570000,-1,0.000000,0.000000
88.190000,89.650000,89.960000,87.790000,1.460000,2.170000,-1,0.000000,0.000000
87.600000,88.000000,88.100000,86.920000,0.400000,1.180000,1,0.000000,0.000000
88.990000,88.470000,89.070000,87.820000,-0.520000,1.250000,-1,0.000000,0.000000
86.780000,88.530000,88.570000,86.650000,1.750000,1.920000,1,0.000000,0.000000
87.020000,86.890000,87.460000,86.420000,-0.130000,1.040000,-1,0.000000,0.000000
86.560000,87.280000,87.730000,86.402100,0.720000,1.327900,1,0.000000,0.000000
86.970000,86.930000,87.340000,86.750000,-0.040000,0.590000,1,0.000000,0.000000
87.350000,86.800000,87.620000,86.600000,-0.550000,1.020000,-1,0.000000,0.000000
86.850000,87.310000,87.460000,86.780000,0.460000,0.680000,1,0.000000,0.000000
86.990000,86.470000,87.210000,86.210000,-0.520000,1.000000,1,0.000000,0.000000
87.130000,87.390000,87.400000,86.910000,0.260000,0.490000,1,0.000000,0.000000
87.210000,87.280000,87.440000,86.960000,0.070000,0.480000,-1,0.000000,0.000000
86.520000,86.990000,87.100000,86.500000,0.470000,0.600000,-1,0.000000,0.000000
85.350000,86.040000,86.370000,85.030000,0.690000,1.340000,-1,0.000000,0.000000
85.110000,85.300000,85.890000,84.770000,0.190000,1.120000,-1,0.000000,0.000000
85.110000,85.110000,85.570000,84.820000,0.000000,0.750000,1,0.000000,0.000000
85.200000,85.100000,85.580000,84.880000,-0.100000,0.700000,-1,0.000000,0.000000
85.130000,85.250000,85.470000,84.800000,0.120000,0.670000,1,0.000000,0.000000
85.140000,85.120000,85.590000,84.910000,-0.020000,0.680000,-1,0.000000,0.000000
84.950000,85.230000,85.840000,84.860000,0.280000,0.980000,-1,0.000000,0.000000
84.220000,84.700000,84.890000,83.780000,0.480000,1.110000,1,0.000000,0.000000
84.280000,84.130000,85.000000,83.980000,-0.150000,1.020000,1,0.000000,0.000000
84.850000,84.180000,85.209000,83.930000,-0.670000,1.279000,-1,0.000000,0.000000
84.580000,85.290000,85.430000,84.490000,0.710000,0.940000,1,0.000000,0.000000
85.210000,85.840000,85.970000,85.000000,0.630000,0.970000,-1,0.000000,0.000000
85.090000,85.300000,85.700000,84.890000,0.210000,0.810000,-1,0.000000,0.000000
84.020000,84.580000,84.680000,83.860000,0.560000,0.820000,-1,0.000000,0.000000
83.720000,83.530000,83.980000,83.190000,-0.190000,0.790000,1,0.000000,0.000000
84.680000,83.810000,84.750000,83.400000,-0.870000,1.350000,1,0.000000,0.000000
84.730000,85.030000,85.130000,84.410000,0.300000,0.720000,1,0.000000,0.000000
85.480000,84.800000,85.960000,84.720000,-0.680000,1.240000,-1,0.000000,0.000000
85.210000,84.920000,85.480000,84.920000,-0.290000,0.560000,-1,0.000000,0.000000
85.170000,85.390000,85.600000,84.970000,0.220000,0.630000,-1,0.000000,0.000000
85.070000,85.220000,85.280000,84.590000,0.150000,0.690000,-1,0.000000,0.000000
84.680000,84.890000,85.340000,84.660000,0.210000,0.680000,-1,0.000000,0.000000
83.930000,84.850000,84.850000,83.930000,0.920000,0.920000,-1,0.000000,0.000000
83.860000,83.830000,84.100000,83.490000,-0.030000,0.610000,-1,0.000000,0.000000
82.820000,83.050000,83.450000,82.800000,0.230000,0.650000,1,0.000000,0.000000
83.200000,83.740000,84.900000,82.800000,0.540000,2.100000,-1,0.000000,0.000000
82.370000,83.280000,83.530000,82.110000,0.910000,1.420000,1,0.000000,0.000000
83.140000,82.790000,83.280000,82.550000,-0.350000,0.730000,-1,0.000000,0.000000
82.530000,82.420000,83.060000,82.120000,-0.110000,0.940000,1,0.000000,0.000000
82.870000,82.190000,83.230000,81.490000,-0.680000,1.740000,-1,0.000000,0.000000
81.970000,82.250000,82.980000,81.910000,0.280000,1.070000,-1,0.000000,0.000000
81.600000,82.870000,83.150000,81.580000,1.270000,1.570000,1,0.000000,0.000000
82.220000,82.090000,82.490000,81.600000,-0.130000,0.890000,1,0.000000,0.000000
82.420000,82.110000,82.609900,82.070000,-0.310000,0.539900,1,0.000000,0.000000
83.110000,82.380000,83.320000,82.260000,-0.730000,1.060000,-1,0.000000,0.000000
82.760000,82.610000,83.420000,82.403900,-0.150000,1.016100,1,0.000000,0.000000
82.910000,83.180000,83.480000,82.800000,0.270000,0.680000,-1,0.000000,0.000000
82.610000,82.510000,82.840000,81.790000,-0.100000,1.050000,-1,0.000000,0.000000
81.760000,82.150000,82.405900,81.600000,0.390000,0.805900,-1,0.000000,0.000000
81.660000,81.930000,82.430000,81.430000,0.270000,1.000000,1,0.000000,0.000000
81.790000,82.350000,82.470000,81.580000,0.560000,0.890000,-1,0.000000,0.000000
81.140000,81.730000,81.970000,80.970000,0.590000,1.000000,-1,0.000000,0.000000
79.940000,81.160000,81.160000,79.720000,1.220000,1.440000,-1,0.000000,0.000000
79.260000,79.230000,80.130000,78.970000,-0.030000,1.160000,1,0.000000,0.000000
82.480000,79.700000,82.665000,79.565000,-2.780000,3.100000,1,0.000000,0.000000
83.140000,82.180000,83.200000,81.910000,-0.960000,1.290000,-1,0.000000,0.000000
83.010000,83.180000,83.320000,82.420000,0.170000,0.900000,-1,0.000000,0.000000
79.210000,81.670000,81.670000,78.930000,2.460000,2.740000,-1,0.000000,0.000000
78.060000,78.700000,78.930000,77.630000,0.640000,1.300000,-1,0.000000,0.000000
77.170000,77.880000,78.610000,76.930000,0.710000,1.680000,-1,0.000000,0.000000
77.170000,77.870000,78.230000,76.900000,0.700000,1.330000,1,0.000000,0.000000
78.090000,76.940000,78.260000,76.910000,-1.150000,1.350000,-1,0.000000,0.000000
76.830000,77.550000,77.970000,76.617800,0.720000,1.352200,1,0.000000,0.000000
78.750000,77.090000,78.750000,77.090000,-1.660000,1.660000,-1,0.000000,0.000000
77.490000,77.010000,78.070000,76.330000,-0.480000,1.740000,1,0.000000,0.000000
78.790000,77.440000,78.870000,76.960000,-1.350000,1.910000,-1,0.000000,0.000000
78.650000,78.350000,79.285000,78.270000,-0.300000,1.015000,-1,0.000000,0.000000
78.360000,78.590000,79.270000,78.250000,0.230000,1.020000,1,0.000000,0.000000
78.770000,77.930000,79.175000,77.450000,-0.840000,1.725000,-1,0.000000,0.000000
77.900000,78.530000,78.670000,77.580000,0.630000,1.090000,-1,0.000000,0.000000
76.230000,77.510000,77.580000,75.930000,1.280000,1.650000,-1,0.000000,0.000000
74.570000,76.000000,76.180000,74.570000,1.430000,1.610000,-1,0.000000,0.000000
72.130000,74.100000,74.890000,72.070000,1.970000,2.820000,-1,0.000000,0.000000
68.720000,67.990000,71.380000,66.550000,-0.730000,4.830000,-1,0.000000,0.000000
68.710000,71.310000,71.440000,68.200000,2.600000,3.240000,1,0.000000,0.000000
72.500000,70.630000,72.750000,69.150000,-1.870000,3.600000,1,0.000000,0.000000
74.850000,73.800000,74.890000,73.010000,-1.050000,1.880000,1,0.000000,0.000000
75.070000,74.710000,75.980000,74.410000,-0.360000,1.570000,1,0.000000,0.000000
75.240000,74.280000,75.550000,73.300000,-0.960000,2.250000,-1,0.000000,0.000000
72.080000,73.300000,73.350000,71.510000,1.220000,1.840000,1,0.000000,0.000000
73.230000,73.100000,73.240000,72.000000,-0.130000,1.240000,1,0.000000,0.000000
73.790000,73.640000,74.910000,73.340000,-0.150000,1.570000,-1,0.000000,0.000000
72.460000,72.930000,73.140000,72.250000,0.470000,0.890000,1,0.000000,0.000000
73.500000,73.720000,73.720000,72.966800,0.220000,0.753200,-1,0.000000,0.000000
72.000000,74.370000,74.680000,71.850000,2.370000,2.830000,1,0.000000,0.000000
72.520000,72.810000,72.980000,71.800000,0.290000,1.180000,1,0.000000,0.000000
72.690000,72.400000,72.720000,72.010000,-0.290000,0.710000,-1,0.000000,0.000000
72.490000,72.310000,72.580000,71.760000,-0.180000,0.820000,1,0.000000,0.000000
72.860000,72.440000,73.313200,72.410000,-0.420000,0.903200,1,0.000000,0.000000
74.300000,73.510000,74.700000,73.370000,-0.790000,1.330000,1,0.000000,0.000000
74.460000,74.410000,75.470000,73.850000,-0.050000,1.620000,-1,0.000000,0.000000
72.680000,73.260000,73.560000,72.120000,0.580000,1.440000,1,0.000000,0.000000
73.390000,73.100000,73.610000,72.730000,-0.290000,0.880000,-1,0.000000,0.000000
72.740000,72.350000,73.520000,72.020000,-0.390000,1.500000,-1,0.000000,0.000000
72.300000,72.870000,73.200000,72.290000,0.570000,0.910000,1,0.000000,0.000000
72.730000,72.000000,73.150000,71.720000,-0.730000,1.430000,1,0.000000,0.000000
73.230000,73.290000,73.530000,72.760000,0.060000,0.770000,-1,0.000000,0.000000
72.600000,72.620000,73.460000,72.400000,0.020000,1.060000,1,0.000000,0.000000
72.970000,72.650000,73.190000,72.140000,-0.320000,1.050000,1,0.000000,0.000000
74.350000,73.400000,74.350000,73.330000,-0.950000,1.020000,-1,0.000000,0.000000
74.060000,75.200000,75.580000,73.300000,1.140000,2.280000,1,0.000000,0.000000
75.880000,73.390000,75.900000,73.030000,-2.490000,2.870000,1,0.000000,0.000000
76.810000,76.650000,77.150000,75.790000,-0.160000,1.360000,1,0.000000,0.000000
77.890000,76.960000,78.560000,76.260000,-0.930000,2.300000,1,0.000000,0.000000
79.200000,78.970000,79.290000,77.530000,-0.230000,1.760000,1,0.000000,0.000000
80.030000,79.310000,80.110000,78.540000,-0.720000,1.570000,-1,0.000000,0.000000
79.260000,80.050000,80.165000,78.620000,0.790000,1.545000,1,0.000000,0.000000
79.300000,79.590000,79.590000,78.720000,0.290000,0.870000,-1,0.000000,0.000000
79.160000,78.720000,79.550000,78.490000,-0.440000,1.060000,1,0.000000,0.000000
80.160000,78.970000,80.480000,78.780000,-1.190000,1.700000,1,0.000000,0.000000
81.480000,80.190000,81.530000,79.900000,-1.290000,1.630000,1,0.000000,0.000000
82.480000,82.260000,82.500000,81.450000,-0.220000,1.050000,-1,0.000000,0.000000
80.990000,82.010000,82.170000,80.760000,1.020000,1.410000,-1,0.000000,0.000000
80.830000,80.550000,81.055000,80.200000,-0.280000,0.855000,-1,0.000000,0.000000
80.210000,80.860000,81.150000,80.110000,0.650000,1.040000,1,0.000000,0.000000
82.890000,80.680000,82.960000,80.660000,-2.210000,2.300000,1,0.000000,0.000000
82.980000,82.410000,83.000000,81.890000,-0.570000,1.110000,-1,0.000000,0.000000
81.220000,82.520000,82.730000,81.170000,1.300000,1.560000,-1,0.000000,0.000000
81.090000,80.570000,81.160000,79.730000,-0.520000,1.430000,1,0.000000,0.000000
82.280000,81.310000,82.580000,80.934400,-0.970000,1.645600,-1,0.000000,0.000000
82.230000,81.790000,83.220000,81.790000,-0.440000,1.430000,1,0.000000,0.000000
82.740000,82.470000,83.880000,81.260000,-0.270000,2.620000,1,0.000000,0.000000
85.280000,82.300000,85.930000,82.090000,-2.980000,3.840000,1,0.000000,0.000000
86.850000,85.660000,87.435000,85.580000,-1.190000,1.855000,-1,0.000000,0.000000
85.980000,86.770000,87.080000,85.700000,0.790000,1.380000,-1,0.000000,0.000000
84.810000,85.550000,86.230000,84.500000,0.740000,1.730000,-1,0.000000,0.000000
84.470000,83.930000,84.470000,83.220000,-0.540000,1.250000,-1,0.000000,0.000000
81.950000,83.560000,83.599200,81.800000,1.610000,1.799200,1,0.000000,0.000000
82.350000,81.930000,82.610000,81.860000,-0.420000,0.750000,-1,0.000000,0.000000
81.620000,82.420000,82.560000,81.400000,0.800000,1.160000,-1,0.000000,0.000000
79.410000,80.570000,81.280000,79.320000,1.160000,1.960000,-1,0.000000,0.000000
78.100000,79.280000,79.580000,77.940000,1.180000,1.640000,1,0.000000,0.000000
80.900000,77.940000,80.990000,77.910000,-2.960000,3.080000,-1,0.000000,0.000000
79.960000,80.710000,80.880000,79.630000,0.750000,1.250000,1,0.000000,0.000000
80.740000,79.890000,80.900000,79.590000,-0.850000,1.310000,-1,0.000000,0.000000
80.300000,80.510000,80.780000,80.040000,0.210000,0.740000,-1,0.000000,0.000000
79.790000,80.570000,80.945000,79.650000,0.780000,1.295000,1,0.000000,0.000000
80.280000,79.600000,80.709000,79.060000,-0.680000,1.649000,1,0.000000,0.000000
81.880000,80.350000,82.350000,80.200000,-1.530000,2.150000,-1,0.000000,0.000000
81.250000,81.300000,82.170000,81.100000,0.050000,1.070000,-1,0.000000,0.000000
81.230000,80.580000,81.260000,80.460000,-0.650000,0.800000,1,0.000000,0.000000
81.660000,81.420000,82.650000,81.250000,-0.240000,1.400000,1,0.000000,0.000000
81.890000,81.760000,82.130000,81.270000,-0.130000,0.860000,-1,0.000000,0.000000
79.550000,81.310000,81.640000,79.420000,1.760000,2.220000,-1,0.000000,0.000000
78.410000,79.720000,79.850000,78.020000,1.310000,1.830000,1,0.000000,0.000000
78.860000,77.350000,78.980000,77.033500,-1.510000,1.946500,-1,0.000000,0.000000
76.800000,77.330000,77.500000,75.750000,0.530000,1.750000,-1,0.000000,0.000000
74.630000,75.270000,76.350000,73.790000,0.640000,2.560000,1,0.000000,0.000000
75.630000,74.840000,77.190000,74.730000,-0.790000,2.460000,1,0.000000,0.000000
75.690000,75.800000,77.500000,75.520000,0.110000,1.980000,-1,0.000000,0.000000
74.340000,74.820000,75.540000,74.340000,0.480000,1.200000,1,0.000000,0.000000
76.030000,74.300000,76.220000,74.090000,-1.730000,2.130000,1,0.000000,0.000000
79.430000,77.430000,79.600000,77.330000,-2.000000,2.270000,-1,0.000000,0.000000
79.150000,79.040000,79.610000,78.000000,-0.110000,1.610000,-1,0.000000,0.000000
77.960000,79.020000,79.230000,77.950000,1.060000,1.280000,-1,0.000000,0.000000
77.280000,77.570000,78.780000,77.060000,0.290000,1.720000,-1,0.000000,0.000000
77.260000,77.790000,78.103800,76.645000,0.530000,1.458800,1,0.000000,0.000000
77.650000,77.700000,77.900000,77.210000,0.050000,0.690000,1,0.000000,0.000000
80.190000,78.680000,80.220000,78.320000,-1.510000,1.900000,-1,0.000000,0.000000
79.330000,80.270000,80.270000,79.121100,0.940000,1.148900,-1,0.000000,0.000000
78.740000,78.120000,78.860000,77.910000,-0.620000,0.950000,1,0.000000,0.000000
79.160000,79.990000,80.080000,78.840000,0.830000,1.240000,-1,0.000000,0.000000
78.110000,78.320000,78.990000,77.970000,0.210000,1.020000,-1,0.000000,0.000000
77.950000,77.510000,78.440000,77.430000,-0.440000,1.010000,-1,0.000000,0.000000
77.460000,77.500000,77.940000,76.455000,0.040000,1.485000,1,0.000000,0.000000
78.120000,77.190000,78.140000,76.922300,-0.930000,1.217700,-1,0.000000,0.000000
77.470000,76.640000,77.640000,76.590000,-0.830000,1.050000,-1,0.000000,0.000000
76.230000,76.060000,77.990000,75.900000,-0.170000,2.090000,-1,0.000000,0.000000
74.690000,76.350000,76.650000,74.500000,1.660000,2.150000,-1,0.000000,0.000000
73.690000,75.010000,75.120000,72.560000,1.320000,2.560000,1,0.000000,0.000000
75.200000,74.120000,75.420000,73.151800,-1.080000,2.268200,1,0.000000,0.000000
75.650000,75.850000,77.060000,74.940000,0.200000,2.120000,1,0.000000,0.000000
79.120000,76.210000,79.920000,75.800000,-2.910000,4.120000,-1,0.000000,0.000000
77.580000,76.330000,78.170000,76.300000,-1.250000,1.870000,-1,0.000000,0.000000
76.400000,77.930000,78.240000,75.190000,1.530000,3.050000,-1,0.000000,0.000000
73.180000,75.070000,75.720000,71.550000,1.890000,4.170000,1,0.000000,0.000000
74.100000,73.160000,74.990000,72.610000,-0.940000,2.380000,1,0.000000,0.000000
76.570000,76.420000,76.770000,74.720000,-0.150000,2.050000,-1,0.000000,0.000000
73.980000,75.750000,76.340000,73.900000,1.770000,2.440000,1,0.000000,0.000000
76.700000,74.770000,76.770000,74.250000,-1.930000,2.520000,-1,0.000000,0.000000
75.290000,76.000000,77.469900,74.720000,0.710000,2.749900,1,0.000000,0.000000
76.990000,77.350000,77.660000,75.620000,0.360000,2.040000,1,0.000000,0.000000
77.850000,76.730000,77.850000,76.250000,-1.120000,1.600000,-1,0.000000,0.000000
76.290000,76.660000,76.790000,75.439800,0.370000,1.350200,-1,0.000000,0.000000
74.590000,74.190000,75.620000,73.550000,-0.400000,2.070000,1,0.000000,0.000000
78.480000,75.530000,78.530000,74.260000,-2.950000,4.270000,1,0.000000,0.000000
79.830000,78.580000,80.000000,77.560000,-1.250000,2.440000,1,0.000000,0.000000
80.080000,79.400000,80.100000,78.570000,-0.680000,1.530000,1,0.000000,0.000000
81.160000,79.300000,81.780000,78.910000,-1.860000,2.870000,-1,0.000000,0.000000
80.080000,79.980000,80.670000,78.690000,-0.100000,1.980000,-1,0.000000,0.000000
79.350000,79.770000,81.450000,79.280000,0.420000,2.170000,1,0.000000,0.000000
79.600000,78.340000,80.150000,77.580000,-1.260000,2.570000,1,0.000000,0.000000
81.030000,80.080000,81.070000,79.810000,-0.950000,1.260000,1,0.000000,0.000000
81.220000,81.700000,81.850000,80.280000,0.480000,1.570000,1,0.000000,0.000000
82.000000,81.650000,82.775000,81.160000,-0.350000,1.615000,1,0.000000,0.000000
82.450000,82.900000,83.060000,81.860000,0.450000,1.200000,1,0.000000,0.000000
82.500000,82.190000,82.550000,80.910000,-0.310000,1.640000,-1,0.000000,0.000000
82.390000,83.210000,83.440000,82.200000,0.820000,1.240000,-1,0.000000,0.000000
81.230000,81.990000,82.370000,80.879000,0.760000,1.491000,1,0.000000,0.000000
81.520000,79.910000,81.770000,79.670000,-1.610000,2.100000,1,0.000000,0.000000
82.010000,81.560000,82.070000,80.020000,-0.450000,2.050000,-1,0.000000,0.000000
81.750000,82.890000,83.080000,81.690000,1.140000,1.390000,-1,0.000000,0.000000
80.150000,81.880000,82.400000,80.050000,1.730000,2.350000,1,0.000000,0.000000
81.280000,80.560000,81.765000,80.320000,-0.720000,1.445000,1,0.000000,0.000000
82.700000,80.950000,82.720000,80.310000,-1.750000,2.410000,-1,0.000000,0.000000
82.400000,82.660000,82.720000,81.540000,0.260000,1.180000,-1,0.000000,0.000000
82.290000,82.660000,82.969900,81.763500,0.370000,1.206400,1,0.000000,0.000000
84.460000,82.310000,84.460000,82.210000,-2.150000,2.250000,-1,0.000000,0.000000
82.630000,84.000000,84.210000,82.480000,1.370000,1.730000,-1,0.000000,0.000000
82.400000,83.220000,83.850000,82.240000,0.820000,1.610000,-1,0.000000,0.000000
82.180000,82.420000,82.660000,80.930000,0.240000,1.730000,1,0.000000,0.000000
82.190000,83.220000,83.530000,82.005000,1.030000,1.525000,1,0.000000,0.000000
82.410000,81.480000,82.640000,81.015000,-0.930000,1.625000,1,0.000000,0.000000
82.820000,81.600000,82.850000,81.520000,-1.220000,1.330000,1,0.000000,0.000000
82.870000,83.020000,83.160000,81.940000,0.150000,1.220000,1,0.000000,0.000000
84.100000,83.680000,84.675000,82.720000,-0.420000,1.955000,1,0.000000,0.000000
84.200000,84.590000,84.600000,83.253900,0.390000,1.346100,-1,0.000000,0.000000
83.620000,83.840000,84.139000,83.500000,0.220000,0.639000,1,0.000000,0.000000
84.120000,83.080000,84.860000,83.010000,-1.040000,1.850000,-1,0.000000,0.000000
83.750000,83.860000,84.299900,83.520000,0.110000,0.779900,1,0.000000,0.000000
83.980000,82.940000,84.025000,82.930000,-1.040000,1.095000,1,0.000000,0.000000
84.220000,84.030000,84.360000,83.700000,-0.190000,0.660000,1,0.000000,0.000000
84.530000,83.670000,84.613400,83.160000,-0.860000,1.453400,-1,0.000000,0.000000
84.520000,85.030000,85.050000,84.000000,0.510000,1.050000,-1,0.000000,0.000000
83.590000,84.070000,85.100000,83.590000,0.480000,1.510000,-1,0.000000,0.000000
82.960000,82.400000,83.390000,82.390000,-0.560000,1.000000,1,0.000000,0.000000
83.160000,83.060000,83.900000,82.780000,-0.100000,1.120000,-1,0.000000,0.000000
82.210000,82.610000,83.130000,81.990000,0.400000,1.140000,1,0.000000,0.000000
83.310000,82.690000,83.460000,82.300000,-0.620000,1.160000,-1,0.000000,0.000000
82.370000,82.760000,83.170000,82.050000,0.390000,1.120000,1,0.000000,0.000000
83.210000,83.300000,83.450000,82.850000,0.090000,0.600000,1,0.000000,0.000000
83.320000,83.330000,84.240000,83.280000,0.010000,0.960000,1,0.000000,0.000000
84.350000,83.690000,84.630000,83.370000,-0.660000,1.260000,1,0.000000,0.000000
84.830000,84.500000,84.910000,84.040000,-0.330000,0.870000,1,0.000000,0.000000
85.430000,85.000000,85.900000,84.760000,-0.430000,1.140000,-1,0.000000,0.000000
84.970000,85.300000,85.660000,84.780000,0.330000,0.880000,1,0.000000,0.000000
85.780000,83.890000,85.860000,83.860000,-1.890000,2.000000,1,0.000000,0.000000
86.210000,85.850000,86.310000,85.220000,-0.360000,1.090000,1,0.000000,0.000000
86.800000,86.230000,87.440000,85.970000,-0.570000,1.470000,-1,0.000000,0.000000
86.790000,86.590000,87.840000,86.570000,-0.200000,1.270000,1,0.000000,0.000000
87.530000,87.240000,87.640000,86.820000,-0.290000,0.820000,-1,0.000000,0.000000
87.330000,87.090000,87.400000,86.352000,-0.240000,1.048000,1,0.000000,0.000000
87.630000,87.750000,87.940000,87.060000,0.120000,0.880000,1,0.000000,0.000000
88.460000,87.950000,88.715000,87.330000,-0.510000,1.385000,-1,0.000000,0.000000
88.030000,87.860000,88.775000,87.500000,-0.170000,1.275000,1,0.000000,0.000000
88.400000,88.680000,89.780000,87.740000,0.280000,2.040000,1,0.000000,0.000000
89.130000,88.240000,89.476500,88.080000,-0.890000,1.396500,-1,0.000000,0.000000
88.110000,88.400000,88.630000,87.355000,0.290000,1.275000,-1,0.000000,0.000000
87.940000,88.300000,88.740000,87.600000,0.360000,1.140000,1,0.000000,0.000000
88.040000,88.760000,88.970000,87.620100,0.720000,1.349900,1,0.000000,0.000000
88.510000,87.460000,88.681500,87.460000,-1.050000,1.221500,1,0.000000,0.000000
88.570000,88.600000,88.760000,87.230000,0.030000,1.530000,1,0.000000,0.000000
90.000000,88.900000,90.000000,88.820000,-1.100000,1.180000,-1,0.000000,0.000000
88.810000,89.160000,89.680000,88.720000,0.350000,0.960000,1,0.000000,0.000000
89.670000,89.800000,89.930000,89.150000,0.130000,0.780000,-1,0.000000,0.000000
88.660000,89.280000,89.660000,88.510000,0.620000,1.150000,1,0.000000,0.000000
89.570000,89.200000,89.670000,89.000000,-0.370000,0.670000,-1,0.000000,0.000000
89.530000,89.270000,89.910000,89.160000,-0.260000,0.750000,-1,0.000000,0.000000
89.350000,89.800000,90.000000,88.650000,0.450000,1.350000,1,0.000000,0.000000
90.110000,88.610000,90.160000,88.450000,-1.500000,1.710000,-1,0.000000,0.000000
89.740000,90.390000,90.400000,89.380000,0.650000,1.020000,-1,0.000000,0.000000
89.600000,89.000000,89.900000,88.820100,-0.600000,1.079900,1,0.000000,0.000000
89.670000,89.890000,90.400000,89.550000,0.220000,0.850000,1,0.000000,0.000000
90.260000,89.850000,90.370000,89.590000,-0.410000,0.780000,-1,0.000000,0.000000
89.800000,90.250000,90.460000,89.270000,0.450000,1.190000,1,0.000000,0.000000
90.010000,89.400000,90.050000,89.320000,-0.610000,0.730000,-1,0.000000,0.000000
89.020000,90.000000,90.200000,88.730000,0.980000,1.470000,1,0.000000,0.000000
89.240000,88.430000,89.450000,88.130000,-0.810000,1.320000,-1,0.000000,0.000000
88.530000,88.210000,88.530000,87.610000,-0.320000,0.920000,-1,0.000000,0.000000
88.370000,88.440000,88.830000,88.030000,0.070000,0.800000,1,0.000000,0.000000
89.340000,88.870000,89.500000,88.690000,-0.470000,0.810000,1,0.000000,0.000000
90.710000,89.750000,90.920000,89.710000,-0.960000,1.210000,1,0.000000,0.000000
90.790000,91.030000,91.300000,90.530000,0.240000,0.770000,-1,0.000000,0.000000
90.670000,90.180000,91.030000,90.110000,-0.490000,0.920000,-1,0.000000,0.000000
89.980000,90.400000,90.920000,89.780100,0.420000,1.139900,1,0.000000,0.000000
90.590000,89.920000,91.430000,89.700000,-0.670000,1.730000,-1,0.000000,0.000000
90.430000,90.450000,90.870000,89.850000,0.020000,1.020000,-1,0.000000,0.000000
90.160000,90.230000,90.900000,90.000000,0.070000,0.900000,1,0.000000,0.000000
91.220000,89.700000,91.390000,89.110000,-1.520000,2.280000,-1,0.000000,0.000000
90.720000,91.490000,91.590000,90.190000,0.770000,1.400000,1,0.000000,0.000000
91.120000,91.290000,91.590000,91.070000,0.170000,0.520000,1,0.000000,0.000000
91.530000,90.720000,91.640000,90.250000,-0.810000,1.390000,-1,0.000000,0.000000
91.170000,91.840000,91.930000,91.005000,0.670000,0.925000,1,0.000000,0.000000
91.800000,91.930000,92.070000,91.190000,0.130000,0.880000,-1,0.000000,0.000000
89.390000,89.880000,90.800000,89.150000,0.490000,1.650000,-1,0.000000,0.000000
88.860000,88.900000,89.100000,88.110000,0.040000,0.990000,1,0.000000,0.000000
90.910000,89.730000,90.930000,89.520000,-1.180000,1.410000,1,0.000000,0.000000
92.460000,91.410000,92.700000,91.120000,-1.050000,1.580000,1,0.000000,0.000000
93.740000,92.330000,93.827300,92.300000,-1.410000,1.527300,1,0.000000,0.000000
93.840000,93.360000,93.980000,93.070000,-0.480000,0.910000,-1,0.000000,0.000000
93.020000,93.120000,93.600000,92.250000,0.100000,1.350000,1,0.000000,0.000000
94.090000,93.350000,94.120000,92.440000,-0.740000,1.680000,-1,0.000000,0.000000
92.960000,94.340000,94.490000,92.350000,1.380000,2.140000,1,0.000000,0.000000
93.540000,93.390000,93.780000,92.920000,-0.150000,0.860000,1,0.000000,0.000000
93.890000,93.750000,94.410000,93.650000,-0.140000,0.760000,1,0.000000,0.000000
94.950000,94.670000,94.950000,94.090000,-0.280000,0.860000,-1,0.000000,0.000000
94.880000,94.650000,94.915000,94.110000,-0.230000,0.805000,1,0.000000,0.000000
94.950000,95.050000,95.530000,94.620000,0.100000,0.910000,1,0.000000,0.000000
95.120000,95.440000,95.550000,94.640000,0.320000,0.910000,-1,0.000000,0.000000
94.820000,94.920000,95.150000,94.400000,0.100000,0.750000,-1,0.000000,0.000000
94.470000,94.760000,94.940000,94.200000,0.290000,0.740000,-1,0.000000,0.000000
93.930000,94.250000,94.416100,93.800000,0.320000,0.616100,-1,0.000000,0.000000
93.850000,93.890000,94.260000,93.460000,0.040000,0.800000,1,0.000000,0.000000
94.010000,94.110000,94.294000,93.720000,0.100000,0.574000,-1,0.000000,0.000000
92.200000,93.470000,93.620000,91.760000,1.270000,1.860000,-1,0.000000,0.000000
91.530000,91.630000,92.030000,91.110000,0.100000,0.920000,-1,0.000000,0.000000
90.910000,91.510000,91.805000,90.630000,0.600000,1.175000,-1,0.000000,0.000000
90.200000,90.540000,90.730000,89.610000,0.340000,1.120000,-1,0.000000,0.000000
88.950000,87.610000,89.010000,86.120000,-1.340000,2.890000,-1,0.000000,0.000000
85.860000,88.080000,88.150000,85.590000,2.220000,2.560000,1,0.000000,0.000000
87.040000,86.450000,87.320000,85.580000,-0.590000,1.740000,1,0.000000,0.000000
87.490000,87.010000,87.490000,86.600000,-0.480000,0.890000,-1,0.000000,0.000000
87.480000,87.500000,87.650000,87.030000,0.020000,0.620000,1,0.000000,0.000000
87.560000,87.730000,87.830000,87.150000,0.170000,0.680000,1,0.000000,0.000000
88.590000,88.050000,88.890000,88.030000,-0.540000,0.860000,1,0.000000,0.000000
88.710000,88.620000,88.760000,88.180000,-0.090000,0.580000,-1,0.000000,0.000000
86.410000,87.780000,87.920000,86.010000,1.370000,1.910000,1,0.000000,0.000000
86.720000,86.690000,87.270000,86.260000,-0.030000,1.010000,1,0.000000,0.000000
87.850000,86.960000,87.980000,86.900000,-0.890000,1.080000,-1,0.000000,0.000000
87.810000,88.420000,88.500000,87.640000,0.610000,0.860000,1,0.000000,0.000000
87.920000,87.830000,88.179900,87.370000,-0.090000,0.809900,1,0.000000,0.000000
88.110000,87.920000,88.180000,87.660000,-0.190000,0.520000,1,0.000000,0.000000
88.910000,88.380000,88.940000,88.120000,-0.530000,0.820000,-1,0.000000,0.000000
87.800000,88.630000,88.740000,87.790000,0.830000,0.950000,1,0.000000,0.000000
87.990000,87.310000,88.100000,86.845000,-0.680000,1.255000,-1,0.000000,0.000000
87.720000,87.840000,88.020000,87.560000,0.120000,0.460000,1,0.000000,0.000000
88.020000,87.500000,88.160000,87.350000,-0.520000,0.810000,-1,0.000000,0.000000
87.460000,88.020000,88.030000,87.240000,0.560000,0.790000,-1,0.000000,0.000000
87.270000,87.630000,88.110000,87.000000,0.360000,1.110000,1,0.000000,0.000000
87.840000,87.040000,87.920000,87.040000,-0.800000,0.880000,-1,0.000000,0.000000
87.520000,87.870000,88.250000,87.365000,0.350000,0.885000,-1,0.000000,0.000000
87.140000,87.140000,87.210000,86.220000,0.000000,0.990000,-1,0.000000,0.000000
86.840000,86.720000,86.840000,86.090000,-0.120000,0.750000,1,0.000000,0.000000
87.420000,87.420000,87.580000,86.930700,0.000000,0.649300,1,0.000000,0.000000
88.570000,87.840000,88.640000,87.660000,-0.730000,0.980000,-1,0.000000,0.000000
88.240000,88.650000,88.670000,87.970000,0.410000,0.700000,1,0.000000,0.000000
89.050000,88.550000,89.370000,88.040000,-0.500000,1.330000,-1,0.000000,0.000000
86.840000,88.660000,88.660000,86.800000,1.820000,1.860000,1,0.000000,0.000000
87.290000,86.780000,87.710000,86.630000,-0.510000,1.080000,-1,0.000000,0.000000
85.210000,86.460000,86.470000,85.080000,1.250000,1.390000,-1,0.000000,0.000000
84.600000,85.040000,85.830000,84.265000,0.440000,1.565000,1,0.000000,0.000000
85.080000,84.670000,85.650000,84.520000,-0.410000,1.130000,-1,0.000000,0.000000
84.030000,84.510000,85.050000,83.560000,0.480000,1.490000,-1,0.000000,0.000000
83.830000,84.580000,84.620000,83.810000,0.750000,0.810000,-1,0.000000,0.000000
82.540000,83.730000,83.950000,82.540000,1.190000,1.410000,1,0.000000,0.000000
83.300000,82.820000,83.620000,82.310000,-0.480000,1.310000,1,0.000000,0.000000
83.540000,84.280000,84.550000,83.380000,0.740000,1.170000,-1,0.000000,0.000000
83.450000,82.680000,84.310000,82.590000,-0.770000,1.720000,-1,0.000000,0.000000
83.060000,83.520000,84.500000,82.930000,0.460000,1.570000,1,0.000000,0.000000
83.240000,82.590000,83.340000,82.290000,-0.650000,1.050000,1,0.000000,0.000000
86.900000,83.460000,87.230000,83.340000,-3.440000,3.890000,-1,0.000000,0.000000
86.460000,86.970000,87.200000,85.675000,0.510000,1.525000,1,0.000000,0.000000
87.280000,86.840000,87.810000,86.650000,-0.440000,1.160000,-1,0.000000,0.000000
87.050000,86.940000,87.200000,86.540000,-0.110000,0.660000,-1,0.000000,0.000000
86.250000,87.380000,87.500000,86.070000,1.130000,1.430000,1,0.000000,0.000000
87.000000,86.830000,87.170000,86.700000,-0.170000,0.470000,1,0.000000,0.000000
87.040000,87.250000,87.470000,86.440000,0.210000,1.030000,-1,0.000000,0.000000
86.740000,86.950000,87.400000,86.420000,0.210000,0.980000,1,0.000000,0.000000
88.440000,87.540000,88.670000,87.510000,-0.900000,1.160000,-1,0.000000,0.000000
87.740000,88.080000,88.190000,87.300000,0.340000,0.890000,-1,0.000000,0.000000
87.130000,87.220000,87.720000,86.670000,0.090000,1.050000,-1,0.000000,0.000000
86.560000,86.350000,86.869000,85.430000,-0.210000,1.439000,-1,0.000000,0.000000
86.540000,87.190000,87.535000,86.480000,0.650000,1.055000,-1,0.000000,0.000000
86.540000,86.480000,86.790000,86.070000,-0.060000,0.720000,1,0.000000,0.000000
86.770000,87.170000,87.330000,86.380000,0.400000,0.950000,1,0.000000,0.000000
87.170000,87.190000,87.850000,86.880000,0.020000,0.970000,1,0.000000,0.000000
87.210000,86.790000,87.500000,86.600000,-0.420000,0.900000,-1,0.000000,0.000000
86.620000,86.420000,86.820000,85.698500,-0.200000,1.121500,1,0.000000,0.000000
86.910000,86.740000,87.320000,86.070000,-0.170000,1.250000,-1,0.000000,0.000000
86.720000,86.670000,87.650000,86.600000,-0.050000,1.050000,1,0.000000,0.000000
87.090000,86.250000,87.450000,85.950000,-0.840000,1.500000,-1,0.000000,0.000000
86.920000,87.280000,87.660000,86.800000,0.360000,0.860000,-1,0.000000,0.000000
84.780000,85.280000,86.360000,84.140000,0.500000,2.220000,-1,0.000000,0.000000
83.320000,83.880000,84.400000,82.990000,0.560000,1.410000,1,0.000000,0.000000
83.650000,83.500000,83.920000,83.270000,-0.150000,0.650000,-1,0.000000,0.000000
83.450000,83.300000,83.880000,82.940000,-0.150000,0.940000,1,0.000000,0.000000
83.660000,83.680000,83.880000,83.050000,0.020000,0.830000,-1,0.000000,0.000000
83.570000,83.630000,84.330000,82.760000,0.060000,1.570000,1,0.000000,0.000000
85.450000,84.490000,85.470000,84.400400,-0.960000,1.069600,-1,0.000000,0.000000
85.310000,84.730000,85.830000,84.490000,-0.580000,1.340000,1,0.000000,0.000000
86.250000,84.050000,86.710000,83.660000,-2.200000,3.050000,1,0.000000,0.000000
87.050000,85.910000,87.990000,85.660000,-1.140000,2.330000,-1,0.000000,0.000000
85.670000,86.530000,86.730000,84.890000,0.860000,1.840000,-1,0.000000,0.000000
85.280000,85.300000,85.650000,84.325000,0.020000,1.325000,1,0.000000,0.000000
86.820000,85.770000,87.060000,85.770000,-1.050000,1.290000,-1,0.000000,0.000000
85.750000,86.740000,86.780000,85.580000,0.990000,1.200000,-1,0.000000,0.000000
85.230000,86.440000,86.880000,85.020000,1.210000,1.860000,1,0.000000,0.000000
85.280000,85.210000,85.650000,84.830000,-0.070000,0.820000,1,0.000000,0.000000
86.490000,86.440000,86.690000,86.135000,-0.050000,0.555000,1,0.000000,0.000000
86.680000,86.690000,87.240000,85.970000,0.010000,1.270000,1,0.000000,0.000000
86.920000,86.540000,87.080000,86.310100,-0.380000,0.769900,1,0.000000,0.000000
87.120000,86.710000,87.140000,86.540000,-0.410000,0.600000,-1,0.000000,0.000000
86.470000,86.950000,87.134800,86.370000,0.480000,0.764800,-1,0.000000,0.000000
85.900000,85.420000,86.075000,85.080000,-0.480000,0.995000,1,0.000000,0.000000
87.300000,87.600000,88.190000,87.200000,0.300000,0.990000,-1,0.000000,0.000000
87.240000,87.980000,88.500000,87.240000,0.740000,1.260000,-1,0.000000,0.000000
87.040000,87.190000,87.990000,86.600000,0.150000,1.390000,1,0.000000,0.000000
87.480000,87.390000,87.820000,86.920000,-0.090000,0.900000,1,0.000000,0.000000
87.560000,87.270000,87.870000,86.699900,-0.290000,1.170100,1,0.000000,0.000000
88.070000,87.630000,88.150000,87.200000,-0.440000,0.950000,1,0.000000,0.000000
88.320000,88.050000,88.850000,87.650000,-0.270000,1.200000,1,0.000000,0.000000
89.000000,88.640000,89.000000,88.180000,-0.360000,0.820000,1,0.000000,0.000000
90.980000,90.140000,91.500000,90.140000,-0.840000,1.360000,1,0.000000,0.000000
92.580000,91.890000,93.215000,91.170000,-0.690000,2.045000,-1,0.000000,0.000000
90.580000,92.260000,92.270000,90.170000,1.680000,2.100000,1,0.000000,0.000000
90.890000,90.100000,90.980000,89.760000,-0.790000,1.220000,1,0.000000,0.000000
91.180000,91.520000,91.670000,90.640000,0.340000,1.030000,-1,0.000000,0.000000
90.420000,91.380000,91.540000,90.200000,0.960000,1.340000,1,0.000000,0.000000
90.430000,90.510000,90.850000,90.290000,0.080000,0.560000,-1,0.000000,0.000000
90.280000,90.680000,90.900000,90.180000,0.400000,0.720000,1,0.000000,0.000000
90.870000,90.020000,90.900000,90.020000,-0.850000,0.880000,-1,0.000000,0.000000
90.710000,90.890000,90.960000,90.520000,0.180000,0.440000,1,0.000000,0.000000
90.750000,90.830000,91.110000,90.580000,0.080000,0.530000,-1,0.000000,0.000000
90.300000,90.680000,91.110000,90.260000,0.380000,0.850000,1,0.000000,0.000000
90.350000,90.100000,90.600000,90.030000,-0.250000,0.570000,-1,0.000000,0.000000
90.260000,90.030000,90.700000,90.010000,-0.230000,0.690000,1,0.000000,0.000000
90.890000,90.940000,91.340000,90.150000,0.050000,1.190000,-1,0.000000,0.000000
89.890000,91.120000,91.150000,89.750000,1.230000,1.400000,-1,0.000000,0.000000
88.550000,90.190000,90.300000,88.440000,1.640000,1.860000,-1,0.000000,0.000000
88.500000,88.790000,88.980000,87.820000,0.290000,1.160000,-1,0.000000,0.000000
87.040000,88.220000,88.220000,86.550000,1.180000,1.670000,-1,0.000000,0.000000
85.930000,87.170000,87.310000,85.910000,1.240000,1.400000,1,0.000000,0.000000
86.810000,85.900000,86.950000,85.860000,-0.910000,1.090000,-1,0.000000,0.000000
86.340000,87.270000,87.380000,86.070000,0.930000,1.310000,1,0.000000,0.000000
86.350000,86.270000,86.680000,86.170000,-0.080000,0.510000,1,0.000000,0.000000
87.360000,86.580000,87.390000,86.250000,-0.780000,1.140000,-1,0.000000,0.000000
86.280000,87.060000,87.410000,86.050000,0.780000,1.360000,-1,0.000000,0.000000
84.730000,85.970000,86.100000,84.590000,1.240000,1.510000,1,0.000000,0.000000
85.890000,85.440000,85.960000,85.050000,-0.450000,0.910000,-1,0.000000,0.000000
84.970000,85.680000,85.880000,84.750000,0.710000,1.130000,1,0.000000,0.000000
85.090000,84.980000,85.470000,84.825000,-0.110000,0.645000,1,0.000000,0.000000
85.340000,85.340000,85.880000,85.250000,0.000000,0.630000,1,0.000000,0.000000
85.600000,85.690000,85.830000,85.120000,0.090000,0.710000,-1,0.000000,0.000000
85.510000,85.300000,85.750000,85.044100,-0.210000,0.705900,-1,0.000000,0.000000
84.860000,85.420000,85.450000,84.175000,0.560000,1.275000,-1,0.000000,0.000000
83.890000,85.040000,85.070000,83.130000,1.150000,1.940000,-1,0.000000,0.000000
82.940000,84.000000,84.160000,82.540000,1.060000,1.620000,1,0.000000,0.000000
83.450000,83.210000,83.530000,82.550000,-0.240000,0.980000,1,0.000000,0.000000
83.540000,83.700000,83.720000,82.900000,0.160000,0.820000,-1,0.000000,0.000000
83.310000,83.550000,83.650000,82.930000,0.240000,0.720000,-1,0.000000,0.000000
82.770000,83.230000,83.620000,82.450000,0.460000,1.170000,-1,0.000000,0.000000
81.480000,81.990000,82.120000,81.170000,0.510000,0.950000,1,0.000000,0.000000
81.840000,81.800000,82.050000,81.665000,-0.040000,0.385000,1,0.000000,0.000000
82.520000,82.260000,82.770000,82.130000,-0.260000,0.640000,1,0.000000,0.000000
83.000000,82.770000,83.183700,82.350000,-0.230000,0.833700,-1,0.000000,0.000000
82.820000,82.910000,83.100000,82.060000,0.090000,1.040000,1,0.000000,0.000000
83.160000,82.640000,83.180000,82.463400,-0.520000,0.716600,-1,0.000000,0.000000
82.300000,83.120000,83.420000,82.170000,0.820000,1.250000,-1,0.000000,0.000000
81.760000,82.090000,82.190000,81.440000,0.330000,0.750000,1,0.000000,0.000000
81.890000,82.120000,82.150000,81.300000,0.230000,0.850000,-1,0.000000,0.000000
80.930000,81.650000,81.700000,80.870000,0.720000,0.830000,1,0.000000,0.000000
81.780000,81.420000,82.220000,81.030000,-0.360000,1.190000,-1,0.000000,0.000000
81.080000,81.600000,81.800000,80.760000,0.520000,1.040000,1,0.000000,0.000000
81.540000,81.130000,81.710000,80.810000,-0.410000,0.900000,-1,0.000000,0.000000
81.320000,81.530000,81.990000,81.050000,0.210000,0.940000,1,0.000000,0.000000
83.020000,81.700000,83.330000,81.700000,-1.320000,1.630000,1,0.000000,0.000000
83.300000,82.800000,84.250000,82.790000,-0.500000,1.460000,-1,0.000000,0.000000
82.460000,83.560000,83.600000,82.260000,1.100000,1.340000,1,0.000000,0.000000
82.830000,82.440000,82.900000,82.331000,-0.390000,0.569000,-1,0.000000,0.000000
82.520000,83.110000,83.290000,82.140000,0.590000,1.150000,-1,0.000000,0.000000
81.030000,82.350000,82.380000,81.010000,1.320000,1.370000,1,0.000000,0.000000
81.670000,80.640000,81.720000,80.310000,-1.030000,1.410000,-1,0.000000,0.000000
81.610000,82.440000,82.470000,81.155000,0.830000,1.315000,-1,0.000000,0.000000
81.420000,81.500000,81.940000,81.050000,0.080000,0.890000,-1,0.000000,0.000000
80.990000,81.000000,81.229000,80.440000,0.010000,0.789000,1,0.000000,0.000000
82.000000,81.350000,82.060000,81.045000,-0.650000,1.015000,1,0.000000,0.000000
82.070000,82.030000,82.200000,81.670000,-0.040000,0.530000,-1,0.000000,0.000000
82.000000,82.030000,82.260000,81.820000,0.030000,0.440000,-1,0.000000,0.000000
82.000000,81.720000,82.040000,81.440000,-0.280000,0.600000,-1,0.000000,0.000000
81.830000,82.160000,82.350000,81.600000,0.330000,0.750000,-1,0.000000,0.000000
81.760000,81.960000,82.090000,81.430000,0.200000,0.660000,1,0.000000,0.000000
81.860000,81.630000,82.220000,81.460000,-0.230000,0.760000,-1,0.000000,0.000000
81.230000,82.030000,82.030000,81.149000,0.800000,0.881000,1,0.000000,0.000000
81.250000,80.820000,81.430000,80.791000,-0.430000,0.639000,1,0.000000,0.000000
81.840000,81.320000,82.020000,80.960000,-0.520000,1.060000,1,0.000000,0.000000
82.020000,81.690000,82.283300,81.547000,-0.330000,0.736300,1,0.000000,0.000000
83.700000,82.030000,83.870000,81.935000,-1.670000,1.935000,-1,0.000000,0.000000
82.010000,83.260000,83.310000,81.860000,1.250000,1.450000,1,0.000000,0.000000
82.070000,82.020000,82.310000,81.350000,-0.050000,0.960000,1,0.000000,0.000000
82.370000,82.100000,82.420000,81.330000,-0.270000,1.090000,1,0.000000,0.000000
82.530000,82.850000,83.550000,82.470000,0.320000,1.080000,1,0.000000,0.000000
83.010000,82.750000,83.210000,82.460000,-0.260000,0.750000,-1,0.000000,0.000000
82.760000,83.240000,83.360000,82.680000,0.480000,0.680000,1,0.000000,0.000000
83.130000,83.120000,83.470000,82.920000,-0.010000,0.550000,-1,0.000000,0.000000
82.840000,83.080000,83.170000,82.420000,0.240000,0.750000,1,0.000000,0.000000
82.970000,82.860000,83.350000,82.700000,-0.110000,0.650000,-1,0.000000,0.000000
81.690000,82.720000,82.729000,81.570000,1.030000,1.159000,-1,0.000000,0.000000
81.580000,81.850000,81.970000,81.435000,0.270000,0.535000,-1,0.000000,0.000000
81.050000,81.320000,81.820000,81.030000,0.270000,0.790000,-1,0.000000,0.000000
80.490000,81.170000,81.510000,80.300000,0.680000,1.210000,1,0.000000,0.000000
81.010000,80.950000,81.740000,80.700000,-0.060000,1.040000,-1,0.000000,0.000000
80.690000,80.930000,81.000000,80.470000,0.240000,0.530000,1,0.000000,0.000000
81.110000,81.280000,81.400000,80.810000,0.170000,0.590000,1,0.000000,0.000000
81.730000,81.430000,81.930100,81.280100,-0.300000,0.650000,-1,0.000000,0.000000
81.400000,81.520000,82.330000,81.390100,0.120000,0.939900,-1,0.000000,0.000000
81.260000,81.070000,81.300000,80.940000,-0.190000,0.360000,1,0.000000,0.000000
81.650000,82.460000,82.490000,81.560000,0.810000,0.930000,1,0.000000,0.000000
82.060000,81.510000,82.210000,81.480000,-0.550000,0.730000,-1,0.000000,0.000000
82.050000,82.140000,82.590000,81.900000,0.090000,0.690000,1,0.000000,0.000000
82.700000,81.970000,83.069900,81.910000,-0.730000,1.159900,-1,0.000000,0.000000
81.640000,82.290000,82.360000,81.400000,0.650000,0.960000,1,0.000000,0.000000
82.020000,81.630000,82.235000,81.610000,-0.390000,0.625000,1,0.000000,0.000000
82.890000,82.000000,82.940000,82.000000,-0.890000,0.940000,-1,0.000000,0.000000
82.310000,82.960000,83.000000,82.160000,0.650000,0.840000,-1,0.000000,0.000000
81.910000,82.120000,82.370000,81.650000,0.210000,0.720000,1,0.000000,0.000000
82.610000,82.590000,82.710000,82.100000,-0.020000,0.610000,-1,0.000000,0.000000
82.550000,82.390000,82.710000,82.250000,-0.160000,0.460000,1,0.000000,0.000000
82.800000,83.000000,83.182900,82.650000,0.200000,0.532900,-1,0.000000,0.000000
82.550000,82.900000,83.230000,82.450000,0.350000,0.780000,-1,0.000000,0.000000
81.990000,82.300000,83.040000,81.960000,0.310000,1.080000,-1,0.000000,0.000000
81.750000,81.770000,82.150000,81.420000,0.020000,0.730000,1,0.000000,0.000000
81.930000,82.000000,82.090000,81.695000,0.070000,0.395000,1,0.000000,0.000000
82.290000,82.110000,82.330000,81.930000,-0.180000,0.400000,1,0.000000,0.000000
82.580000,82.320000,82.885000,82.240000,-0.260000,0.645000,-1,0.000000,0.000000
82.290000,82.420000,82.540000,82.010000,0.130000,0.530000,-1,0.000000,0.000000
81.750000,82.330000,82.710000,81.520000,0.580000,1.190000,-1,0.000000,0.000000
81.550000,81.610000,81.800000,80.830000,0.060000,0.970000,-1,0.000000,0.000000
81.100000,81.280000,81.340000,81.040000,0.180000,0.300000,-1,0.000000,0.000000
80.500000,80.940000,80.950000,80.470000,0.440000,0.480000,1,0.000000,0.000000
80.700000,80.370000,80.900000,80.190000,-0.330000,0.710000,-1,0.000000,0.000000
79.500000,80.590000,80.680000,79.260000,1.090000,1.420000,1,0.000000,0.000000
80.120000,79.440000,80.390000,79.400000,-0.680000,0.990000,1,0.000000,0.000000
81.210000,80.300000,81.320000,80.220000,-0.910000,1.100000,-1,0.000000,0.000000
80.910000,81.050000,81.400000,80.340000,0.140000,1.060000,-1,0.000000,0.000000
80.620000,80.510000,81.080000,80.490000,-0.110000,0.590000,1,0.000000,0.000000
82.130000,81.150000,82.140000,80.690000,-0.980000,1.450000,1,0.000000,0.000000
82.930000,82.670000,83.690000,82.640000,-0.260000,1.050000,1,0.000000,0.000000
82.960000,82.850000,83.270000,82.570000,-0.110000,0.700000,-1,0.000000,0.000000
82.070000,82.810000,82.820000,81.560000,0.740000,1.260000,1,0.000000,0.000000
82.260000,81.780000,82.400000,81.580000,-0.480000,0.820000,1,0.000000,0.000000
83.490000,82.610000,83.540000,82.200000,-0.880000,1.340000,-1,0.000000,0.000000
82.760000,83.220000,83.450000,82.550000,0.460000,0.900000,-1,0.000000,0.000000
82.310000,82.070000,82.466000,81.410000,-0.240000,1.056000,-1,0.000000,0.000000
81.440000,82.040000,82.630000,81.140000,0.600000,1.490000,-1,0.000000,0.000000
81.080000,81.450000,81.580000,80.900000,0.370000,0.680000,1,0.000000,0.000000
81.610000,80.850000,81.690000,80.760000,-0.760000,0.930000,-1,0.000000,0.000000
81.240000,81.570000,81.750000,80.907300,0.330000,0.842700,-1,0.000000,0.000000
81.110000,81.450000,81.730000,81.110000,0.340000,0.620000,1,0.000000,0.000000
81.530000,81.410000,81.760000,81.185000,-0.120000,0.575000,-1,0.000000,0.000000
80.700000,81.370000,81.840000,80.410000,0.670000,1.430000,1,0.000000,0.000000
80.730000,81.080000,81.241000,80.700000,0.350000,0.541000,1,0.000000,0.000000
82.100000,80.790000,82.490000,80.720000,-1.310000,1.770000,-1,0.000000,0.000000
80.850000,81.680000,81.680000,80.515000,0.830000,1.165000,-1,0.000000,0.000000
80.120000,80.860000,81.080000,80.090000,0.740000,0.990000,1,0.000000,0.000000
80.220000,80.200000,80.595000,79.810000,-0.020000,0.785000,-1,0.000000,0.000000
80.160000,80.000000,80.410000,79.960000,-0.160000,0.450000,1,0.000000,0.000000
80.600000,80.330000,80.754700,80.039900,-0.270000,0.714800,1,0.000000,0.000000
80.960000,81.190000,81.515000,80.750000,0.230000,0.765000,1,0.000000,0.000000
80.970000,80.970000,81.090000,80.730000,0.000000,0.360000,1,0.000000,0.000000
81.280000,81.000000,81.410000,80.770000,-0.280000,0.640000,-1,0.000000,0.000000
80.860000,81.000000,81.430000,80.830000,0.140000,0.600000,-1,0.000000,0.000000
80.600000,81.020000,81.080000,80.410000,0.420000,0.670000,1,0.000000,0.000000
80.850000,80.440000,80.870000,80.270000,-0.410000,0.600000,1,0.000000,0.000000
80.860000,80.970000,81.490000,80.750000,0.110000,0.740000,-1,0.000000,0.000000
80.120000,80.650000,80.840000,80.000000,0.530000,0.840000,-1,0.000000,0.000000
79.870000,80.060000,80.220000,79.760000,0.190000,0.460000,1,0.000000,0.000000
80.270000,80.770000,81.050000,80.270000,0.500000,0.780000,1,0.000000,0.000000
80.370000,80.580000,80.900000,80.200000,0.210000,0.700000,1,0.000000,0.000000
80.830000,80.240000,80.880000,79.896600,-0.590000,0.983400,-1,0.000000,0.000000
79.600000,79.650000,79.920000,78.270000,0.050000,1.650000,1,0.000000,0.000000
80.040000,79.830000,80.390000,79.600000,-0.210000,0.790000,1,0.000000,0.000000
80.170000,80.160000,80.540000,79.970000,-0.010000,0.570000,1,0.000000,0.000000
80.600000,79.900000,80.640000,79.800000,-0.700000,0.840000,-1,0.000000,0.000000
80.490000,80.340000,80.820000,80.299900,-0.150000,0.520100,-1,0.000000,0.000000
80.210000,80.440000,80.560000,80.050000,0.230000,0.510000,-1,0.000000,0.000000
80.160000,80.170000,80.170000,79.860000,0.010000,0.310000,-1,0.000000,0.000000
79.960000,80.020000,80.215000,79.830000,0.060000,0.385000,1,0.000000,0.000000
80.210000,80.250000,80.350000,79.780000,0.040000,0.570000,-1,0.000000,0.000000
78.970000,79.760000,79.780000,78.910000,0.790000,0.870000,-1,0.000000,0.000000
78.210000,79.210000,79.250000,78.200000,1.000000,1.050000,1,0.000000,0.000000
78.230000,78.620000,78.790000,78.120000,0.390000,0.670000,-1,0.000000,0.000000
78.040000,78.120000,78.250000,77.680000,0.080000,0.570000,-1,0.000000,0.000000
77.470000,78.040000,78.170000,77.310000,0.570000,0.860000,-1,0.000000,0.000000
76.260000,77.260000,77.280000,76.210000,1.000000,1.070000,1,0.000000,0.000000
76.640000,76.180000,77.110000,76.050000,-0.460000,1.060000,-1,0.000000,0.000000
76.380000,76.470000,76.620000,76.080000,0.090000,0.540000,1,0.000000,0.000000
76.740000,76.550000,77.335000,76.530000,-0.190000,0.805000,-1,0.000000,0.000000
76.610000,76.700000,77.010000,76.470000,0.090000,0.540000,-1,0.000000,0.000000
76.330000,76.500000,76.650000,76.200000,0.170000,0.450000,1,0.000000,0.000000
76.720000,76.560000,77.130000,76.430000,-0.160000,0.700000,-1,0.000000,0.000000
76.470000,76.900000,76.940000,76.260000,0.430000,0.680000,-1,0.000000,0.000000
76.450000,76.210000,76.490000,76.080000,-0.240000,0.410000,-1,0.000000,0.000000
76.100000,76.240000,76.450000,76.060000,0.140000,0.390000,1,0.000000,0.000000
76.330000,76.270000,76.490000,76.050000,-0.060000,0.440000,1,0.000000,0.000000
76.570000,76.370000,76.850000,76.320000,-0.200000,0.530000,1,0.000000,0.000000
77.180000,76.640000,77.360000,76.610000,-0.540000,0.750000,1,0.000000,0.000000
78.780000,77.890000,79.225000,77.580000,-0.890000,1.645000,1,0.000000,0.000000
79.030000,79.020000,79.329900,78.610000,-0.010000,0.719900,-1,0.000000,0.000000
78.820000,79.010000,79.040000,78.630000,0.190000,0.410000,1,0.000000,0.000000
79.250000,79.410000,79.420000,78.900000,0.160000,0.520000,1,0.000000,0.000000
79.500000,79.400000,79.690000,79.240000,-0.100000,0.450000,1,0.000000,0.000000
79.770000,79.500000,79.770000,79.380000,-0.270000,0.390000,1,0.000000,0.000000
80.090000,79.850000,80.230000,79.770000,-0.240000,0.460000,-1,0.000000,0.000000
80.070000,80.120000,80.210000,79.550000,0.050000,0.660000,1,0.000000,0.000000
80.090000,79.790000,80.140000,79.700000,-0.300000,0.440000,1,0.000000,0.000000
80.220000,80.060000,80.390000,79.985000,-0.160000,0.405000,1,0.000000,0.000000
80.550000,80.280000,80.660000,80.260000,-0.270000,0.400000,-1,0.000000,0.000000
79.890000,80.490000,80.530000,79.760000,0.600000,0.770000,1,0.000000,0.000000
79.920000,79.720000,80.300000,79.670000,-0.200000,0.630000,1,0.000000,0.000000
80.980000,80.030000,81.000000,79.980000,-0.950000,1.020000,-1,0.000000,0.000000
80.890000,80.710000,80.995000,80.560000,-0.180000,0.435000,1,0.000000,0.000000
81.430000,80.890000,81.450000,80.790000,-0.540000,0.660000,1,0.000000,0.000000
82.190000,81.630000,82.450000,81.560000,-0.560000,0.890000,-1,0.000000,0.000000
81.980000,81.940000,82.055000,81.575000,-0.040000,0.480000,-1,0.000000,0.000000
81.630000,81.300000,81.819000,81.245000,-0.330000,0.574000,1,0.000000,0.000000
81.760000,81.410000,81.970000,81.300000,-0.350000,0.670000,1,0.000000,0.000000
81.790000,81.800000,81.870000,81.450000,0.010000,0.420000,1,0.000000,0.000000
82.020000,81.720000,82.240000,81.590000,-0.300000,0.650000,-1,0.000000,0.000000
81.710000,81.770000,81.890000,81.355000,0.060000,0.535000,1,0.000000,0.000000
82.030000,81.840000,82.180000,81.760000,-0.190000,0.420000,1,0.000000,0.000000
82.260000,82.340000,82.735000,82.090000,0.080000,0.645000,1,0.000000,0.000000
82.600000,82.160000,82.740000,82.140000,-0.440000,0.600000,-1,0.000000,0.000000
82.430000,82.310000,82.500000,82.170000,-0.120000,0.330000,-1,0.000000,0.000000
82.410000,82.730000,83.080000,82.360000,0.320000,0.720000,1,0.000000,0.000000
82.810000,82.700000,82.950000,82.540000,-0.110000,0.410000,1,0.000000,0.000000
82.960000,82.630000,82.970000,82.540000,-0.330000,0.430000,-1,0.000000,0.000000
82.760000,82.960000,83.391000,82.540000,0.200000,0.851000,-1,0.000000,0.000000
82.740000,82.350000,83.050000,82.330000,-0.390000,0.720000,1,0.000000,0.000000
83.110000,82.850000,83.130000,82.620000,-0.260000,0.510000,1,0.000000,0.000000
83.240000,83.150000,83.760000,83.040100,-0.090000,0.719900,1,0.000000,0.000000
83.470000,83.550000,83.806500,83.310000,0.080000,0.496500,-1,0.000000,0.000000
83.195000,83.450000,83.730000,82.946500,0.255000,0.783500,1,0.000000,0.000000
83.470000,83.370000,83.650000,83.110000,-0.100000,0.540000,1,0.000000,0.000000
83.710000,83.000000,84.240000,82.010000,-0.710000,2.230000,-1,0.000000,0.000000
83.540000,83.710000,83.950000,83.410000,0.170000,0.540000,-1,0.000000,0.000000
83.350000,83.650000,83.680000,83.170000,0.300000,0.510000,1,0.000000,0.000000
83.870000,83.390000,83.940000,83.260000,-0.480000,0.680000,-1,0.000000,0.000000
83.530000,83.600000,83.705000,82.910000,0.070000,0.795000,-1,0.000000,0.000000
83.180000,83.420000,83.640000,83.160000,0.240000,0.480000,1,0.000000,0.000000
83.750000,83.300000,83.870000,83.060000,-0.450000,0.810000,-1,0.000000,0.000000
83.580000,83.740000,83.820000,83.030000,0.160000,0.790000,-1,0.000000,0.000000
83.470000,83.360000,83.500000,82.860000,-0.110000,0.640000,1,0.000000,0.000000
83.970000,83.300000,84.140000,83.080000,-0.670000,1.060000,-1,0.000000,0.000000
82.940000,83.010000,83.080000,82.420000,0.070000,0.660000,-1,0.000000,0.000000
82.890000,82.650000,83.090000,82.600000,-0.240000,0.490000,-1,0.000000,0.000000
82.240000,82.420000,82.750000,82.090000,0.180000,0.660000,-1,0.000000,0.000000
81.210000,81.750000,82.090000,81.150000,0.540000,0.940000,-1,0.000000,0.000000
80.560000,80.440000,80.850000,80.145000,-0.120000,0.705000,-1,0.000000,0.000000
80.240000,80.320000,80.660000,80.160000,0.080000,0.500000,1,0.000000,0.000000
80.550000,80.230000,80.640000,80.010000,-0.320000,0.630000,1,0.000000,0.000000
80.870000,80.690000,81.250000,80.640000,-0.180000,0.610000,1,0.000000,0.000000
81.100000,81.160000,81.405100,81.050000,0.060000,0.355100,1,0.000000,0.000000
81.420000,81.440000,81.700000,81.220000,0.020000,0.480000,-1,0.000000,0.000000
81.110000,81.320000,81.400000,81.020000,0.210000,0.380000,1,0.000000,0.000000
81.670000,81.410000,81.999000,81.310000,-0.260000,0.689000,1,0.000000,0.000000
82.270000,81.650000,82.310000,81.480000,-0.620000,0.830000,1,0.000000,0.000000
83.290000,82.450000,83.400000,82.410000,-0.840000,0.990000,1,0.000000,0.000000
83.460000,83.440000,84.130000,82.410000,-0.020000,1.720000,1,0.000000,0.000000
83.570000,83.210000,84.175000,83.000000,-0.360000,1.175000,-1,0.000000,0.000000
82.890000,83.500000,83.770000,82.710000,0.610000,1.060000,-1,0.000000,0.000000
82.280000,83.080000,83.200000,82.210000,0.800000,0.990000,1,0.000000,0.000000
82.550000,82.400000,82.620000,82.170000,-0.150000,0.450000,1,0.000000,0.000000
82.660000,82.750000,82.900000,82.260000,0.090000,0.640000,1,0.000000,0.000000
83.030000,82.950000,83.250000,82.740000,-0.080000,0.510000,-1,0.000000,0.000000
82.760000,83.090000,83.380000,82.700000,0.330000,0.680000,1,0.000000,0.000000
83.120000,82.610000,83.300000,82.480000,-0.510000,0.820000,-1,0.000000,0.000000
82.900000,83.040000,83.330000,82.890000,0.140000,0.440000,1,0.000000,0.000000
83.030000,83.100000,83.280000,82.870000,0.070000,0.410000,-1,0.000000,0.000000
82.940000,83.040000,83.674400,82.910000,0.100000,0.764400,-1,0.000000,0.000000
82.440000,82.990000,83.170000,82.330000,0.550000,0.840000,1,0.000000,0.000000
82.870000,82.630000,83.140000,82.520100,-0.240000,0.619900,1,0.000000,0.000000
83.850000,83.320000,84.270000,82.960000,-0.530000,1.310000,1,0.000000,0.000000
83.970000,83.815000,84.020000,83.600000,-0.155000,0.420000,1,0.000000,0.000000
83.980000,83.960000,84.360000,83.900000,-0.020000,0.460000,-1,0.000000,0.000000
83.900000,83.990000,84.100000,83.740000,0.090000,0.360000,1,0.000000,0.000000
84.020000,83.980000,84.050000,83.800000,-0.040000,0.250000,-1,0.000000,0.000000
83.640000,84.000000,84.200000,83.640000,0.360000,0.560000,1,0.000000,0.000000
85.030000,83.820000,85.195000,83.660000,-1.210000,1.535000,1,0.000000,0.000000
86.700000,85.160000,86.965000,84.820000,-1.540000,2.145000,1,0.000000,0.000000
86.820000,86.790000,87.220000,86.430000,-0.030000,0.790000,-1,0.000000,0.000000
86.750000,86.750000,86.880000,85.705000,0.000000,1.175000,1,0.000000,0.000000
87.140000,86.700000,87.150000,86.603400,-0.440000,0.546600,-1,0.000000,0.000000
86.770000,86.940000,87.150000,86.650000,0.170000,0.500000,-1,0.000000,0.000000
86.080000,87.000000,87.190000,85.980000,0.920000,1.210000,1,0.000000,0.000000
86.930000,86.360000,87.370000,85.930000,-0.570000,1.440000,1,0.000000,0.000000
87.520000,87.200000,87.990000,87.180000,-0.320000,0.810000,-1,0.000000,0.000000
86.970000,87.740000,87.760000,86.600000,0.770000,1.160000,1,0.000000,0.000000
88.000000,87.200000,88.210000,86.930000,-0.800000,1.280000,-1,0.000000,0.000000
87.430000,87.770000,88.190000,87.340000,0.340000,0.850000,-1,0.000000,0.000000
87.150000,87.570000,87.760000,86.610000,0.420000,1.150000,1,0.000000,0.000000
88.250000,87.170000,88.290000,87.050000,-1.080000,1.240000,1,0.000000,0.000000
88.300000,88.250000,88.460000,87.740000,-0.050000,0.720000,1,0.000000,0.000000
88.530000,88.490000,88.918000,88.010000,-0.040000,0.908000,-1,0.000000,0.000000
88.370000,88.550000,88.870000,88.200000,0.180000,0.670000,1,0.000000,0.000000
89.000000,88.640000,89.000000,88.470000,-0.360000,0.530000,-1,0.000000,0.000000
88.010000,88.590000,89.300000,87.950000,0.580000,1.350000,-1,0.000000,0.000000
86.780000,87.540000,88.380000,86.780000,0.760000,1.600000,1,0.000000,0.000000
87.300000,86.560000,87.470000,86.330000,-0.740000,1.140000,1,0.000000,0.000000
89.070000,87.500000,89.250000,87.350000,-1.570000,1.900000,-1,0.000000,0.000000
84.530000,85.130000,86.010000,82.997800,0.600000,3.012200,-1,0.000000,0.000000
79.720000,83.280000,83.990000,78.130000,3.560000,5.860000,-1,0.000000,0.000000
78.350000,78.510000,80.350000,76.900000,0.160000,3.450000,-1,0.000000,0.000000
76.940000,78.440000,79.410000,76.920000,1.500000,2.490000,-1,0.000000,0.000000
76.070000,77.440000,77.580000,76.030000,1.370000,1.550000,-1,0.000000,0.000000
75.780000,76.250000,76.480000,73.900000,0.470000,2.580000,1,0.000000,0.000000
76.420000,77.050000,77.621000,75.841000,0.630000,1.780000,-1,0.000000,0.000000
76.300000,76.100000,76.750000,75.730000,-0.200000,1.020000,1,0.000000,0.000000
76.460000,75.790000,76.660000,75.165000,-0.670000,1.495000,-1,0.000000,0.000000
76.210000,76.620000,76.700000,75.450000,0.410000,1.250000,1,0.000000,0.000000
76.540000,76.150000,77.120000,75.850000,-0.390000,1.270000,-1,0.000000,0.000000
75.750000,76.470000,77.470000,75.461000,0.720000,2.009000,-1,0.000000,0.000000
74.890000,75.820000,76.435000,74.870000,0.930000,1.565000,1,0.000000,0.000000
75.860000,75.300000,76.840000,75.185000,-0.560000,1.655000,1,0.000000,0.000000
77.530000,76.090000,77.620000,75.950000,-1.440000,1.670000,1,0.000000,0.000000
78.840000,77.740000,78.930000,77.560000,-1.100000,1.370000,-1,0.000000,0.000000
77.500000,79.000000,79.870000,77.500000,1.500000,2.370000,-1,0.000000,0.000000
75.740000,78.160000,78.250000,75.700000,2.420000,2.550000,-1,0.000000,0.000000
75.200000,75.530000,76.680800,74.855000,0.330000,1.825800,1,0.000000,0.000000
75.550000,74.890000,75.870000,74.480000,-0.660000,1.390000,1,0.000000,0.000000
76.270000,75.230000,76.560000,75.121000,-1.040000,1.439000,-1,0.000000,0.000000
76.180000,76.670000,76.980000,75.861000,0.490000,1.119000,-1,0.000000,0.000000
74.260000,75.000000,75.240000,73.560000,0.740000,1.680000,-1,0.000000,0.000000
74.120000,74.500000,74.770000,73.690000,0.380000,1.080000,1,0.000000,0.000000
74.560000,74.820000,75.060000,74.210000,0.260000,0.850000,1,0.000000,0.000000
75.240000,74.870000,75.580000,74.690000,-0.370000,0.890000,-1,0.000000,0.000000
74.530000,75.330000,75.820000,74.250000,0.800000,1.570000,-1,0.000000,0.000000
73.600000,74.640000,74.790000,73.530000,1.040000,1.260000,1,0.000000,0.000000
74.420000,74.350000,75.000000,74.100000,-0.070000,0.900000,1,0.000000,0.000000
75.120000,74.360000,75.120000,74.360000,-0.760000,0.760000,-1,0.000000,0.000000
74.150000,75.000000,75.010000,73.865000,0.850000,1.145000,-1,0.000000,0.000000
73.990000,74.220000,74.700000,73.950000,0.230000,0.750000,1,0.000000,0.000000
75.040000,74.230000,75.640000,73.980000,-0.810000,1.660000,-1,0.000000,0.000000
73.500000,74.420000,74.700000,73.390000,0.920000,1.310000,-1,0.000000,0.000000
72.890000,73.810000,74.210000,72.670000,0.920000,1.540000,1,0.000000,0.000000
74.000000,73.650000,74.150000,72.754800,-0.350000,1.395200,-1,0.000000,0.000000
73.700000,74.000000,74.894900,73.275000,0.300000,1.619900,-1,0.000000,0.000000
72.810000,73.740000,74.010000,72.780000,0.930000,1.230000,1,0.000000,0.000000
74.610000,73.330000,74.890000,73.260000,-1.280000,1.630000,-1,0.000000,0.000000
73.220000,74.270000,74.400000,72.155000,1.050000,2.245000,1,0.000000,0.000000
75.020000,73.450000,75.140000,73.100000,-1.570000,2.040000,-1,0.000000,0.000000
74.870000,74.050000,75.060000,73.440000,-0.820000,1.620000,1,0.000000,0.000000
76.020000,75.060000,76.320000,75.020000,-0.960000,1.300000,-1,0.000000,0.000000
74.870000,75.640000,76.120000,74.215000,0.770000,1.905000,-1,0.000000,0.000000
74.870000,75.220000,75.790000,74.800000,0.350000,0.990000,1,0.000000,0.000000
77.070000,76.080000,77.770000,76.060000,-0.990000,1.710000,1,0.000000,0.000000
77.430000,77.110000,78.040000,76.750000,-0.320000,1.290000,-1,0.000000,0.000000
77.220000,77.860000,78.135000,77.005000,0.640000,1.130000,1,0.000000,0.000000
77.840000,77.800000,78.190000,77.600000,-0.040000,0.590000,1,0.000000,0.000000
78.540000,78.120000,79.085000,77.710000,-0.420000,1.375000,-1,0.000000,0.000000
78.330000,78.540000,78.760000,78.040000,0.210000,0.720000,1,0.000000,0.000000
79.220000,79.040000,79.760000,78.940000,-0.180000,0.820000,1,0.000000,0.000000
79.420000,79.320000,79.820000,78.810000,-0.100000,1.010000,-1,0.000000,0.000000
79.000000,79.320000,79.400000,78.335000,0.320000,1.065000,1,0.000000,0.000000
79.570000,78.920000,79.600000,78.750000,-0.650000,0.850000,-1,0.000000,0.000000
78.350000,79.800000,79.930000,77.970000,1.450000,1.960000,1,0.000000,0.000000
79.500000,78.200000,79.620000,77.485000,-1.300000,2.135000,1,0.000000,0.000000
80.860000,79.600000,80.900000,79.530000,-1.260000,1.370000,-1,0.000000,0.000000
77.790000,76.950000,78.650000,76.480000,-0.840000,2.170000,-1,0.000000,0.000000
77.750000,77.910000,78.560000,77.740000,0.160000,0.820000,-1,0.000000,0.000000
76.950000,77.260000,77.260000,75.980000,0.310000,1.280000,-1,0.000000,0.000000
76.800000,76.450000,77.230000,76.300000,-0.350000,0.930000,-1,0.000000,0.000000
76.540000,76.390000,76.605000,75.403800,-0.150000,1.201200,1,0.000000,0.000000
76.900000,76.130000,77.220000,75.940000,-0.770000,1.280000,1,0.000000,0.000000
77.740000,77.740000,79.080000,77.400000,0.000000,1.680000,1,0.000000,0.000000
78.090000,77.800000,78.160000,76.370000,-0.290000,1.790000,1,0.000000,0.000000
79.930000,78.980000,80.240000,78.950000,-0.950000,1.290000,1,0.000000,0.000000
81.720000,80.640000,81.790000,80.500000,-1.080000,1.290000,-1,0.000000,0.000000
81.280000,81.180000,81.970000,80.910000,-0.100000,1.060000,1,0.000000,0.000000
81.830000,81.700000,82.323200,81.610000,-0.130000,0.713200,-1,0.000000,0.000000
81.790000,81.850000,82.030000,81.400000,0.060000,0.630000,1,0.000000,0.000000
82.020000,81.760000,82.045000,81.170000,-0.260000,0.875000,-1,0.000000,0.000000
81.880000,82.200000,82.280000,81.440000,0.320000,0.840000,-1,0.000000,0.000000
81.300000,81.550000,81.800000,81.260000,0.250000,0.540000,1,0.000000,0.000000
82.280000,81.730000,82.350000,81.520000,-0.550000,0.830000,-1,0.000000,0.000000
81.640000,82.440000,82.650000,81.350000,0.800000,1.300000,1,0.000000,0.000000
82.150000,80.950000,82.230000,80.570000,-1.200000,1.660000,-1,0.000000,0.000000
80.270000,81.350000,81.360000,79.950000,1.080000,1.410000,-1,0.000000,0.000000
78.710000,79.280000,79.330000,78.090000,0.570000,1.240000,-1,0.000000,0.000000
78.420000,78.150000,78.730000,77.530000,-0.270000,1.200000,1,0.000000,0.000000
81.500000,79.250000,81.660000,79.220000,-2.250000,2.440000,-1,0.000000,0.000000
81.240000,80.810000,81.550000,80.690000,-0.430000,0.860000,1,0.000000,0.000000
81.830000,81.870000,82.350000,81.550000,0.040000,0.800000,-1,0.000000,0.000000
80.970000,82.050000,82.530000,80.805000,1.080000,1.725000,-1,0.000000,0.000000
80.680000,80.590000,81.650000,80.410000,-0.090000,1.240000,1,0.000000,0.000000
82.060000,81.480000,82.090000,80.870000,-0.580000,1.220000,1,0.000000,0.000000
82.880000,82.730000,83.290000,82.560000,-0.150000,0.730000,1,0.000000,0.000000
83.600000,83.110000,83.660000,82.500000,-0.490000,1.160000,-1,0.000000,0.000000
83.100000,83.720000,83.790000,82.930000,0.620000,0.860000,-1,0.000000,0.000000
82.420000,83.110000,83.750000,82.320000,0.690000,1.430000,-1,0.000000,0.000000
81.510000,82.440000,82.600000,81.470000,0.930000,1.130000,1,0.000000,0.000000
81.890000,81.940000,82.299900,81.500000,0.050000,0.799900,-1,0.000000,0.000000
80.660000,81.720000,81.820000,80.510000,1.060000,1.310000,1,0.000000,0.000000
80.820000,80.400000,81.380000,80.300000,-0.420000,1.080000,-1,0.000000,0.000000
80.700000,79.890000,80.960100,79.710000,-0.810000,1.250100,-1,0.000000,0.000000
80.450000,80.850000,81.130000,80.270000,0.400000,0.860000,-1,0.000000,0.000000
79.690000,80.020000,80.380000,79.325000,0.330000,1.055000,1,0.000000,0.000000
81.380000,81.160000,81.940100,80.920000,-0.220000,1.020100,-1,0.000000,0.000000
79.740000,80.780000,81.240000,79.300000,1.040000,1.940000,1,0.000000,0.000000
80.640000,80.150000,81.014600,79.970000,-0.490000,1.044600,1,0.000000,0.000000
81.710000,81.060000,82.480000,81.060000,-0.650000,1.420000,1,0.000000,0.000000
81.970000,81.730000,82.070000,81.030000,-0.240000,1.040000,1,0.000000,0.000000
82.730000,82.450000,83.540000,82.290000,-0.280000,1.250000,-1,0.000000,0.000000
81.760000,81.890000,82.130000,81.320000,0.130000,0.810000,1,0.000000,0.000000
82.240000,82.580000,83.450000,82.080000,0.340000,1.370000,1,0.000000,0.000000
82.310000,82.590000,82.770000,82.050000,0.280000,0.720000,1,0.000000,0.000000
82.330000,81.960000,82.700000,81.660000,-0.370000,1.040000,1,0.000000,0.000000
82.900000,82.810000,83.125000,82.555000,-0.090000,0.570000,1,0.000000,0.000000
83.660000,83.700000,84.120000,83.510000,0.040000,0.610000,-1,0.000000,0.000000
82.590000,83.030000,83.530000,82.025000,0.440000,1.505000,1,0.000000,0.000000
82.690000,83.010000,83.240000,82.310000,0.320000,0.930000,1,0.000000,0.000000
83.310000,82.680000,83.750000,82.560000,-0.630000,1.190000,-1,0.000000,0.000000
82.490000,82.520000,82.790000,82.000000,0.030000,0.790000,-1,0.000000,0.000000
82.310000,82.260000,82.750000,82.040000,-0.050000,0.710000,-1,0.000000,0.000000
82.220000,81.800000,82.320000,81.490000,-0.420000,0.830000,-1,0.000000,0.000000
82.010000,82.200000,82.620000,81.720000,0.190000,0.900000,-1,0.000000,0.000000
81.400000,81.720000,81.933200,81.250000,0.320000,0.683200,-1,0.000000,0.000000
81.400000,81.950000,82.000000,81.180000,0.550000,0.820000,1,0.000000,0.000000
83.010000,81.520000,83.020000,81.480000,-1.490000,1.540000,1,0.000000,0.000000
83.590000,83.010000,83.740000,82.510000,-0.580000,1.230000,1,0.000000,0.000000
84.240000,83.830000,84.400000,83.370000,-0.410000,1.030000,-1,0.000000,0.000000
81.920000,80.970000,82.380000,80.805000,-0.950000,1.575000,-1,0.000000,0.000000
81.740000,82.130000,82.130000,80.711000,0.390000,1.419000,-1,0.000000,0.000000
81.510000,81.640000,82.150000,81.440000,0.130000,0.710000,-1,0.000000,0.000000
80.390000,80.890000,80.930000,80.225000,0.500000,0.705000,-1,0.000000,0.000000
79.910000,79.890000,80.255000,79.450000,-0.020000,0.805000,1,0.000000,0.000000
80.200000,79.970000,80.300000,79.630000,-0.230000,0.670000,-1,0.000000,0.000000
80.180000,80.250000,80.430000,79.740000,0.070000,0.690000,1,0.000000,0.000000
81.270000,80.910000,81.590000,80.310000,-0.360000,1.280000,-1,0.000000,0.000000
80.730000,81.020000,81.230000,80.350000,0.290000,0.880000,-1,0.000000,0.000000
80.320000,80.730000,80.905000,80.110000,0.410000,0.795000,-1,0.000000,0.000000
79.420000,79.510000,79.524000,78.855000,0.090000,0.669000,-1,0.000000,0.000000
78.560000,79.450000,79.750000,78.430000,0.890000,1.320000,-1,0.000000,0.000000
78.310000,78.990000,79.070000,78.080000,0.680000,0.990000,-1,0.000000,0.000000
76.940000,77.780000,77.900000,76.510000,0.840000,1.390000,1,0.000000,0.000000
78.000000,77.280000,78.100000,77.200000,-0.720000,0.900000,1,0.000000,0.000000
78.260000,78.340000,78.490000,77.800000,0.080000,0.690000,1,0.000000,0.000000
78.810000,78.260000,79.000000,78.170000,-0.550000,0.830000,1,0.000000,0.000000
78.830000,79.050000,79.580000,78.670000,0.220000,0.910000,1,0.000000,0.000000
79.960000,79.110000,80.050000,79.020000,-0.850000,1.030000,-1,0.000000,0.000000
79.080000,79.560000,79.630000,78.895000,0.480000,0.735000,1,0.000000,0.000000
79.620000,79.520000,80.050000,79.420000,-0.100000,0.630000,1,0.000000,0.000000
80.400000,79.910000,80.470000,79.859200,-0.490000,0.610800,-1,0.000000,0.000000
80.280000,80.580000,80.820000,80.200000,0.300000,0.620000,1,0.000000,0.000000
80.860000,80.440000,81.040000,80.095000,-0.420000,0.945000,-1,0.000000,0.000000
80.510000,80.450000,80.780000,80.120000,-0.060000,0.660000,-1,0.000000,0.000000
80.170000,80.240000,80.460000,79.770000,0.070000,0.690000,1,0.000000,0.000000
80.290000,80.410000,80.690000,79.810000,0.120000,0.880000,1,0.000000,0.000000
81.360000,79.900000,81.430000,79.600000,-1.460000,1.830000,-1,0.000000,0.000000
80.460000,81.110000,81.640000,80.340000,0.650000,1.300000,1,0.000000,0.000000
81.830000,80.150000,81.930000,79.820000,-1.680000,2.110000,-1,0.000000,0.000000
81.710000,82.235900,82.740000,81.655000,0.525900,1.085000,1,0.000000,0.000000
82.860000,81.960000,83.190000,81.630000,-0.900000,1.560000,1,0.000000,0.000000
83.130000,83.250000,83.780000,82.870000,0.120000,0.910000,-1,0.000000,0.000000
82.320000,83.150000,83.250000,82.010000,0.830000,1.240000,1,0.000000,0.000000
82.920000,82.420000,83.150000,82.270000,-0.500000,0.880000,1,0.000000,0.000000
83.410000,83.000000,83.610000,82.990000,-0.410000,0.620000,1,0.000000,0.000000
83.630000,83.900000,84.130000,83.450000,0.270000,0.680000,1,0.000000,0.000000
84.630000,83.640000,84.770000,83.640000,-0.990000,1.130000,1,0.000000,0.000000
84.820000,84.860000,85.340000,84.540000,0.040000,0.800000,1,0.000000,0.000000
85.170000,85.010000,85.430000,84.520000,-0.160000,0.910000,1,0.000000,0.000000
86.600000,85.790000,87.085000,85.720000,-0.810000,1.365000,-1,0.000000,0.000000
86.500000,87.031200,87.360000,86.370000,0.531200,0.990000,-1,0.000000,0.000000
85.780000,86.020000,86.500000,85.690000,0.240000,0.810000,-1,0.000000,0.000000
85.770000,86.085000,86.375000,85.590000,0.315000,0.785000,-1,0.000000,0.000000
85.020000,85.250000,85.929900,84.990000,0.230000,0.939900,1,0.000000,0.000000
85.810000,85.350000,86.030000,85.255000,-0.460000,0.775000,1,0.000000,0.000000
86.460000,85.800000,86.665000,85.622000,-0.660000,1.043000,-1,0.000000,0.000000
86.150000,86.510000,86.890000,85.975000,0.360000,0.915000,-1,0.000000,0.000000
85.580000,85.500000,86.075300,85.250000,-0.080000,0.825300,-1,0.000000,0.000000
85.340000,85.310000,85.700000,84.932400,-0.030000,0.767600,1,0.000000,0.000000
86.130000,84.790000,86.305000,84.650000,-1.340000,1.655000,1,0.000000,0.000000
86.510000,86.380000,86.880000,85.740000,-0.130000,1.140000,-1,0.000000,0.000000
84.520000,86.730000,86.820000,84.500000,2.210000,2.320000,-1,0.000000,0.000000
81.600000,83.940000,84.170000,81.170000,2.340000,3.000000,-1,0.000000,0.000000
81.380000,82.130000,82.240000,80.270000,0.750000,1.970000,-1,0.000000,0.000000
80.820000,81.380000,81.735000,80.820000,0.560000,0.915000,1,0.000000,0.000000
81.200000,80.510000,81.265000,80.010000,-0.690000,1.255000,1,0.000000,0.000000
81.500000,80.940000,81.520000,80.340000,-0.560000,1.180000,1,0.000000,0.000000
81.850000,81.200000,82.470000,81.200000,-0.650000,1.270000,1,0.000000,0.000000
81.970000,81.660000,82.463600,81.510000,-0.310000,0.953600,-1,0.000000,0.000000
81.150000,82.000000,82.180000,80.640000,0.850000,1.540000,-1,0.000000,0.000000
79.840000,80.060000,80.460000,78.715000,0.220000,1.745000,-1,0.000000,0.000000
77.620000,80.130000,80.260000,77.550000,2.510000,2.710000,1,0.000000,0.000000
78.310000,78.490000,79.050000,77.740000,0.180000,1.310000,-1,0.000000,0.000000
77.530000,77.870000,78.410000,76.960000,0.340000,1.450000,-1,0.000000,0.000000
77.050000,78.070000,78.430000,76.220000,1.020000,2.210000,1,0.000000,0.000000
78.780000,77.620000,79.030000,77.420000,-1.160000,1.610000,1,0.000000,0.000000
79.680000,79.340000,80.350100,78.900000,-0.340000,1.450100,1,0.000000,0.000000
80.670000,79.830000,80.750000,79.300000,-0.840000,1.450000,1,0.000000,0.000000
81.950000,81.760000,82.450000,80.230000,-0.190000,2.220000,-1,0.000000,0.000000
81.640000,82.500000,82.870000,81.440000,0.860000,1.430000,1,0.000000,0.000000
81.990000,81.740000,82.100000,81.350000,-0.250000,0.750000,1,0.000000,0.000000
83.030000,82.210000,83.140000,81.659900,-0.820000,1.480100,-1,0.000000,0.000000
81.710000,83.130000,83.745000,81.535000,1.420000,2.210000,-1,0.000000,0.000000
80.870000,80.260000,81.400000,79.695000,-0.610000,1.705000,-1,0.000000,0.000000
79.830000,81.660000,81.730000,79.730000,1.830000,2.000000,-1,0.000000,0.000000
78.000000,79.800000,79.850000,77.640000,1.800000,2.210000,-1,0.000000,0.000000
77.390000,78.860000,79.090000,76.750000,1.470000,2.340000,1,0.000000,0.000000
78.190000,76.670000,78.190000,75.910000,-1.520000,2.280000,1,0.000000,0.000000
78.960000,78.370000,79.190000,78.100000,-0.590000,1.090000,1,0.000000,0.000000
79.220000,78.460000,79.360000,78.430000,-0.760000,0.930000,-1,0.000000,0.000000
76.970000,78.420000,78.900000,76.370000,1.450000,2.530000,1,0.000000,0.000000
77.560000,77.430000,78.380000,77.260000,-0.130000,1.120000,-1,0.000000,0.000000
